date,geography,geography code,Economic activity status: Total: All usual residents aged 16 years and over,Economic activity status: Economically active (excluding full-time students),Economic activity status: Economically active (excluding full-time students):In employment,Economic activity status: Economically active (excluding full-time students):In employment:Employee,Economic activity status: Economically active (excluding full-time students): In employment: Employee: Part-time,Economic activity status: Economically active (excluding full-time students): In employment: Employee: Full-time,Economic activity status: Economically active (excluding full-time students):In employment:Self-employed with employees,Economic activity status: Economically active (excluding full-time students): In employment: Self-employed with employees: Part-time,Economic activity status: Economically active (excluding full-time students): In employment: Self-employed with employees: Full-time,Economic activity status: Economically active (excluding full-time students):In employment:Self-employed without employees,Economic activity status: Economically active (excluding full-time students): In employment: Self-employed without employees: Part-time,Economic activity status: Economically active (excluding full-time students): In employment: Self-employed without employees: Full-time,Economic activity status: Economically active (excluding full-time students): Unemployed,Economic activity status: Economically active and a full-time student,Economic activity status: Economically active and a full-time student:In employment,Economic activity status: Economically active and a full-time student:In employment:Employee,Economic activity status: Economically active and a full-time student: In employment: Employee: Part-time,Economic activity status: Economically active and a full-time student: In employment: Employee: Full-time,Economic activity status: Economically active and a full-time student:In employment:Self-employed with employees,Economic activity status: Economically active and a full-time student: In employment: Self-employed with employees: Part-time,Economic activity status: Economically active and a full-time student: In employment: Self-employed with employees: Full-time,Economic activity status: Economically active and a full-time student:In employment:Self-employed without employees,Economic activity status: Economically active and a full-time student: In employment: Self-employed without employees: Part-time,Economic activity status: Economically active and a full-time student: In employment: Self-employed without employees: Full-time,Economic activity status: Economically active and a full-time student: Unemployed,Economic activity status: Economically inactive,Economic activity status: Economically inactive: Retired,Economic activity status: Economically inactive: Student,Economic activity status: Economically inactive: Looking after home or family,Economic activity status: Economically inactive: Long-term sick or disabled,Economic activity status: Economically inactive: Other
2021,City of London 001,E02000001,8004,5555,5273,4205,440,3765,178,28,150,890,366,524,282,123,78,58,39,19,0,0,0,20,12,8,45,2326,993,720,192,124,297
2021,Barking and Dagenham 001,E02000002,5985,3391,3112,2423,737,1686,98,24,74,591,234,357,279,201,126,103,78,25,2,2,0,21,16,5,75,2393,821,498,482,339,253
2021,Barking and Dagenham 002,E02000003,8844,5349,4965,3785,1126,2659,222,61,161,958,353,605,384,319,269,212,140,72,7,4,3,50,21,29,50,3176,1182,629,711,255,399
2021,Barking and Dagenham 003,E02000004,5315,3246,3022,2447,601,1846,85,24,61,490,168,322,224,126,92,83,46,37,2,1,1,7,7,0,34,1943,933,309,291,193,217
2021,Barking and Dagenham 004,E02000005,7987,5043,4720,3781,1106,2675,169,51,118,770,303,467,323,209,143,122,84,38,6,1,5,15,9,6,66,2735,793,568,657,335,382
2021,Barking and Dagenham 006,E02000007,7469,4395,4067,3257,993,2264,146,39,107,664,265,399,328,269,206,175,118,57,7,6,1,24,17,7,63,2805,904,567,581,399,354
2021,Barking and Dagenham 007,E02000008,9850,5943,5454,4227,1288,2939,209,78,131,1018,392,626,489,321,245,207,150,57,6,3,3,32,20,12,76,3586,1058,720,793,533,482
2021,Barking and Dagenham 008,E02000009,9354,5616,5173,4033,1281,2752,192,47,145,948,371,577,443,323,259,217,158,59,6,2,4,36,26,10,64,3415,815,841,815,444,500
2021,Barking and Dagenham 009,E02000010,7075,4357,4031,3114,900,2214,119,32,87,798,256,542,326,258,198,173,116,57,3,0,3,22,15,7,60,2460,763,490,532,345,330
2021,Barking and Dagenham 010,E02000011,5418,3199,2968,2242,609,1633,120,19,101,606,212,394,231,172,133,108,83,25,5,1,4,20,11,9,39,2047,833,405,389,179,241
2021,Barking and Dagenham 011,E02000012,8847,5142,4802,3771,1087,2684,184,70,114,847,372,475,340,302,222,193,155,38,2,2,0,27,12,15,80,3403,1058,832,772,272,469
2021,Barking and Dagenham 012,E02000013,6963,4109,3806,2954,912,2042,137,30,107,715,285,430,303,243,196,154,91,63,8,3,5,34,16,18,47,2611,803,532,552,383,341
2021,Barking and Dagenham 013,E02000014,7433,4533,4169,3281,941,2340,130,24,106,758,252,506,364,284,213,176,120,56,4,1,3,33,14,19,71,2616,934,475,539,357,311
2021,Barking and Dagenham 014,E02000015,6029,3697,3368,2717,756,1961,92,24,68,559,190,369,329,213,145,110,84,26,6,4,2,29,20,9,68,2119,636,414,429,323,317
2021,Barking and Dagenham 015,E02000016,7581,4733,4259,3428,972,2456,145,46,99,686,266,420,474,388,290,260,156,104,3,2,1,27,16,11,98,2460,279,611,837,321,412
2021,Barking and Dagenham 016,E02000017,7140,4259,3941,2870,897,1973,183,61,122,888,366,522,318,270,209,176,111,65,7,3,4,26,15,11,61,2611,657,602,682,345,325
2021,Barking and Dagenham 017,E02000018,6998,4202,3829,2957,878,2079,154,24,130,718,268,450,373,228,160,144,98,46,0,0,0,16,9,7,68,2568,731,585,549,358,345
2021,Barking and Dagenham 018,E02000019,7024,4302,3954,3136,911,2225,118,33,85,700,283,417,348,259,200,165,114,51,3,0,3,32,16,16,59,2463,751,521,536,300,355
2021,Barking and Dagenham 019,E02000020,10264,6453,5961,4637,1315,3322,209,65,144,1115,431,684,492,397,296,244,161,83,11,6,5,41,26,15,101,3414,845,822,862,362,523
2021,Barking and Dagenham 020,E02000021,6368,3835,3533,2746,883,1863,153,45,108,634,242,392,302,215,173,171,131,40,1,0,1,1,0,1,42,2318,745,503,485,273,312
2021,Barking and Dagenham 021,E02000022,5420,3437,3152,2554,709,1845,100,30,70,498,189,309,285,290,205,176,133,43,5,4,1,24,21,3,85,1693,221,533,493,216,230
2021,Barking and Dagenham 022,E02000023,5606,3327,3038,2521,760,1761,78,23,55,439,174,265,289,252,185,159,100,59,5,4,1,21,16,5,67,2027,342,546,512,318,309
2021,Barnet 001,E02000024,8923,5511,5221,4015,962,3053,165,42,123,1041,534,507,290,135,102,80,54,26,1,1,0,21,12,9,33,3277,1952,478,401,185,261
2021,Barnet 002,E02000025,6987,4408,4117,3186,736,2450,145,34,111,786,376,410,291,107,79,68,49,19,1,1,0,10,9,1,28,2472,1183,421,327,244,297
2021,Barnet 003,E02000026,5216,3089,2931,2221,561,1660,126,32,94,584,298,286,158,61,45,39,32,7,0,0,0,6,5,1,16,2066,1084,336,307,149,190
2021,Barnet 004,E02000027,7728,4607,4322,3417,867,2550,118,34,84,787,356,431,285,150,104,89,73,16,2,0,2,13,6,7,46,2971,1357,528,413,400,273
2021,Barnet 005,E02000028,5305,3376,3202,2448,577,1871,117,21,96,637,325,312,174,96,66,65,46,19,1,1,0,0,0,0,30,1833,941,288,266,142,196
2021,Barnet 006,E02000029,7435,4824,4505,3452,1001,2451,156,36,120,897,453,444,319,161,115,90,69,21,3,1,2,22,7,15,46,2450,1070,446,436,196,302
2021,Barnet 007,E02000030,7719,4473,4304,3060,798,2262,306,60,246,938,467,471,169,92,73,66,48,18,1,1,0,6,5,1,19,3154,1623,502,490,235,304
2021,Barnet 008,E02000031,6807,4246,4023,3078,648,2430,183,49,134,762,374,388,223,93,65,52,41,11,3,0,3,10,7,3,28,2468,1379,353,361,150,225
2021,Barnet 009,E02000032,6423,3909,3713,2786,743,2043,198,45,153,729,344,385,196,98,79,65,56,9,2,2,0,12,8,4,19,2416,1362,431,314,119,190
2021,Barnet 010,E02000033,7146,4416,4167,3157,863,2294,147,39,108,863,405,458,249,157,125,106,84,22,3,2,1,16,8,8,32,2573,1197,397,459,256,264
2021,Barnet 011,E02000034,7280,4560,4310,3245,836,2409,179,38,141,886,468,418,250,172,130,108,77,31,2,1,1,20,16,4,42,2548,1268,425,392,234,229
2021,Barnet 012,E02000035,7087,4513,4236,3181,699,2482,188,46,142,867,471,396,277,129,87,65,48,17,4,3,1,18,17,1,42,2445,1198,386,378,178,305
2021,Barnet 013,E02000036,8649,5361,5093,3740,1078,2662,201,45,156,1152,530,622,268,194,162,137,97,40,1,1,0,24,11,13,32,3094,1420,548,487,297,342
2021,Barnet 014,E02000037,8209,5144,4865,3585,1120,2465,239,51,188,1041,476,565,279,167,117,85,56,29,4,3,1,28,22,6,50,2898,1396,568,462,195,277
2021,Barnet 015,E02000038,8642,5366,5094,3733,1009,2724,197,50,147,1164,557,607,272,181,146,121,92,29,3,1,2,22,20,2,35,3095,1383,565,468,339,340
2021,Barnet 016,E02000039,5656,3629,3464,2478,659,1819,210,53,157,776,382,394,165,90,67,60,44,16,0,0,0,7,4,3,23,1937,913,368,360,121,175
2021,Barnet 017,E02000040,7251,4461,4239,3237,732,2505,187,45,142,815,427,388,222,120,94,76,56,20,2,2,0,16,10,6,26,2670,1075,632,411,224,328
2021,Barnet 018,E02000041,7451,4586,4304,3062,992,2070,203,57,146,1039,431,608,282,212,175,143,116,27,0,0,0,32,21,11,37,2653,1162,494,470,209,318
2021,Barnet 019,E02000042,9405,5789,5418,4035,982,3053,201,47,154,1182,539,643,371,246,157,116,88,28,0,0,0,41,37,4,89,3370,1468,552,525,353,472
2021,Barnet 020,E02000043,5892,3716,3570,2704,578,2126,179,53,126,687,326,361,146,81,66,48,35,13,4,2,2,14,8,6,15,2095,1058,345,373,140,179
2021,Barnet 021,E02000044,6879,4380,4057,3070,924,2146,176,46,130,811,329,482,323,196,147,127,90,37,6,1,5,14,7,7,49,2303,757,481,474,304,287
2021,Barnet 022,E02000045,8284,5230,4834,3573,970,2603,197,51,146,1064,516,548,396,183,138,123,83,40,2,1,1,13,8,5,45,2871,1074,586,507,379,325
2021,Barnet 023,E02000046,5705,3948,3721,2792,599,2193,115,32,83,814,359,455,227,135,104,81,48,33,5,5,0,18,12,6,31,1622,752,278,257,121,214
2021,Barnet 024,E02000047,9576,5666,5216,3839,1143,2696,210,53,157,1167,464,703,450,280,225,185,136,49,4,1,3,36,25,11,55,3630,1143,828,775,418,466
2021,Barnet 025,E02000048,8087,4958,4683,3380,918,2462,215,40,175,1088,538,550,275,190,154,127,98,29,3,1,2,24,14,10,36,2939,1392,553,484,202,308
2021,Barnet 026,E02000049,8019,4914,4476,3528,1021,2507,137,51,86,811,369,442,438,249,175,135,85,50,6,4,2,34,25,9,74,2856,643,809,629,432,343
2021,Barnet 027,E02000050,8365,5185,4795,3685,879,2806,173,44,129,937,467,470,390,193,125,104,83,21,0,0,0,21,6,15,68,2987,1265,655,448,301,318
2021,Barnet 028,E02000051,7495,4616,4242,2899,714,2185,262,71,191,1081,577,504,374,127,100,84,54,30,1,0,1,15,12,3,27,2752,1326,467,485,160,314
2021,Barnet 029,E02000052,7965,5317,5008,3846,808,3038,130,30,100,1032,519,513,309,165,119,102,69,33,4,3,1,13,6,7,46,2483,1174,456,343,225,285
2021,Barnet 031,E02000054,6220,3804,3599,2535,666,1869,143,36,107,921,407,514,205,275,197,167,120,47,0,0,0,30,15,15,78,2141,732,441,395,267,306
2021,Barnet 032,E02000055,9497,5843,5403,3874,1100,2774,298,88,210,1231,561,670,440,512,378,302,220,82,12,5,7,64,31,33,134,3142,1031,895,547,251,418
2021,Barnet 033,E02000056,7202,4385,4209,2899,682,2217,298,65,233,1012,543,469,176,81,54,42,31,11,1,0,1,11,10,1,27,2736,1323,509,556,106,242
2021,Barnet 034,E02000057,5934,3596,3350,2337,751,1586,220,49,171,793,365,428,246,228,189,164,116,48,1,0,1,24,11,13,39,2110,670,552,422,191,275
2021,Barnet 035,E02000058,7960,4879,4656,3363,1002,2361,234,57,177,1059,559,500,223,133,102,89,73,16,4,3,1,9,9,0,31,2948,1350,580,523,204,291
2021,Barnet 036,E02000059,9623,6210,5799,4261,1082,3179,221,58,163,1317,511,806,411,303,253,217,151,66,4,4,0,32,15,17,50,3110,1065,591,639,368,447
2021,Barnet 037,E02000060,7995,4744,4520,3406,1533,1873,227,61,166,887,503,384,224,188,154,131,99,32,2,2,0,21,18,3,34,3063,1137,686,598,316,326
2021,Barnet 038,E02000061,6882,4316,4095,2944,654,2290,197,54,143,954,499,455,221,135,101,83,51,32,3,2,1,15,12,3,34,2431,919,550,435,221,306
2021,Barnet 039,E02000062,5463,3258,2974,2218,648,1570,107,36,71,649,322,327,284,189,139,114,76,38,6,2,4,19,10,9,50,2016,569,404,419,262,362
2021,Barnet 040,E02000063,6083,3570,3308,2317,676,1641,161,58,103,830,441,389,262,180,123,104,68,36,2,2,0,17,12,5,57,2333,794,457,451,240,391
2021,Barnet 041,E02000064,5335,3315,3091,2353,596,1757,109,29,80,629,326,303,224,150,101,73,57,16,0,0,0,28,20,8,49,1870,592,445,392,215,226
2021,Bexley 001,E02000065,5941,3676,3360,2707,740,1967,104,33,71,549,212,337,316,313,215,174,115,59,3,0,3,38,27,11,98,1952,519,515,356,255,307
2021,Bexley 002,E02000066,7250,4309,3933,3256,896,2360,104,32,72,573,247,326,376,258,204,180,131,49,2,0,2,22,15,7,54,2683,914,559,420,361,429
2021,Bexley 003,E02000067,7901,5113,4772,3959,873,3086,137,33,104,676,258,418,341,239,188,155,95,60,2,1,1,31,19,12,51,2549,1001,458,470,299,321
2021,Bexley 004,E02000068,6029,3757,3469,2929,699,2230,96,28,68,444,159,285,288,181,137,120,88,32,4,3,1,13,8,5,44,2091,726,371,451,285,258
2021,Bexley 005,E02000069,5673,3549,3367,2823,651,2172,75,23,52,469,194,275,182,121,92,81,61,20,3,0,3,8,3,5,29,2003,1118,257,277,159,192
2021,Bexley 006,E02000070,6553,3934,3761,3059,765,2294,121,21,100,581,231,350,173,139,106,96,67,29,0,0,0,10,8,2,33,2480,1581,280,281,188,150
2021,Bexley 007,E02000071,5985,3741,3515,2982,771,2211,74,19,55,459,185,274,226,127,89,83,68,15,0,0,0,6,6,0,38,2117,1121,302,314,155,225
2021,Bexley 008,E02000072,9491,6050,5594,4756,1164,3592,139,20,119,699,279,420,456,309,246,212,149,63,6,6,0,28,21,7,63,3132,937,611,658,490,436
2021,Bexley 009,E02000073,8703,5440,5209,4359,1071,3288,143,34,109,707,289,418,231,187,135,125,95,30,2,1,1,8,5,3,52,3076,2037,343,359,155,182
2021,Bexley 010,E02000074,6865,4229,3942,3368,859,2509,70,13,57,504,169,335,287,173,114,96,82,14,1,1,0,17,7,10,59,2463,1109,350,394,361,249
2021,Bexley 011,E02000075,6607,3844,3698,3076,737,2339,90,20,70,532,222,310,146,95,62,53,41,12,0,0,0,9,6,3,33,2668,1896,268,246,122,136
2021,Bexley 013,E02000077,6571,4063,3840,3217,774,2443,101,16,85,522,176,346,223,118,91,83,65,18,0,0,0,8,5,3,27,2390,1319,361,339,187,184
2021,Bexley 014,E02000078,6394,4037,3878,3308,751,2557,97,26,71,473,177,296,159,92,63,54,54,0,2,1,1,7,5,2,29,2265,1479,248,267,134,137
2021,Bexley 015,E02000079,7097,4438,4226,3508,816,2692,120,27,93,598,241,357,212,96,72,67,54,13,0,0,0,5,0,5,24,2563,1621,283,307,177,175
2021,Bexley 016,E02000080,8089,5095,4859,3994,970,3024,115,21,94,750,294,456,236,131,90,84,60,24,0,0,0,6,6,0,41,2863,1702,389,380,157,235
2021,Bexley 017,E02000081,6618,3922,3746,3122,782,2340,86,23,63,538,223,315,176,119,101,92,84,8,2,1,1,7,3,4,18,2577,1578,274,322,228,175
2021,Bexley 018,E02000082,7458,4917,4736,3899,935,2964,108,18,90,729,293,436,181,151,117,103,92,11,3,0,3,11,5,6,34,2390,1505,313,308,115,149
2021,Bexley 019,E02000083,8883,5778,5495,4666,1094,3572,134,38,96,695,262,433,283,201,137,109,87,22,2,2,0,26,11,15,64,2904,1406,433,450,347,268
2021,Bexley 020,E02000084,8932,5638,5409,4348,1046,3302,181,36,145,880,356,524,229,124,97,91,76,15,1,0,1,5,5,0,27,3170,1999,378,407,169,217
2021,Bexley 021,E02000085,6379,4113,3958,3244,806,2438,115,25,90,599,213,386,155,91,66,60,45,15,1,1,0,5,4,1,25,2175,1313,314,256,137,155
2021,Bexley 022,E02000086,5851,3668,3548,2904,725,2179,106,26,80,538,200,338,120,79,69,65,57,8,1,1,0,3,0,3,10,2104,1376,228,257,109,134
2021,Bexley 023,E02000087,6722,4070,3911,3180,712,2468,117,20,97,614,273,341,159,105,74,70,49,21,1,1,0,3,0,3,31,2547,1690,276,281,137,163
2021,Bexley 024,E02000088,6273,3948,3833,3205,752,2453,80,10,70,548,218,330,115,80,54,47,39,8,1,1,0,6,5,1,26,2245,1466,290,243,143,103
2021,Bexley 025,E02000089,6352,3798,3649,3028,721,2307,95,18,77,526,230,296,149,131,98,83,73,10,2,1,1,13,11,2,33,2423,1584,309,266,133,131
2021,Bexley 026,E02000090,8110,4814,4586,3839,768,3071,103,19,84,644,280,364,228,192,135,108,93,15,2,2,0,25,20,5,57,3104,1751,640,259,202,252
2021,Bexley 027,E02000091,8415,4874,4642,3864,878,2986,111,23,88,667,287,380,232,148,110,96,83,13,2,1,1,12,9,3,38,3393,2203,434,319,224,213
2021,Bexley 028,E02000092,5295,3064,2857,2349,648,1701,59,20,39,449,190,259,207,85,63,59,48,11,1,1,0,3,3,0,22,2146,1035,268,317,325,201
2021,Brent 001,E02000093,9785,6095,5738,3934,1003,2931,303,59,244,1501,529,972,357,314,245,186,130,56,5,3,2,54,29,25,69,3376,1495,632,586,243,420
2021,Brent 002,E02000094,8459,5227,4885,3559,882,2677,202,42,160,1124,419,705,342,284,213,164,118,46,5,0,5,44,23,21,71,2948,1082,670,531,277,388
2021,Brent 003,E02000095,8595,5225,4899,3330,892,2438,281,74,207,1288,379,909,326,275,213,156,103,53,6,1,5,51,27,24,62,3095,1349,551,616,208,371
2021,Brent 004,E02000096,6275,3737,3558,2536,631,1905,195,43,152,827,328,499,179,147,120,93,60,33,4,4,0,23,10,13,27,2391,1390,345,327,132,197
2021,Brent 005,E02000097,7762,4643,4351,2974,836,2138,217,36,181,1160,423,737,292,253,215,151,107,44,1,1,0,63,43,20,38,2866,1188,523,538,261,356
2021,Brent 006,E02000098,7156,3999,3734,2633,718,1915,190,59,131,911,378,533,265,199,149,116,82,34,1,1,0,32,16,16,50,2958,1129,593,552,334,350
2021,Brent 007,E02000099,7543,4718,4434,3098,837,2261,238,55,183,1098,365,733,284,315,277,182,111,71,17,0,17,78,20,58,38,2510,848,544,595,201,322
2021,Brent 008,E02000100,7182,4255,4012,3038,663,2375,221,54,167,753,321,432,243,325,199,165,136,29,2,2,0,32,23,9,126,2602,1252,667,368,100,215
2021,Brent 009,E02000101,7933,4473,4117,3057,911,2146,204,73,131,856,371,485,356,273,174,154,115,39,5,4,1,15,11,4,99,3187,1043,702,634,356,452
2021,Brent 010,E02000102,6225,3348,3089,2244,724,1520,139,53,86,706,330,376,259,196,135,114,94,20,1,0,1,20,10,10,61,2681,804,587,590,295,405
2021,Brent 011,E02000103,7852,4518,4097,3139,1008,2131,149,43,106,809,372,437,421,215,157,131,99,32,9,8,1,17,12,5,58,3119,991,652,721,339,416
2021,Brent 012,E02000104,6267,3677,3439,2507,654,1853,153,44,109,779,329,450,238,187,147,119,82,37,1,1,0,27,21,6,40,2403,937,415,430,354,267
2021,Brent 013,E02000105,7854,4707,4401,3435,932,2503,162,37,125,804,313,491,306,270,211,159,100,59,4,4,0,48,19,29,59,2877,926,737,640,235,339
2021,Brent 014,E02000106,8260,4745,4268,2971,1000,1971,156,41,115,1141,455,686,477,296,219,181,135,46,0,0,0,38,20,18,77,3219,1064,635,660,325,535
2021,Brent 015,E02000107,9061,5762,5369,4065,1055,3010,198,58,140,1106,511,595,393,204,154,132,88,44,0,0,0,22,16,6,50,3095,934,587,601,333,640
2021,Brent 016,E02000108,5857,3574,3346,2646,664,1982,117,26,91,583,218,365,228,218,167,147,106,41,3,0,3,17,8,9,51,2065,745,455,403,143,319
2021,Brent 018,E02000110,6769,4150,3815,2863,669,2194,118,36,82,834,377,457,335,193,157,112,76,36,0,0,0,45,38,7,36,2426,956,512,379,294,285
2021,Brent 019,E02000111,9035,5472,5107,4225,1113,3112,187,48,139,695,269,426,365,248,200,179,121,58,0,0,0,21,14,7,48,3315,988,667,874,324,462
2021,Brent 020,E02000112,9703,6297,5836,4859,1127,3732,175,56,119,802,313,489,461,310,250,208,147,61,0,0,0,42,30,12,60,3096,1087,613,677,221,498
2021,Brent 021,E02000113,7431,3768,3272,2632,901,1731,90,48,42,550,280,270,496,256,174,160,122,38,1,1,0,13,8,5,82,3407,882,868,651,486,520
2021,Brent 022,E02000114,7595,4975,4626,3508,846,2662,139,48,91,979,454,525,349,238,171,127,78,49,2,1,1,42,34,8,67,2382,734,499,425,315,409
2021,Brent 023,E02000115,7288,4672,4339,3420,686,2734,128,33,95,791,400,391,333,141,95,75,40,35,3,3,0,17,14,3,46,2475,841,573,371,290,400
2021,Brent 024,E02000116,6673,3947,3577,2741,856,1885,133,48,85,703,321,382,370,195,142,109,71,38,2,2,0,31,28,3,53,2531,613,583,543,346,446
2021,Brent 025,E02000117,9681,5449,4839,3842,1315,2527,104,35,69,893,449,444,610,259,180,159,112,47,3,3,0,18,12,6,79,3973,969,844,846,670,644
2021,Brent 026,E02000118,9246,5791,5429,4493,1037,3456,189,49,140,747,256,491,362,283,216,191,133,58,9,7,2,16,6,10,67,3172,1039,585,807,235,506
2021,Brent 027,E02000119,8172,4694,4233,3525,1066,2459,132,48,84,576,257,319,461,285,187,166,124,42,5,5,0,16,9,7,98,3193,698,757,674,514,550
2021,Brent 028,E02000120,7612,5253,4868,3842,758,3084,133,28,105,893,423,470,385,228,184,148,93,55,2,0,2,34,13,21,44,2131,705,420,368,298,340
2021,Brent 029,E02000121,9846,6083,5684,4733,1203,3530,190,53,137,761,277,484,399,282,209,194,146,48,0,0,0,15,7,8,73,3481,1006,740,955,239,541
2021,Brent 030,E02000122,6688,4312,4001,2868,634,2234,219,72,147,914,478,436,311,140,90,72,56,16,5,2,3,13,12,1,50,2236,825,477,402,231,301
2021,Brent 031,E02000123,10787,6611,5995,4549,1422,3127,209,89,120,1237,619,618,616,287,214,187,135,52,7,3,4,20,17,3,73,3889,1042,845,718,544,740
2021,Brent 032,E02000124,8113,5504,5177,3852,670,3182,202,44,158,1123,532,591,327,149,126,101,72,29,4,3,1,21,18,3,23,2460,934,558,390,274,304
2021,Brent 033,E02000125,8064,5472,5115,3775,751,3024,171,41,130,1169,547,622,357,135,109,82,60,22,7,5,2,20,16,4,26,2457,1052,483,335,283,304
2021,Brent 034,E02000126,6574,4049,3611,3005,789,2216,81,29,52,525,262,263,438,235,152,120,87,33,12,11,1,20,9,11,83,2290,644,561,428,325,332
2021,Bromley 001,E02000127,7223,4496,4176,3373,894,2479,114,36,78,689,268,421,320,114,86,77,59,18,1,1,0,8,8,0,28,2613,1084,391,463,379,296
2021,Bromley 002,E02000128,6104,3866,3683,2918,664,2254,120,29,91,645,276,369,183,78,61,57,47,10,0,0,0,4,4,0,17,2160,1274,275,272,163,176
2021,Bromley 004,E02000130,6822,4741,4476,3604,756,2848,89,22,67,783,376,407,265,99,83,74,59,15,0,0,0,9,8,1,16,1982,1053,293,257,184,195
2021,Bromley 005,E02000131,8633,6542,6138,5021,865,4156,121,39,82,996,482,514,404,130,100,85,58,27,0,0,0,15,10,5,30,1961,610,426,312,331,282
2021,Bromley 006,E02000132,8230,5757,5437,4528,761,3767,113,28,85,796,338,458,320,131,98,87,54,33,2,1,1,9,8,1,33,2342,1377,269,286,168,242
2021,Bromley 007,E02000133,8697,5293,5122,4026,798,3228,279,52,227,817,390,427,171,108,84,77,59,18,0,0,0,7,5,2,24,3296,2084,434,447,122,209
2021,Bromley 008,E02000134,9439,6343,5990,4773,942,3831,179,56,123,1038,465,573,353,190,152,118,89,29,1,1,0,33,24,9,38,2906,1425,450,431,311,289
2021,Bromley 009,E02000135,7976,5121,4730,3898,963,2935,95,30,65,737,334,403,391,159,139,118,85,33,0,0,0,21,15,6,20,2696,900,532,412,506,346
2021,Bromley 010,E02000136,4651,2591,2438,1885,455,1430,120,34,86,433,186,247,153,73,58,51,41,10,2,2,0,5,4,1,15,1987,1199,216,286,175,111
2021,Bromley 011,E02000137,6824,4345,4166,3306,601,2705,125,28,97,735,352,383,179,111,87,66,47,19,1,1,0,20,12,8,24,2368,1494,254,280,152,188
2021,Bromley 012,E02000138,7235,4499,4294,3429,580,2849,170,31,139,695,316,379,205,88,79,63,48,15,3,2,1,13,7,6,9,2648,1900,229,259,95,165
2021,Bromley 013,E02000139,6142,4272,4097,3343,639,2704,92,25,67,662,306,356,175,73,44,33,25,8,0,0,0,11,10,1,29,1797,901,285,248,202,161
2021,Bromley 014,E02000140,6590,4007,3737,3096,813,2283,93,31,62,548,203,345,270,117,79,71,57,14,0,0,0,8,5,3,38,2466,933,356,474,420,283
2021,Bromley 015,E02000141,5824,4089,3826,3109,696,2413,106,28,78,611,261,350,263,99,85,75,48,27,2,1,1,8,5,3,14,1636,793,265,212,188,178
2021,Bromley 016,E02000142,7007,4520,4332,3438,710,2728,155,36,119,739,299,440,188,108,82,68,53,15,0,0,0,14,8,6,26,2379,1410,341,318,133,177
2021,Bromley 018,E02000144,8106,5663,5403,4396,765,3631,149,35,114,858,377,481,260,125,99,78,50,28,2,0,2,19,8,11,26,2318,1302,301,386,116,213
2021,Bromley 019,E02000145,6676,4067,3827,3156,817,2339,108,28,80,563,227,336,240,142,111,102,70,32,0,0,0,9,8,1,31,2467,1051,313,457,372,274
2021,Bromley 020,E02000146,7730,5286,5064,4105,829,3276,127,23,104,832,361,471,222,123,89,83,64,19,0,0,0,6,6,0,34,2321,1350,305,286,206,174
2021,Bromley 021,E02000147,6563,3832,3704,2940,726,2214,197,45,152,567,272,295,128,90,65,57,46,11,1,1,0,7,6,1,25,2641,1706,358,358,76,143
2021,Bromley 022,E02000148,5408,3217,3086,2437,548,1889,128,29,99,521,250,271,131,60,47,42,37,5,1,0,1,4,3,1,13,2131,1412,246,243,100,130
2021,Bromley 023,E02000149,6498,4119,3900,3238,779,2459,93,32,61,569,231,338,219,107,82,75,58,17,0,0,0,7,6,1,25,2272,1175,273,369,257,198
2021,Bromley 024,E02000150,6742,4308,4094,3303,797,2506,136,36,100,655,294,361,214,108,75,67,54,13,1,1,0,7,5,2,33,2326,1417,323,262,153,171
2021,Bromley 025,E02000151,6005,3569,3469,2833,576,2257,105,19,86,531,251,280,100,64,40,35,31,4,0,0,0,5,5,0,24,2372,1706,210,283,74,99
2021,Bromley 026,E02000152,6131,3881,3672,2988,752,2236,99,24,75,585,243,342,209,104,71,63,53,10,1,1,0,7,6,1,33,2146,1006,329,345,267,199
2021,Bromley 027,E02000153,6376,4009,3865,3113,796,2317,108,21,87,644,307,337,144,112,78,71,54,17,1,1,0,6,6,0,34,2255,1511,305,236,86,117
2021,Bromley 028,E02000154,6979,4342,4150,3426,718,2708,108,32,76,616,307,309,192,104,78,65,56,9,3,2,1,10,7,3,26,2533,1580,277,339,166,171
2021,Bromley 029,E02000155,5971,3379,3231,2699,643,2056,77,16,61,455,196,259,148,72,51,44,29,15,0,0,0,7,5,2,21,2520,1664,231,267,197,161
2021,Bromley 030,E02000156,10073,5900,5692,4573,1158,3415,182,34,148,937,432,505,208,123,92,80,74,6,2,1,1,10,8,2,31,4050,2795,446,391,201,217
2021,Bromley 031,E02000157,6747,3979,3827,3116,721,2395,91,19,72,620,274,346,152,131,92,80,70,10,1,1,0,11,9,2,39,2637,1905,308,282,59,83
2021,Bromley 032,E02000158,6128,3505,3303,2670,702,1968,94,25,69,539,248,291,202,100,69,66,58,8,1,1,0,2,2,0,31,2523,1521,316,330,210,146
2021,Bromley 033,E02000159,5906,3436,3296,2501,677,1824,184,50,134,611,266,345,140,79,56,49,45,4,1,1,0,6,4,2,23,2391,1550,275,318,97,151
2021,Bromley 034,E02000160,6536,3914,3735,2955,781,2174,126,20,106,654,305,349,179,104,72,66,56,10,1,1,0,5,5,0,32,2518,1685,299,274,125,135
2021,Bromley 035,E02000161,6917,4239,4080,3413,769,2644,87,18,69,580,259,321,159,93,66,64,57,7,0,0,0,2,1,1,27,2585,1735,298,301,118,133
2021,Bromley 036,E02000162,5789,3252,3088,2490,661,1829,100,21,79,498,228,270,164,88,63,60,46,14,0,0,0,3,2,1,25,2449,1646,249,237,195,122
2021,Bromley 037,E02000163,6301,3743,3619,2912,705,2207,115,29,86,592,292,300,124,94,73,68,60,8,0,0,0,5,3,2,21,2464,1685,266,273,117,123
2021,Bromley 039,E02000165,5782,3798,3668,2928,760,2168,91,22,69,649,259,390,130,81,54,51,47,4,0,0,0,3,2,1,27,1903,1226,251,196,105,125
2021,Camden 001,E02000166,6528,3856,3589,2521,567,1954,138,29,109,930,480,450,267,116,81,62,45,17,1,1,0,18,15,3,35,2556,1095,452,366,370,273
2021,Camden 002,E02000167,6002,3915,3765,2513,321,2192,253,52,201,999,479,520,150,77,62,51,41,10,0,0,0,11,8,3,15,2010,998,384,331,101,196
2021,Camden 003,E02000168,6620,4489,4248,3121,534,2587,156,22,134,971,460,511,241,119,88,77,57,20,0,0,0,11,10,1,31,2012,765,465,261,302,219
2021,Camden 004,E02000169,5757,3652,3503,2466,356,2110,236,52,184,801,440,361,149,90,70,54,35,19,0,0,0,16,12,4,20,2015,838,414,442,104,217
2021,Camden 005,E02000170,6576,4549,4340,3336,484,2852,166,33,133,838,434,404,209,136,106,80,65,15,0,0,0,26,18,8,30,1891,725,438,297,211,220
2021,Camden 006,E02000171,6213,4105,3878,2862,506,2356,146,30,116,870,418,452,227,113,85,56,32,24,1,1,0,28,24,4,28,1995,799,447,304,232,213
2021,Camden 007,E02000172,8167,4553,4145,3302,783,2519,122,27,95,721,355,366,408,248,169,146,121,25,1,1,0,22,18,4,79,3366,849,936,509,632,440
2021,Camden 008,E02000173,6179,4234,4045,3098,338,2760,176,38,138,771,396,375,189,119,79,63,42,21,0,0,0,16,12,4,40,1826,698,439,326,144,219
2021,Camden 009,E02000174,6759,4215,3935,3057,601,2456,105,29,76,773,354,419,280,203,137,115,82,33,2,1,1,20,17,3,66,2341,667,670,339,398,267
2021,Camden 010,E02000175,7882,5448,5166,4199,541,3658,140,29,111,827,392,435,282,246,163,125,89,36,2,0,2,36,30,6,83,2188,627,657,318,311,275
2021,Camden 011,E02000176,4969,3527,3400,2556,280,2276,118,21,97,726,372,354,127,84,64,49,35,14,4,4,0,11,9,2,20,1358,605,242,227,126,158
2021,Camden 012,E02000177,7099,4211,3880,3093,637,2456,109,26,83,678,330,348,331,230,164,132,111,21,0,0,0,32,21,11,66,2658,844,681,444,367,322
2021,Camden 013,E02000178,7610,5015,4682,3860,671,3189,118,34,84,704,328,376,333,193,143,114,78,36,1,1,0,28,27,1,50,2402,676,531,380,424,391
2021,Camden 014,E02000179,4721,2950,2778,2072,383,1689,100,31,69,606,318,288,172,112,77,67,51,16,1,1,0,9,8,1,35,1659,601,442,285,177,154
2021,Camden 015,E02000180,6741,4184,3856,2942,543,2399,107,29,78,807,365,442,328,277,202,165,126,39,2,0,2,35,30,5,75,2280,581,741,294,339,325
2021,Camden 016,E02000181,6841,4973,4745,3845,405,3440,135,27,108,765,387,378,228,131,95,74,47,27,6,3,3,15,15,0,36,1737,616,431,294,174,222
2021,Camden 017,E02000182,5786,3482,3286,2571,396,2175,133,31,102,582,274,308,196,157,107,77,54,23,2,2,0,28,20,8,50,2147,656,522,527,182,260
2021,Camden 018,E02000183,6445,3933,3721,2742,434,2308,139,22,117,840,401,439,212,164,125,101,81,20,0,0,0,24,22,2,39,2348,919,559,336,283,251
2021,Camden 019,E02000184,7749,4042,3652,2962,601,2361,107,39,68,583,288,295,390,424,295,237,180,57,3,2,1,55,52,3,129,3283,561,1540,394,444,344
2021,Camden 020,E02000185,7264,4146,3760,2938,768,2170,112,41,71,710,365,345,386,201,143,120,80,40,0,0,0,23,19,4,58,2917,852,676,534,449,406
2021,Camden 021,E02000186,5432,3174,2957,2239,364,1875,127,34,93,591,278,313,217,249,149,123,93,30,0,0,0,26,23,3,100,2009,467,812,266,219,245
2021,Camden 022,E02000187,7986,3749,3341,2741,765,1976,118,49,69,482,246,236,408,414,264,221,173,48,8,8,0,35,27,8,150,3823,668,1622,607,532,394
2021,Camden 023,E02000188,5928,2807,2488,2061,570,1491,76,34,42,351,186,165,319,295,198,167,142,25,5,5,0,26,24,2,97,2826,506,1207,441,327,345
2021,Camden 026,E02000191,5025,2044,1936,1542,222,1320,70,15,55,324,146,178,108,361,208,145,122,23,8,4,4,55,49,6,153,2620,360,1858,134,146,122
2021,Camden 027,E02000192,5740,3273,2994,2341,536,1805,88,17,71,565,286,279,279,198,152,118,95,23,1,0,1,33,27,6,46,2269,609,706,344,338,272
2021,Camden 028,E02000193,5502,2840,2645,2039,343,1696,106,23,83,500,225,275,195,275,179,144,116,28,4,4,0,31,31,0,96,2387,570,1137,207,253,220
2021,Croydon 001,E02000194,7484,5208,4891,3873,814,3059,123,44,79,895,403,492,317,148,113,96,72,24,4,3,1,13,8,5,35,2128,957,352,300,259,260
2021,Croydon 002,E02000195,7739,4772,4462,3338,821,2517,223,52,171,901,456,445,310,178,123,110,88,22,0,0,0,13,11,2,55,2789,1432,460,419,190,288
2021,Croydon 003,E02000196,6478,3916,3631,2731,725,2006,129,27,102,771,336,435,285,150,121,106,80,26,6,4,2,9,5,4,29,2412,1064,387,408,247,306
2021,Croydon 004,E02000197,7318,4647,4320,3270,849,2421,160,45,115,890,385,505,327,190,140,116,92,24,0,0,0,24,21,3,50,2481,1064,482,416,222,297
2021,Croydon 005,E02000198,7014,4557,4138,3278,932,2346,125,31,94,735,325,410,419,181,130,116,91,25,0,0,0,14,11,3,51,2276,683,506,376,327,384
2021,Croydon 006,E02000199,6748,4429,4102,3255,832,2423,102,23,79,745,325,420,327,194,148,136,99,37,5,5,0,7,7,0,46,2125,877,447,311,198,292
2021,Croydon 007,E02000200,7350,4934,4608,3749,851,2898,105,20,85,754,353,401,326,169,128,113,90,23,1,0,1,14,9,5,41,2247,950,430,322,257,288
2021,Croydon 008,E02000201,6783,4479,4083,3274,867,2407,103,33,70,706,327,379,396,152,109,96,76,20,4,3,1,9,6,3,43,2152,766,390,375,328,293
2021,Croydon 009,E02000202,7146,4309,3970,3099,884,2215,123,43,80,748,312,436,339,195,150,142,112,30,1,1,0,7,7,0,45,2642,1034,569,427,262,350
2021,Croydon 010,E02000203,6297,3867,3574,2840,746,2094,101,28,73,633,309,324,293,183,147,127,91,36,1,0,1,19,14,5,36,2247,764,426,344,309,404
2021,Croydon 011,E02000204,7611,4552,4156,3297,968,2329,153,50,103,706,303,403,396,232,184,171,141,30,3,2,1,10,7,3,48,2827,1082,526,536,260,423
2021,Croydon 013,E02000206,8346,5433,4929,4018,1070,2948,121,29,92,790,325,465,504,224,179,161,105,56,2,0,2,16,15,1,45,2689,908,554,487,331,409
2021,Croydon 014,E02000207,7211,4620,4234,3471,857,2614,98,34,64,665,288,377,386,207,127,118,71,47,0,0,0,9,6,3,80,2384,769,544,325,383,363
2021,Croydon 015,E02000208,8127,4908,4495,3627,1093,2534,153,46,107,715,342,373,413,283,219,197,153,44,4,4,0,18,12,6,64,2936,656,586,606,505,583
2021,Croydon 016,E02000209,6996,4296,4029,3310,1004,2306,116,43,73,603,304,299,267,254,202,192,149,43,1,0,1,9,6,3,52,2446,713,663,504,227,339
2021,Croydon 017,E02000210,6945,4699,4443,3627,770,2857,104,23,81,712,280,432,256,196,140,125,91,34,0,0,0,15,10,5,56,2050,850,399,336,201,264
2021,Croydon 018,E02000211,6825,4201,4002,3226,789,2437,134,35,99,642,281,361,199,101,76,65,50,15,1,1,0,10,9,1,25,2523,1634,332,240,123,194
2021,Croydon 019,E02000212,7205,4395,4019,3370,1017,2353,113,34,79,536,257,279,376,283,206,178,139,39,0,0,0,28,23,5,77,2527,653,569,551,318,436
2021,Croydon 020,E02000213,9888,6337,5750,4780,1163,3617,132,53,79,838,369,469,587,341,247,220,148,72,5,2,3,22,17,5,94,3210,771,568,746,482,643
2021,Croydon 021,E02000214,5088,3195,3027,2452,554,1898,78,25,53,497,235,262,168,102,70,62,50,12,1,0,1,7,6,1,32,1791,1073,261,245,94,118
2021,Croydon 022,E02000215,9622,6428,6030,4767,991,3776,183,52,131,1080,467,613,398,288,232,175,119,56,17,15,2,40,20,20,56,2906,1150,467,504,381,404
2021,Croydon 023,E02000216,5751,3595,3385,2745,507,2238,123,28,95,517,212,305,210,117,84,66,50,16,1,0,1,17,16,1,33,2039,1131,284,334,146,144
2021,Croydon 024,E02000217,9309,6450,6031,4916,1219,3697,154,43,111,961,428,533,419,238,169,159,116,43,1,0,1,9,4,5,69,2621,779,532,540,364,406
2021,Croydon 025,E02000218,5128,2944,2705,2239,656,1583,84,26,58,382,168,214,239,128,91,88,66,22,3,2,1,0,0,0,37,2056,947,420,312,177,200
2021,Croydon 026,E02000219,6508,3713,3564,2816,742,2074,150,31,119,598,255,343,149,109,83,78,58,20,1,0,1,4,3,1,26,2686,1925,279,224,107,151
2021,Croydon 028,E02000221,8359,5235,4812,3988,1054,2934,149,49,100,675,286,389,423,244,177,149,123,26,5,1,4,23,22,1,67,2880,1044,603,500,401,332
2021,Croydon 029,E02000222,6725,4649,4410,3619,686,2933,120,31,89,671,284,387,239,116,82,67,46,21,2,0,2,13,5,8,34,1960,973,325,275,194,193
2021,Croydon 030,E02000223,6014,3395,3068,2610,873,1737,65,24,41,393,179,214,327,220,135,118,99,19,2,2,0,15,7,8,85,2399,657,610,487,394,251
2021,Croydon 031,E02000224,6402,4484,4249,3467,742,2725,115,35,80,667,277,390,235,141,104,93,69,24,0,0,0,11,9,2,37,1777,823,329,257,146,222
2021,Croydon 032,E02000225,5829,3496,3259,2749,794,1955,74,14,60,436,173,263,237,165,124,114,86,28,0,0,0,10,6,4,41,2168,931,349,382,298,208
2021,Croydon 033,E02000226,6284,3658,3502,2791,679,2112,107,31,76,604,251,353,156,80,49,41,35,6,1,0,1,7,7,0,31,2546,1661,380,258,117,130
2021,Croydon 034,E02000227,9380,5924,5616,4710,1235,3475,104,27,77,802,346,456,308,128,103,93,73,20,0,0,0,10,8,2,25,3328,1959,426,398,281,264
2021,Croydon 035,E02000228,6394,3733,3600,2848,693,2155,148,33,115,604,310,294,133,72,54,50,39,11,1,0,1,3,3,0,18,2589,1834,278,261,105,111
2021,Croydon 036,E02000229,4726,2652,2459,2039,628,1411,67,21,46,353,145,208,193,104,81,73,57,16,4,4,0,4,4,0,23,1970,751,323,334,335,227
2021,Croydon 037,E02000230,8573,5244,4976,4034,843,3191,149,43,106,793,364,429,268,141,104,96,69,27,1,0,1,7,6,1,37,3188,1740,401,390,350,307
2021,Croydon 038,E02000231,6541,3942,3785,2863,687,2176,244,70,174,678,293,385,157,93,69,60,48,12,0,0,0,9,7,2,24,2506,1429,357,349,168,203
2021,Croydon 039,E02000232,5074,2980,2853,2284,627,1657,102,26,76,467,208,259,127,70,50,49,39,10,0,0,0,1,1,0,20,2024,1342,232,192,136,122
2021,Croydon 040,E02000233,4998,3235,3102,2502,524,1978,87,21,66,513,244,269,133,99,74,65,50,15,3,1,2,6,3,3,25,1664,912,230,201,173,148
2021,Croydon 041,E02000234,7422,4727,4486,3649,802,2847,119,31,88,718,323,395,241,122,80,73,53,20,1,0,1,6,0,6,42,2573,1388,374,358,269,184
2021,Croydon 042,E02000235,5608,3530,3394,2688,601,2087,106,29,77,600,257,343,136,74,58,58,46,12,0,0,0,0,0,0,16,2004,1297,231,226,123,127
2021,Croydon 043,E02000236,7068,4775,4587,3821,816,3005,117,28,89,649,284,365,188,104,76,64,47,17,2,1,1,10,5,5,28,2189,1314,315,256,146,158
2021,Croydon 044,E02000237,6120,3617,3461,2802,718,2084,83,17,66,576,284,292,156,82,49,43,40,3,0,0,0,6,5,1,33,2421,1702,229,223,121,146
2021,Ealing 001,E02000238,8612,5684,5333,4140,1113,3027,168,50,118,1025,392,633,351,224,176,155,113,42,1,1,0,20,12,8,48,2704,970,612,533,199,390
2021,Ealing 002,E02000239,7457,4693,4441,3344,831,2513,181,44,137,916,352,564,252,183,145,120,82,38,0,0,0,25,14,11,38,2581,1225,510,456,151,239
2021,Ealing 003,E02000240,8734,5157,4773,3760,1067,2693,131,36,95,882,367,515,384,232,153,128,92,36,5,5,0,20,9,11,79,3345,1184,694,691,354,422
2021,Ealing 004,E02000241,5908,3726,3456,2695,693,2002,110,33,77,651,275,376,270,167,122,103,75,28,3,0,3,16,7,9,45,2015,809,428,398,146,234
2021,Ealing 005,E02000242,5642,3441,3203,2412,620,1792,122,36,86,669,281,388,238,133,83,72,60,12,4,3,1,7,3,4,50,2068,829,425,420,158,236
2021,Ealing 006,E02000243,7115,4325,4040,2950,786,2164,164,50,114,926,390,536,285,164,117,99,74,25,1,0,1,17,11,6,47,2626,1068,504,454,294,306
2021,Ealing 007,E02000244,6389,3962,3675,2613,661,1952,129,39,90,933,398,535,287,134,99,86,67,19,1,1,0,12,12,0,35,2293,887,436,500,174,296
2021,Ealing 008,E02000245,6940,4067,3770,3060,885,2175,122,33,89,588,275,313,297,216,153,137,92,45,5,1,4,11,7,4,63,2657,679,502,643,393,440
2021,Ealing 009,E02000246,7196,4272,3921,3092,880,2212,148,57,91,681,322,359,351,210,150,135,115,20,1,1,0,14,9,5,60,2714,848,589,644,294,339
2021,Ealing 010,E02000247,8643,5078,4652,3650,1014,2636,177,45,132,825,331,494,426,222,165,145,107,38,5,1,4,15,7,8,57,3343,1075,630,697,468,473
2021,Ealing 011,E02000248,6140,3846,3592,2666,681,1985,160,38,122,766,388,378,254,151,123,94,46,48,5,0,5,24,12,12,28,2143,832,413,481,154,263
2021,Ealing 012,E02000249,6680,4005,3726,2805,782,2023,149,34,115,772,356,416,279,185,137,116,91,25,2,1,1,19,11,8,48,2490,964,457,468,253,348
2021,Ealing 013,E02000250,5208,3263,3115,2372,471,1901,114,26,88,629,333,296,148,63,50,39,33,6,3,1,2,8,6,2,13,1882,1081,312,246,81,162
2021,Ealing 014,E02000251,6649,3996,3730,2893,798,2095,150,43,107,687,273,414,266,171,123,117,99,18,0,0,0,6,6,0,48,2482,991,441,544,199,307
2021,Ealing 015,E02000252,10467,5467,5034,4031,875,3156,122,49,73,881,414,467,433,696,380,312,229,83,9,4,5,59,47,12,316,4304,874,2144,557,324,405
2021,Ealing 016,E02000253,8048,4512,4117,3144,915,2229,135,53,82,838,434,404,395,178,130,113,87,26,3,2,1,14,10,4,48,3358,1189,716,638,402,413
2021,Ealing 017,E02000254,7488,4203,3869,3228,930,2298,122,42,80,519,234,285,334,168,130,126,94,32,1,1,0,3,2,1,38,3117,1039,589,754,332,403
2021,Ealing 018,E02000255,7879,4817,4463,3499,791,2708,160,46,114,804,388,416,354,193,124,112,95,17,7,4,3,5,5,0,69,2869,1184,567,500,329,289
2021,Ealing 019,E02000256,7782,5364,5082,3984,659,3325,170,24,146,928,471,457,282,162,117,91,58,33,2,2,0,24,20,4,45,2256,1008,413,422,168,245
2021,Ealing 021,E02000258,5482,3539,3294,2546,566,1980,117,31,86,631,317,314,245,139,93,82,62,20,1,1,0,10,7,3,46,1804,618,345,424,183,234
2021,Ealing 022,E02000259,5156,3440,3243,2428,553,1875,103,38,65,712,313,399,197,88,65,61,47,14,0,0,0,4,4,0,23,1628,767,321,254,127,159
2021,Ealing 023,E02000260,7832,4052,3645,3090,928,2162,129,42,87,426,193,233,407,242,165,155,124,31,0,0,0,10,9,1,77,3538,1086,584,925,427,516
2021,Ealing 024,E02000261,10375,6858,6300,4989,1122,3867,177,58,119,1134,476,658,558,285,211,163,110,53,6,5,1,42,37,5,74,3232,1021,815,661,290,445
2021,Ealing 025,E02000262,7591,5046,4709,3605,779,2826,142,43,99,962,445,517,337,229,174,148,111,37,3,1,2,23,19,4,55,2316,765,485,439,318,309
2021,Ealing 026,E02000263,10844,5891,5311,4603,1316,3287,169,63,106,539,239,300,580,303,211,203,170,33,0,0,0,8,5,3,92,4650,1241,914,1364,415,716
2021,Ealing 027,E02000264,7291,4777,4457,3429,603,2826,151,35,116,877,432,445,320,234,204,150,113,37,1,0,1,53,47,6,30,2280,978,459,370,213,260
2021,Ealing 028,E02000265,9081,5888,5406,4309,926,3383,141,57,84,956,481,475,482,193,125,104,81,23,8,6,2,13,10,3,68,3000,1116,527,471,401,485
2021,Ealing 029,E02000266,10326,5800,5261,4344,1172,3172,170,46,124,747,349,398,539,300,203,191,149,42,1,0,1,11,5,6,97,4226,1060,847,958,731,630
2021,Ealing 030,E02000267,6420,4362,4099,3120,709,2411,101,24,77,878,407,471,263,123,88,76,56,20,0,0,0,12,12,0,35,1935,744,381,330,180,300
2021,Ealing 031,E02000268,7799,5042,4735,3668,694,2974,134,38,96,933,466,467,307,202,140,116,91,25,1,1,0,23,21,2,62,2555,1178,473,381,259,264
2021,Ealing 032,E02000269,6595,4584,4347,3404,565,2839,114,19,95,829,404,425,237,114,84,66,43,23,3,2,1,15,11,4,30,1897,1016,323,262,124,172
2021,Ealing 033,E02000270,7769,5298,4928,4054,765,3289,126,46,80,748,346,402,370,191,131,115,74,41,4,3,1,12,12,0,60,2280,637,499,452,323,369
2021,Ealing 034,E02000271,5636,3860,3683,2830,445,2385,119,26,93,734,367,367,177,86,49,42,27,15,0,0,0,7,5,2,37,1690,830,310,305,68,177
2021,Ealing 035,E02000272,5361,3449,3282,2516,540,1976,109,36,73,657,309,348,167,91,63,56,50,6,0,0,0,7,7,0,28,1821,989,306,245,124,157
2021,Ealing 038,E02000275,6561,3569,3286,2696,813,1883,160,60,100,430,189,241,283,149,105,96,73,23,0,0,0,9,5,4,44,2843,894,516,754,272,407
2021,Ealing 039,E02000276,5421,3767,3567,2845,516,2329,85,17,68,637,276,361,200,133,96,78,57,21,2,1,1,16,12,4,37,1521,713,344,210,101,153
2021,Enfield 001,E02000277,5728,3186,2963,2402,794,1608,94,27,67,467,219,248,223,203,126,109,83,26,0,0,0,17,10,7,77,2339,896,424,467,242,310
2021,Enfield 002,E02000278,7152,3692,3384,2751,1018,1733,118,41,77,515,239,276,308,214,142,134,96,38,1,0,1,7,3,4,72,3246,945,668,660,452,521
2021,Enfield 003,E02000279,9083,5377,4942,4004,1277,2727,154,56,98,784,377,407,435,291,189,161,130,31,2,2,0,26,18,8,102,3415,838,756,800,528,493
2021,Enfield 004,E02000280,6737,4082,3870,3111,838,2273,149,43,106,610,298,312,212,133,92,82,64,18,3,2,1,7,6,1,41,2522,1291,371,356,270,234
2021,Enfield 005,E02000281,7376,4429,4132,3298,983,2315,115,32,83,719,309,410,297,168,105,97,71,26,0,0,0,8,6,2,63,2779,1016,562,536,365,300
2021,Enfield 006,E02000282,7164,3691,3314,2731,1066,1665,125,47,78,458,232,226,377,236,163,152,114,38,1,0,1,10,10,0,73,3237,766,680,799,512,480
2021,Enfield 007,E02000283,6497,3684,3366,2700,932,1768,123,42,81,543,232,311,318,177,124,114,89,25,1,1,0,9,9,0,53,2636,863,516,536,333,388
2021,Enfield 008,E02000284,6915,4388,4162,3326,833,2493,146,35,111,690,326,364,226,97,70,60,46,14,0,0,0,10,5,5,27,2430,1229,344,362,239,256
2021,Enfield 009,E02000285,5372,3300,3167,2570,663,1907,120,23,97,477,203,274,133,80,61,57,49,8,1,0,1,3,3,0,19,1992,1237,260,231,108,156
2021,Enfield 010,E02000286,7074,4304,4127,3280,775,2505,148,39,109,699,330,369,177,86,65,48,42,6,1,1,0,16,9,7,21,2684,1661,320,319,178,206
2021,Enfield 011,E02000287,6019,3510,3361,2369,636,1733,280,52,228,712,371,341,149,68,63,50,42,8,3,2,1,10,8,2,5,2441,1417,325,357,132,210
2021,Enfield 012,E02000288,9493,5098,4694,3757,1390,2367,183,81,102,754,396,358,404,306,203,176,128,48,2,1,1,25,20,5,103,4089,1007,973,949,481,679
2021,Enfield 013,E02000289,5468,3292,3136,2462,657,1805,166,38,128,508,264,244,156,90,63,59,52,7,0,0,0,4,4,0,27,2086,1253,289,255,116,173
2021,Enfield 014,E02000290,4855,2690,2439,2022,721,1301,75,35,40,342,192,150,251,144,98,93,68,25,1,1,0,4,4,0,46,2021,483,434,496,293,315
2021,Enfield 015,E02000291,8044,4823,4474,3551,951,2600,176,59,117,747,344,403,349,178,137,104,79,25,10,2,8,23,16,7,41,3043,1339,419,503,333,449
2021,Enfield 016,E02000292,7612,4625,4340,3466,989,2477,119,33,86,755,334,421,285,168,133,114,93,21,4,3,1,15,10,5,35,2819,1200,536,481,242,360
2021,Enfield 017,E02000293,5222,3008,2879,2129,567,1562,215,47,168,535,267,268,129,56,39,31,26,5,0,0,0,8,6,2,17,2158,1323,271,282,94,188
2021,Enfield 018,E02000294,7184,3880,3539,2848,1055,1793,130,48,82,561,271,290,341,175,128,117,95,22,2,2,0,9,9,0,47,3129,1090,627,605,332,475
2021,Enfield 019,E02000295,6887,4115,3891,2942,787,2155,165,37,128,784,365,419,224,97,78,59,45,14,2,2,0,17,13,4,19,2675,1297,423,432,229,294
2021,Enfield 020,E02000296,8270,4960,4636,3436,978,2458,188,64,124,1012,473,539,324,193,147,112,68,44,2,1,1,33,21,12,46,3117,1364,515,485,351,402
2021,Enfield 021,E02000297,7736,4620,4391,3378,923,2455,195,60,135,818,350,468,229,141,122,102,79,23,6,2,4,14,8,6,19,2975,1813,364,356,190,252
2021,Enfield 022,E02000298,6674,4293,4113,3078,735,2343,243,57,186,792,382,410,180,60,46,38,29,9,1,0,1,7,6,1,14,2321,1353,315,318,129,206
2021,Enfield 023,E02000299,7143,3874,3536,2806,1154,1652,144,61,83,586,293,293,338,208,159,141,113,28,2,1,1,16,10,6,49,3061,916,661,637,369,478
2021,Enfield 024,E02000300,6738,3662,3388,2611,928,1683,120,53,67,657,309,348,274,252,214,154,85,69,23,0,23,37,21,16,38,2824,921,513,577,340,473
2021,Enfield 025,E02000301,7750,4154,3782,3075,1192,1883,105,48,57,602,301,301,372,243,190,167,121,46,3,3,0,20,13,7,53,3353,917,724,700,488,524
2021,Enfield 026,E02000302,6994,4192,3931,2964,846,2118,159,39,120,808,338,470,261,119,94,84,64,20,4,1,3,6,6,0,25,2683,1305,392,430,219,337
2021,Enfield 027,E02000303,6476,3356,3069,2359,892,1467,147,66,81,563,295,268,287,210,148,128,95,33,2,1,1,18,11,7,62,2910,808,590,636,428,448
2021,Enfield 028,E02000304,6550,4003,3800,2776,732,2044,207,49,158,817,414,403,203,87,71,55,35,20,1,1,0,15,14,1,16,2460,1441,393,316,90,220
2021,Enfield 029,E02000305,7311,4842,4555,3372,844,2528,160,42,118,1023,487,536,287,153,128,87,58,29,5,2,3,36,17,19,25,2316,1117,348,385,204,262
2021,Enfield 030,E02000306,6840,3547,3171,2609,1024,1585,90,36,54,472,235,237,376,187,120,107,77,30,5,5,0,8,3,5,67,3106,750,630,688,536,502
2021,Enfield 031,E02000307,7820,4640,4332,3279,1093,2186,190,68,122,863,486,377,308,176,133,116,84,32,1,0,1,16,11,5,43,3004,1123,665,576,242,398
2021,Enfield 032,E02000308,7045,4477,4205,3157,822,2335,140,37,103,908,430,478,272,210,147,113,85,28,10,6,4,24,19,5,63,2358,963,396,433,258,308
2021,Enfield 033,E02000309,8798,4949,4523,3578,1391,2187,146,59,87,799,392,407,426,288,204,179,140,39,3,3,0,22,14,8,84,3561,907,797,777,468,612
2021,Enfield 035,E02000311,8515,5094,4577,3412,1128,2284,195,73,122,970,472,498,517,209,158,127,98,29,2,0,2,29,10,19,51,3212,1231,530,643,353,455
2021,Enfield 036,E02000312,9318,6129,5709,4158,1031,3127,191,64,127,1360,611,749,420,228,194,155,98,57,12,7,5,27,21,6,34,2961,1313,483,480,270,415
2021,Greenwich 001,E02000313,4862,2974,2667,2176,627,1549,92,18,74,399,152,247,307,181,138,121,70,51,3,3,0,14,8,6,43,1707,487,338,331,309,242
2021,Greenwich 002,E02000314,10650,6457,5736,4602,1210,3392,164,49,115,970,415,555,721,390,317,270,177,93,8,4,4,39,26,13,73,3803,595,884,609,422,1293
2021,Greenwich 003,E02000315,7288,4346,3999,3263,943,2320,117,33,84,619,270,349,347,234,179,162,109,53,1,0,1,16,10,6,55,2708,752,671,527,403,355
2021,Greenwich 005,E02000317,5792,3448,3113,2592,715,1877,68,15,53,453,215,238,335,211,159,143,85,58,4,0,4,12,7,5,52,2133,583,402,440,343,365
2021,Greenwich 006,E02000318,8719,5078,4648,3863,1045,2818,147,34,113,638,262,376,430,385,323,267,197,70,17,6,11,39,17,22,62,3256,1015,677,710,364,490
2021,Greenwich 007,E02000319,8330,5387,4914,3983,1014,2969,129,44,85,802,328,474,473,250,206,181,124,57,4,1,3,21,16,5,44,2693,750,518,570,398,457
2021,Greenwich 008,E02000320,5477,3441,3147,2555,621,1934,82,13,69,510,182,328,294,171,134,115,71,44,3,3,0,16,9,7,37,1865,666,332,320,259,288
2021,Greenwich 009,E02000321,5983,3697,3323,2762,752,2010,101,29,72,460,176,284,374,208,139,118,75,43,1,0,1,20,12,8,69,2078,661,381,383,340,313
2021,Greenwich 011,E02000323,9960,6386,5843,4802,1227,3575,164,45,119,877,411,466,543,413,287,249,180,69,8,4,4,30,18,12,126,3161,778,792,599,449,543
2021,Greenwich 012,E02000324,6119,3670,3367,2741,727,2014,79,29,50,547,240,307,303,176,130,110,79,31,0,0,0,20,16,4,46,2273,783,448,403,365,274
2021,Greenwich 014,E02000326,6275,4477,4245,3313,663,2650,113,30,83,819,373,446,232,134,96,82,60,22,3,1,2,11,7,4,38,1664,703,295,285,217,164
2021,Greenwich 015,E02000327,5133,3278,2942,2472,549,1923,66,23,43,404,174,230,336,149,100,93,58,35,3,0,3,4,1,3,49,1706,390,372,368,306,270
2021,Greenwich 016,E02000328,5351,3595,3429,2750,462,2288,76,11,65,603,285,318,166,79,55,45,26,19,1,1,0,9,9,0,24,1677,857,254,207,207,152
2021,Greenwich 017,E02000329,5033,3079,2885,2287,574,1713,96,30,66,502,217,285,194,118,83,70,53,17,2,1,1,11,5,6,35,1836,824,278,278,256,200
2021,Greenwich 019,E02000331,6483,4057,3737,3092,714,2378,102,24,78,543,255,288,320,153,124,105,76,29,1,0,1,18,10,8,29,2273,762,440,393,360,318
2021,Greenwich 020,E02000332,5924,3800,3573,2813,637,2176,111,21,90,649,272,377,227,140,121,108,66,42,2,1,1,11,7,4,19,1984,1005,278,273,184,244
2021,Greenwich 021,E02000333,5124,3417,3258,2572,407,2165,106,15,91,580,272,308,159,85,59,48,36,12,0,0,0,11,9,2,26,1622,924,181,254,127,136
2021,Greenwich 022,E02000334,5322,3325,3105,2486,576,1910,111,26,85,508,222,286,220,112,78,68,50,18,0,0,0,10,6,4,34,1885,827,334,279,236,209
2021,Greenwich 023,E02000335,5287,3429,3256,2673,606,2067,59,10,49,524,250,274,173,69,44,43,34,9,0,0,0,1,1,0,25,1789,1073,222,212,140,142
2021,Greenwich 025,E02000337,6646,4045,3743,2998,768,2230,108,28,80,637,272,365,302,142,109,74,57,17,1,1,0,34,24,10,33,2459,1002,384,404,396,273
2021,Greenwich 027,E02000339,5083,3075,2910,2278,558,1720,95,19,76,537,249,288,165,81,64,55,40,15,3,2,1,6,6,0,17,1927,1164,222,247,132,162
2021,Greenwich 028,E02000340,5613,3463,3267,2620,575,2045,105,29,76,542,236,306,196,101,83,72,49,23,0,0,0,11,5,6,18,2049,1260,215,271,141,162
2021,Greenwich 029,E02000341,6044,3608,3337,2695,762,1933,109,24,85,533,231,302,271,118,92,82,57,25,0,0,0,10,7,3,26,2318,810,399,393,451,265
2021,Greenwich 030,E02000342,5107,2919,2728,2186,506,1680,77,27,50,465,198,267,191,263,167,156,123,33,1,1,0,10,9,1,96,1925,678,643,223,201,180
2021,Greenwich 031,E02000343,5601,3366,3138,2502,614,1888,121,26,95,515,194,321,228,111,69,58,43,15,1,0,1,10,7,3,42,2124,1007,280,300,307,230
2021,Greenwich 032,E02000344,5172,3213,3043,2425,565,1860,113,20,93,505,199,306,170,83,57,49,34,15,0,0,0,8,2,6,26,1876,1110,249,217,128,172
2021,Hackney 001,E02000345,5365,3377,3183,2594,1644,950,106,60,46,483,266,217,194,50,38,30,29,1,2,1,1,6,5,1,12,1938,416,696,365,212,249
2021,Hackney 002,E02000346,7514,4837,4418,3779,847,2932,78,25,53,561,277,284,419,183,122,107,68,39,0,0,0,15,14,1,61,2494,560,580,497,439,418
2021,Hackney 003,E02000347,5501,3340,3133,2561,1393,1168,86,40,46,486,238,248,207,141,88,75,53,22,3,2,1,10,8,2,53,2020,483,651,358,247,281
2021,Hackney 004,E02000348,5396,3178,2908,2450,1418,1032,68,37,31,390,212,178,270,107,63,55,46,9,0,0,0,8,8,0,44,2111,460,629,386,340,296
2021,Hackney 006,E02000350,8131,5720,5350,4167,1241,2926,148,37,111,1035,467,568,370,156,118,94,70,24,0,0,0,24,20,4,38,2255,583,590,404,279,399
2021,Hackney 007,E02000351,7942,5693,5388,4438,700,3738,100,22,78,850,394,456,305,227,169,141,108,33,2,1,1,26,22,4,58,2022,598,493,337,301,293
2021,Hackney 008,E02000352,5264,3579,3374,2532,653,1879,89,26,63,753,309,444,205,70,50,39,24,15,1,1,0,10,10,0,20,1615,542,375,248,258,192
2021,Hackney 009,E02000353,6484,4681,4421,3288,604,2684,144,36,108,989,460,529,260,133,95,73,59,14,1,1,0,21,17,4,38,1670,595,339,266,254,216
2021,Hackney 010,E02000354,8001,5189,4800,3740,969,2771,112,25,87,948,401,547,389,186,137,123,87,36,0,0,0,14,10,4,49,2626,656,607,492,472,399
2021,Hackney 011,E02000355,6786,4723,4393,3227,681,2546,104,21,83,1062,441,621,330,146,106,81,63,18,1,0,1,24,17,7,40,1917,701,387,303,261,265
2021,Hackney 012,E02000356,5905,4404,4200,3106,525,2581,114,20,94,980,415,565,204,96,83,65,47,18,1,1,0,17,16,1,13,1405,465,330,231,191,188
2021,Hackney 013,E02000357,5385,3061,2766,2273,702,1571,72,30,42,421,229,192,295,175,119,107,70,37,2,2,0,10,9,1,56,2149,614,448,381,350,356
2021,Hackney 014,E02000358,9404,6625,6144,4742,962,3780,158,43,115,1244,548,696,481,235,185,153,107,46,2,1,1,30,23,7,50,2544,716,494,451,443,440
2021,Hackney 015,E02000359,5388,3552,3302,2491,574,1917,97,25,72,714,341,373,250,109,80,67,49,18,2,2,0,11,10,1,29,1727,510,381,312,275,249
2021,Hackney 016,E02000360,9222,5806,5307,4261,1094,3167,152,56,96,894,405,489,499,262,185,163,125,38,0,0,0,22,18,4,77,3154,721,715,634,617,467
2021,Hackney 017,E02000361,6868,4995,4657,3589,706,2883,102,27,75,966,410,556,338,189,162,134,99,35,2,1,1,26,18,8,27,1684,411,411,267,293,302
2021,Hackney 018,E02000362,5815,3789,3454,2705,613,2092,90,32,58,659,314,345,335,140,85,68,49,19,0,0,0,17,14,3,55,1886,460,403,314,415,294
2021,Hackney 019,E02000363,9161,5464,4906,4061,1217,2844,116,41,75,729,321,408,558,312,203,179,121,58,1,1,0,23,19,4,109,3385,732,816,659,590,588
2021,Hackney 020,E02000364,7783,5428,5049,3864,740,3124,160,39,121,1025,453,572,379,156,114,89,62,27,4,3,1,21,18,3,42,2199,759,467,321,314,338
2021,Hackney 022,E02000366,6854,4314,3941,3053,690,2363,117,32,85,771,374,397,373,171,123,106,79,27,2,2,0,15,11,4,48,2369,716,506,374,469,304
2021,Hackney 023,E02000367,8898,6621,6228,4875,787,4088,174,40,134,1179,483,696,393,241,160,133,98,35,2,1,1,25,17,8,81,2036,507,558,310,322,339
2021,Hackney 024,E02000368,8182,5143,4693,3768,836,2932,112,45,67,813,358,455,450,200,122,91,64,27,5,5,0,26,21,5,78,2839,738,614,452,559,476
2021,Hackney 025,E02000369,11252,7864,7374,6030,1066,4964,183,56,127,1161,525,636,490,281,210,177,140,37,0,0,0,33,25,8,71,3107,728,707,600,567,505
2021,Hackney 026,E02000370,7451,4964,4627,3857,709,3148,126,38,88,644,275,369,337,258,183,139,97,42,4,1,3,40,22,18,75,2229,430,637,406,414,342
2021,Hammersmith and Fulham 001,E02000372,8514,4862,4428,3671,786,2885,117,36,81,640,299,341,434,260,188,160,106,54,3,1,2,25,22,3,72,3392,760,1022,447,435,728
2021,Hammersmith and Fulham 002,E02000373,5463,3125,2794,2340,717,1623,78,42,36,376,192,184,331,191,147,127,96,31,4,4,0,16,15,1,44,2147,504,572,443,285,343
2021,Hammersmith and Fulham 003,E02000374,5627,3478,3221,2566,510,2056,92,26,66,563,265,298,257,192,119,97,66,31,0,0,0,22,22,0,73,1957,590,566,307,269,225
2021,Hammersmith and Fulham 004,E02000375,6302,4108,3793,2988,595,2393,117,37,80,688,325,363,315,182,132,106,71,35,2,2,0,24,17,7,50,2012,498,534,340,318,322
2021,Hammersmith and Fulham 005,E02000376,5833,4099,3796,3147,505,2642,90,19,71,559,241,318,303,129,102,81,48,33,0,0,0,21,15,6,27,1605,444,376,243,275,267
2021,Hammersmith and Fulham 006,E02000377,6584,4335,4012,3153,627,2526,120,40,80,739,349,390,323,222,158,117,77,40,6,1,5,35,33,2,64,2027,603,563,308,311,242
2021,Hammersmith and Fulham 007,E02000378,5581,3901,3630,2927,425,2502,102,28,74,601,277,324,271,156,101,83,46,37,1,0,1,17,17,0,55,1524,485,358,260,198,223
2021,Hammersmith and Fulham 008,E02000379,5968,3932,3687,2846,521,2325,125,21,104,716,365,351,245,106,78,69,45,24,2,2,0,7,6,1,28,1930,735,394,269,303,229
2021,Hammersmith and Fulham 009,E02000380,4569,3136,2956,2277,336,1941,101,24,77,578,278,300,180,95,73,59,38,21,3,0,3,11,11,0,22,1338,532,268,228,163,147
2021,Hammersmith and Fulham 010,E02000381,6312,4284,4033,3149,472,2677,149,27,122,735,349,386,251,127,95,68,43,25,5,5,0,22,20,2,32,1901,641,389,370,251,250
2021,Hammersmith and Fulham 011,E02000382,5257,3440,3233,2503,401,2102,93,19,74,637,311,326,207,122,90,81,57,24,0,0,0,9,9,0,32,1695,606,481,224,164,220
2021,Hammersmith and Fulham 012,E02000383,7525,4680,4342,3560,604,2956,111,27,84,671,329,342,338,255,204,173,110,63,3,1,2,28,18,10,51,2590,910,790,334,239,317
2021,Hammersmith and Fulham 013,E02000384,7138,4467,4156,3498,671,2827,83,22,61,575,265,310,311,230,172,145,93,52,2,2,0,25,21,4,58,2441,661,749,374,350,307
2021,Hammersmith and Fulham 014,E02000385,5099,3642,3456,2892,320,2572,66,18,48,498,225,273,186,158,124,101,60,41,1,0,1,22,22,0,34,1299,376,501,142,125,155
2021,Hammersmith and Fulham 015,E02000386,6443,4007,3655,3034,619,2415,85,26,59,536,248,288,352,234,174,130,98,32,0,0,0,44,39,5,60,2202,630,612,361,264,335
2021,Hammersmith and Fulham 016,E02000387,5220,3295,3065,2606,444,2162,72,16,56,387,194,193,230,192,153,117,81,36,2,2,0,34,28,6,39,1733,501,584,221,220,207
2021,Hammersmith and Fulham 017,E02000388,7593,5145,4885,4059,516,3543,131,21,110,695,304,391,260,209,143,105,68,37,8,6,2,30,24,6,66,2239,779,611,304,256,289
2021,Hammersmith and Fulham 018,E02000389,7309,4767,4544,3591,464,3127,136,22,114,817,393,424,223,199,148,111,71,40,1,1,0,36,32,4,51,2343,913,711,395,124,200
2021,Hammersmith and Fulham 019,E02000390,5288,3631,3425,2798,411,2387,86,12,74,541,274,267,206,131,104,84,53,31,0,0,0,20,17,3,27,1526,505,426,217,199,179
2021,Hammersmith and Fulham 020,E02000391,6259,4208,3986,3074,401,2673,172,25,147,740,350,390,222,108,80,71,56,15,1,1,0,8,8,0,28,1943,696,401,378,203,265
2021,Hammersmith and Fulham 021,E02000392,7693,5303,4995,4046,508,3538,155,24,131,794,359,435,308,210,161,127,77,50,4,4,0,30,21,9,49,2180,649,604,397,241,289
2021,Hammersmith and Fulham 022,E02000393,4984,3572,3427,2764,278,2486,115,16,99,548,266,282,145,104,81,70,47,23,1,1,0,10,7,3,23,1308,477,373,243,86,129
2021,Hammersmith and Fulham 023,E02000394,7723,5333,4968,3973,606,3367,201,47,154,794,355,439,365,153,96,80,57,23,2,1,1,14,10,4,57,2237,644,575,442,259,317
2021,Hammersmith and Fulham 024,E02000395,4876,3234,3115,2423,297,2126,109,26,83,583,275,308,119,82,65,55,34,21,0,0,0,10,10,0,17,1560,728,338,271,81,142
2021,Hammersmith and Fulham 025,E02000396,5474,3628,3415,2658,430,2228,136,28,108,621,281,340,213,108,84,72,38,34,1,0,1,11,7,4,24,1738,599,397,372,167,203
2021,Haringey 001,E02000397,6543,4376,4021,2950,844,2106,126,34,92,945,460,485,355,182,163,123,82,41,4,3,1,36,28,8,19,1985,693,328,313,323,328
2021,Haringey 002,E02000398,5924,3266,2861,2168,823,1345,98,38,60,595,268,327,405,193,125,104,74,30,5,4,1,16,10,6,68,2465,563,543,516,438,405
2021,Haringey 004,E02000400,6356,4087,3784,2789,732,2057,131,46,85,864,429,435,303,161,114,99,68,31,0,0,0,15,12,3,47,2108,829,407,354,238,280
2021,Haringey 005,E02000401,5608,3123,2799,2187,726,1461,90,31,59,522,261,261,324,169,124,103,70,33,1,1,0,20,10,10,45,2316,621,516,439,409,331
2021,Haringey 006,E02000402,5187,2947,2654,2095,758,1337,77,24,53,482,235,247,293,150,98,85,62,23,0,0,0,13,10,3,52,2090,552,425,402,352,359
2021,Haringey 007,E02000403,6219,4146,3839,2775,709,2066,100,31,69,964,422,542,307,178,143,120,72,48,1,0,1,22,11,11,35,1895,649,366,314,251,315
2021,Haringey 008,E02000404,5907,3489,3178,2334,694,1640,98,40,58,746,344,402,311,224,188,149,112,37,5,0,5,34,24,10,36,2194,663,397,395,349,390
2021,Haringey 009,E02000405,4983,3393,3243,2307,487,1820,137,25,112,799,414,385,150,66,49,38,26,12,1,1,0,10,9,1,17,1524,744,314,253,73,140
2021,Haringey 010,E02000406,5745,3683,3321,2439,726,1713,102,41,61,780,377,403,362,152,106,90,65,25,0,0,0,16,9,7,46,1910,534,353,352,322,349
2021,Haringey 011,E02000407,6173,3872,3515,2651,892,1759,107,40,67,757,315,442,357,174,137,119,84,35,1,1,0,17,13,4,37,2127,535,427,433,371,361
2021,Haringey 012,E02000408,6476,3820,3494,2611,876,1735,112,45,67,771,370,401,326,185,137,121,79,42,0,0,0,16,10,6,48,2471,678,522,437,403,431
2021,Haringey 013,E02000409,5016,2971,2702,2105,648,1457,72,29,43,525,242,283,269,145,110,88,56,32,5,3,2,17,14,3,35,1900,607,351,322,292,328
2021,Haringey 014,E02000410,5203,3530,3343,2345,485,1860,144,27,117,854,424,430,187,140,80,63,55,8,0,0,0,17,13,4,60,1533,703,402,223,56,149
2021,Haringey 015,E02000411,9370,5604,5174,3990,1077,2913,144,39,105,1040,440,600,430,600,411,299,231,68,19,5,14,93,44,49,189,3166,642,1210,539,369,406
2021,Haringey 016,E02000412,6308,3910,3585,2774,800,1974,101,40,61,710,312,398,325,231,194,168,119,49,1,0,1,25,18,7,37,2167,589,477,340,395,366
2021,Haringey 017,E02000413,6039,3928,3728,2723,556,2167,149,30,119,856,433,423,200,131,103,71,50,21,3,2,1,29,16,13,28,1980,859,412,338,183,188
2021,Haringey 018,E02000414,5846,3885,3592,2585,705,1880,105,28,77,902,379,523,293,175,145,119,63,56,1,1,0,25,19,6,30,1786,585,382,320,224,275
2021,Haringey 019,E02000415,6067,3944,3630,2756,779,1977,95,36,59,779,381,398,314,180,150,129,81,48,2,1,1,19,14,5,30,1943,670,376,306,236,355
2021,Haringey 020,E02000416,7088,4888,4586,3617,747,2870,107,35,72,862,400,462,302,133,104,86,64,22,0,0,0,18,11,7,29,2067,710,379,355,349,274
2021,Haringey 021,E02000417,5441,3666,3471,2498,509,1989,132,32,100,841,464,377,195,89,61,38,22,16,3,2,1,20,16,4,28,1686,904,288,223,97,174
2021,Haringey 022,E02000418,4446,2920,2794,1967,339,1628,104,19,85,723,379,344,126,64,41,41,30,11,0,0,0,0,0,0,23,1462,819,232,154,114,143
2021,Haringey 023,E02000419,7401,5254,4850,3791,816,2975,131,37,94,928,442,486,404,185,147,125,71,54,4,1,3,18,11,7,38,1962,627,385,369,256,325
2021,Haringey 024,E02000420,6764,4506,4121,3069,880,2189,141,48,93,911,419,492,385,194,152,130,92,38,2,1,1,20,14,6,42,2064,722,366,328,319,329
2021,Haringey 025,E02000421,7076,4281,3842,2974,969,2005,102,39,63,766,340,426,439,306,234,201,139,62,2,0,2,31,24,7,72,2489,511,672,411,433,462
2021,Haringey 026,E02000422,6022,3749,3426,2569,783,1786,106,39,67,751,349,402,323,170,136,94,60,34,0,0,0,42,25,17,34,2103,588,385,383,299,448
2021,Haringey 027,E02000423,5952,4122,3821,2991,725,2266,92,30,62,738,372,366,301,131,107,88,51,37,4,2,2,15,13,2,24,1699,501,306,265,279,348
2021,Haringey 028,E02000424,5652,4029,3790,2868,537,2331,107,25,82,815,382,433,239,106,56,50,36,14,0,0,0,6,4,2,50,1517,609,292,194,226,196
2021,Haringey 029,E02000425,5118,3271,3051,2494,1451,1043,98,34,64,459,236,223,220,81,67,61,51,10,0,0,0,6,5,1,14,1766,408,628,332,189,209
2021,Haringey 030,E02000426,5324,3425,3232,2367,427,1940,140,19,121,725,356,369,193,79,65,52,36,16,1,0,1,12,11,1,14,1820,860,336,295,157,172
2021,Haringey 031,E02000427,5779,4164,3881,2957,609,2348,96,26,70,828,390,438,283,163,136,106,74,32,1,1,0,29,24,5,27,1452,513,267,227,164,281
2021,Haringey 032,E02000428,6847,4534,4098,3141,1051,2090,95,30,65,862,425,437,436,210,171,152,93,59,1,1,0,18,15,3,39,2103,496,500,357,342,408
2021,Haringey 033,E02000429,5620,3940,3772,2807,438,2369,121,22,99,844,418,426,168,73,43,29,22,7,2,2,0,12,12,0,30,1607,829,242,225,128,183
2021,Haringey 034,E02000430,5826,4406,4210,3170,496,2674,117,24,93,923,445,478,196,87,71,60,44,16,0,0,0,11,11,0,16,1333,607,244,180,155,147
2021,Haringey 035,E02000431,5085,3751,3580,2616,383,2233,124,29,95,840,361,479,171,96,74,63,44,19,1,0,1,10,10,0,22,1238,574,268,165,98,133
2021,Haringey 036,E02000432,5333,3871,3639,2869,494,2375,88,17,71,682,284,398,232,123,104,80,51,29,1,0,1,23,21,2,19,1339,481,252,172,219,215
2021,Harrow 001,E02000433,7179,3987,3795,2691,666,2025,272,56,216,832,376,456,192,121,95,76,52,24,0,0,0,19,9,10,26,3071,1770,390,448,226,237
2021,Harrow 002,E02000434,8104,5025,4761,3460,859,2601,254,49,205,1047,426,621,264,174,142,96,70,26,10,5,5,36,23,13,32,2905,1405,487,440,260,313
2021,Harrow 003,E02000435,6577,3712,3474,2484,646,1838,256,53,203,734,346,388,238,160,113,92,71,21,5,1,4,16,15,1,47,2705,1254,495,431,281,244
2021,Harrow 004,E02000436,4822,2844,2721,1952,470,1482,187,42,145,582,301,281,123,76,65,56,40,16,3,1,2,6,4,2,11,1902,1201,244,258,66,133
2021,Harrow 005,E02000437,7064,4093,3867,2865,767,2098,159,42,117,843,347,496,226,138,111,93,70,23,0,0,0,18,14,4,27,2833,1380,465,437,279,272
2021,Harrow 006,E02000438,6696,3889,3668,2842,758,2084,166,44,122,660,295,365,221,121,89,71,45,26,3,3,0,15,9,6,32,2686,1271,453,466,237,259
2021,Harrow 007,E02000439,7350,4517,4272,2938,734,2204,208,61,147,1126,391,735,245,266,203,142,94,48,3,1,2,58,34,24,63,2567,1040,486,506,220,315
2021,Harrow 008,E02000440,7698,4903,4671,3391,844,2547,260,56,204,1020,384,636,232,152,125,95,73,22,8,1,7,22,17,5,27,2643,1311,524,420,147,241
2021,Harrow 009,E02000441,5985,3492,3299,2531,617,1914,168,51,117,600,260,340,193,135,112,90,69,21,3,2,1,19,5,14,23,2358,1165,342,418,223,210
2021,Harrow 010,E02000442,7698,4891,4594,2928,892,2036,278,60,218,1388,418,970,297,281,216,147,95,52,11,6,5,58,28,30,65,2526,955,538,512,153,368
2021,Harrow 011,E02000443,8388,4958,4621,3467,951,2516,205,57,148,949,359,590,337,261,200,160,113,47,7,1,6,33,15,18,61,3169,1135,705,651,274,404
2021,Harrow 012,E02000444,6906,4242,4023,2746,718,2028,232,55,177,1045,334,711,219,164,137,111,69,42,5,1,4,21,17,4,27,2500,1205,448,466,127,254
2021,Harrow 013,E02000445,9152,5520,5177,3791,1020,2771,188,67,121,1198,425,773,343,233,195,164,116,48,5,4,1,26,16,10,38,3399,1221,677,724,340,437
2021,Harrow 015,E02000447,6472,4173,3961,3117,753,2364,174,35,139,670,287,383,212,126,94,78,53,25,0,0,0,16,9,7,32,2173,1109,425,307,145,187
2021,Harrow 016,E02000448,5645,3341,3184,2453,578,1875,145,24,121,586,280,306,157,69,51,40,30,10,4,0,4,7,3,4,18,2235,1316,282,394,96,147
2021,Harrow 017,E02000449,6808,4106,3901,2708,736,1972,195,49,146,998,304,694,205,218,183,141,109,32,5,0,5,37,13,24,35,2484,1102,449,444,199,290
2021,Harrow 019,E02000451,5478,3348,3206,2475,512,1963,108,28,80,623,234,389,142,119,82,67,48,19,2,2,0,13,5,8,37,2011,1181,314,278,92,146
2021,Harrow 020,E02000452,7527,4838,4536,3457,822,2635,127,24,103,952,383,569,302,256,198,150,96,54,6,1,5,42,16,26,58,2433,750,541,555,258,329
2021,Harrow 021,E02000453,6694,4383,4142,3170,770,2400,141,31,110,831,388,443,241,152,127,107,77,30,0,0,0,20,8,12,25,2159,932,454,412,169,192
2021,Harrow 022,E02000454,5731,3626,3492,2748,650,2098,157,38,119,587,258,329,134,89,68,63,49,14,0,0,0,5,1,4,21,2016,1217,336,261,78,124
2021,Harrow 023,E02000455,9515,6242,5836,4693,829,3864,190,38,152,953,346,607,406,313,247,194,118,76,4,2,2,49,24,25,66,2960,1092,538,678,312,340
2021,Harrow 024,E02000456,6396,4110,3828,2954,692,2262,146,23,123,728,308,420,282,174,137,113,75,38,4,2,2,20,15,5,37,2112,946,434,312,192,228
2021,Harrow 025,E02000457,5775,3531,3335,2634,573,2061,131,31,100,570,248,322,196,103,86,77,55,22,1,1,0,8,3,5,17,2141,1082,375,339,141,204
2021,Harrow 027,E02000459,7346,4580,4246,3313,946,2367,147,52,95,786,338,448,334,220,167,125,98,27,10,10,0,32,22,10,53,2546,926,511,545,259,305
2021,Harrow 028,E02000460,5673,3493,3231,2681,727,1954,100,30,70,450,202,248,262,162,125,106,82,24,1,0,1,18,8,10,37,2018,646,437,476,230,229
2021,Harrow 029,E02000461,5814,3543,3308,2485,499,1986,128,30,98,695,282,413,235,157,121,102,68,34,1,1,0,18,9,9,36,2114,769,714,289,111,231
2021,Harrow 030,E02000462,5644,3385,3157,2468,643,1825,148,38,110,541,220,321,228,198,148,130,94,36,1,1,0,17,11,6,50,2061,879,379,408,157,238
2021,Harrow 031,E02000463,6934,4093,3787,3049,847,2202,146,42,104,592,247,345,306,178,133,113,90,23,0,0,0,20,10,10,45,2663,1044,585,505,243,286
2021,Havering 001,E02000464,6066,3653,3430,2702,728,1974,134,41,93,594,234,360,223,137,102,85,55,30,5,4,1,12,7,5,35,2276,1101,311,352,292,220
2021,Havering 002,E02000465,7118,4610,4289,3411,916,2495,126,28,98,752,287,465,321,154,121,104,74,30,0,0,0,17,9,8,33,2354,912,363,455,379,245
2021,Havering 003,E02000466,7132,4237,3947,3132,869,2263,107,25,82,708,296,412,290,126,91,81,63,18,3,1,2,7,3,4,35,2769,1407,334,412,331,285
2021,Havering 004,E02000467,8363,4961,4618,3731,1114,2617,125,20,105,762,277,485,343,200,156,137,90,47,2,1,1,17,9,8,44,3202,1020,605,659,552,366
2021,Havering 005,E02000468,6809,4093,3856,3064,857,2207,116,32,84,676,275,401,237,118,99,84,57,27,4,1,3,11,6,5,19,2598,1385,358,390,205,260
2021,Havering 006,E02000469,5586,3337,3137,2478,682,1796,108,26,82,551,206,345,200,121,98,84,58,26,2,0,2,12,6,6,23,2128,969,298,317,314,230
2021,Havering 007,E02000470,8047,5135,4932,4057,876,3181,127,28,99,748,282,466,203,124,74,66,42,24,2,1,1,6,3,3,50,2788,1799,281,352,164,192
2021,Havering 008,E02000471,6486,3752,3611,2790,750,2040,133,39,94,688,272,416,141,97,75,69,60,9,2,1,1,4,4,0,22,2637,1817,260,277,126,157
2021,Havering 009,E02000472,7573,4674,4436,3573,944,2629,129,28,101,734,258,476,238,141,108,91,76,15,1,0,1,16,6,10,33,2758,1640,324,380,212,202
2021,Havering 010,E02000473,8382,5388,5141,4221,1009,3212,139,26,113,781,297,484,247,146,111,98,75,23,3,3,0,10,6,4,35,2848,1721,358,367,178,224
2021,Havering 011,E02000474,7207,4468,4210,3355,865,2490,140,31,109,715,260,455,258,161,134,115,71,44,1,1,0,18,13,5,27,2578,1293,380,416,246,243
2021,Havering 012,E02000475,7903,4813,4609,3700,842,2858,196,52,144,713,293,420,204,117,82,75,50,25,3,2,1,4,4,0,35,2973,1911,282,365,206,209
2021,Havering 013,E02000476,7552,4898,4595,3704,807,2897,136,34,102,755,289,466,303,195,153,110,54,56,6,0,6,37,12,25,42,2459,1115,330,415,316,283
2021,Havering 014,E02000477,7889,4923,4705,3863,922,2941,145,37,108,697,284,413,218,141,103,86,65,21,3,0,3,14,6,8,38,2825,1875,296,316,155,183
2021,Havering 015,E02000478,5089,2805,2698,1989,587,1402,250,57,193,459,194,265,107,55,40,37,22,15,2,0,2,1,0,1,15,2229,1475,252,263,102,137
2021,Havering 016,E02000479,7503,4916,4677,3788,889,2899,122,33,89,767,298,469,239,166,130,112,71,41,1,0,1,17,8,9,36,2421,1000,415,418,290,298
2021,Havering 017,E02000480,10616,6839,6378,5217,1222,3995,191,65,126,970,381,589,461,335,265,199,126,73,11,5,6,55,23,32,70,3442,1415,569,687,340,431
2021,Havering 018,E02000481,6657,3921,3768,3131,793,2338,87,23,64,550,233,317,153,95,65,57,50,7,2,1,1,6,6,0,30,2641,1807,266,279,138,151
2021,Havering 019,E02000482,5411,3083,2979,2487,580,1907,91,11,80,401,179,222,104,69,43,37,30,7,2,1,1,4,4,0,26,2259,1628,252,242,53,84
2021,Havering 020,E02000483,6647,4015,3812,3118,745,2373,112,20,92,582,241,341,203,88,55,51,40,11,1,0,1,3,0,3,33,2544,1672,236,284,177,175
2021,Havering 021,E02000484,7004,4376,4180,3443,852,2591,108,26,82,629,239,390,196,139,113,102,85,17,3,0,3,8,5,3,26,2489,1556,296,297,161,179
2021,Havering 022,E02000485,6884,4385,4211,3449,757,2692,123,28,95,639,240,399,174,83,54,44,29,15,2,0,2,8,8,0,29,2416,1553,266,307,131,159
2021,Havering 023,E02000486,6168,3718,3543,2940,703,2237,91,15,76,512,194,318,175,79,43,38,27,11,1,0,1,4,0,4,36,2371,1529,236,253,189,164
2021,Havering 024,E02000487,6597,3661,3572,2912,768,2144,133,27,106,527,232,295,89,82,59,56,44,12,1,1,0,2,2,0,23,2854,2115,265,274,83,117
2021,Havering 025,E02000488,6345,3844,3701,3098,749,2349,78,17,61,525,214,311,143,75,55,52,36,16,0,0,0,3,2,1,20,2426,1795,202,230,95,104
2021,Havering 026,E02000489,6865,4256,4029,3295,823,2472,103,26,77,631,231,400,227,126,95,81,56,25,0,0,0,14,11,3,31,2483,1430,320,319,198,216
2021,Havering 027,E02000490,6780,4131,3889,3196,802,2394,108,23,85,585,215,370,242,152,111,99,67,32,1,1,0,11,2,9,41,2497,1475,304,334,186,198
2021,Havering 028,E02000491,8249,5082,4716,3800,1011,2789,130,40,90,786,324,462,366,213,173,149,103,46,2,1,1,22,14,8,40,2954,1275,511,550,337,281
2021,Havering 029,E02000492,5629,3293,3132,2506,639,1867,80,11,69,546,214,332,161,89,73,64,42,22,1,0,1,8,8,0,16,2247,1460,211,257,161,158
2021,Havering 030,E02000493,5184,3253,3034,2444,628,1816,117,34,83,473,158,315,219,99,75,67,53,14,0,0,0,8,6,2,24,1832,829,299,319,150,235
2021,Hillingdon 001,E02000494,6589,3808,3649,2784,596,2188,211,53,158,654,346,308,159,67,49,42,33,9,2,0,2,5,4,1,18,2714,1660,331,369,170,184
2021,Hillingdon 002,E02000495,8387,5199,4942,3790,840,2950,172,35,137,980,430,550,257,162,137,114,82,32,1,0,1,22,13,9,25,3026,1735,428,418,194,251
2021,Hillingdon 003,E02000496,6384,4011,3813,3104,743,2361,90,16,74,619,262,357,198,76,46,39,30,9,2,0,2,5,4,1,30,2297,1344,255,274,205,219
2021,Hillingdon 004,E02000497,7608,4749,4512,3654,825,2829,144,33,111,714,296,418,237,116,87,68,50,18,2,1,1,17,10,7,29,2743,1551,351,355,253,233
2021,Hillingdon 005,E02000498,5178,3083,2945,2422,564,1858,64,10,54,459,201,258,138,60,41,35,30,5,0,0,0,6,4,2,19,2035,1332,208,230,127,138
2021,Hillingdon 006,E02000499,6368,3808,3637,2955,647,2308,91,25,66,591,242,349,171,103,78,69,51,18,1,1,0,8,8,0,25,2457,1647,308,267,106,129
2021,Hillingdon 007,E02000500,6920,4131,3932,3184,715,2469,154,22,132,594,260,334,199,158,138,109,63,46,0,0,0,29,6,23,20,2631,1785,297,285,94,170
2021,Hillingdon 008,E02000501,6808,4429,4234,3504,811,2693,117,25,92,613,243,370,195,101,81,59,45,14,1,0,1,21,14,7,20,2278,1435,290,245,123,185
2021,Hillingdon 009,E02000502,7027,4702,4504,3747,763,2984,119,30,89,638,288,350,198,135,98,85,68,17,0,0,0,13,10,3,37,2190,1263,299,311,111,206
2021,Hillingdon 010,E02000503,6949,4756,4541,3824,840,2984,99,22,77,618,238,380,215,103,75,64,50,14,1,1,0,10,8,2,28,2090,1236,273,281,109,191
2021,Hillingdon 011,E02000504,6152,3849,3712,3011,666,2345,116,26,90,585,260,325,137,87,59,56,51,5,2,1,1,1,1,0,28,2216,1535,243,220,72,146
2021,Hillingdon 013,E02000506,6577,3967,3818,2974,661,2313,209,58,151,635,261,374,149,96,72,64,47,17,1,0,1,7,6,1,24,2514,1589,320,294,142,169
2021,Hillingdon 014,E02000507,6402,4149,3916,3232,731,2501,96,24,72,588,205,383,233,145,101,93,76,17,2,2,0,6,6,0,44,2108,1014,352,350,181,211
2021,Hillingdon 015,E02000508,9805,5512,5178,4388,794,3594,126,34,92,664,275,389,334,669,374,318,256,62,11,8,3,45,40,5,295,3624,961,1622,500,233,308
2021,Hillingdon 016,E02000509,8854,4113,3830,3177,701,2476,79,25,54,574,253,321,283,845,470,403,335,68,13,10,3,54,41,13,375,3896,852,2121,437,238,248
2021,Hillingdon 017,E02000510,7315,4504,4231,3494,821,2673,119,33,86,618,234,384,273,199,155,134,101,33,4,4,0,17,9,8,44,2612,1287,474,365,225,261
2021,Hillingdon 018,E02000511,7802,4839,4562,3681,989,2692,196,56,140,685,243,442,277,192,135,116,92,24,5,4,1,14,8,6,57,2771,1152,537,528,209,345
2021,Hillingdon 019,E02000512,6813,4101,3789,3059,760,2299,132,47,85,598,243,355,312,171,121,110,86,24,0,0,0,11,10,1,50,2541,870,492,534,304,341
2021,Hillingdon 020,E02000513,7177,4227,3840,3076,922,2154,153,58,95,611,258,353,387,209,139,124,99,25,4,2,2,11,7,4,70,2741,700,533,743,282,483
2021,Hillingdon 021,E02000514,8232,4784,4403,3593,1076,2517,172,60,112,638,275,363,381,260,163,151,113,38,0,0,0,12,7,5,97,3188,1050,713,755,206,464
2021,Hillingdon 022,E02000515,10424,6602,6154,5133,1138,3995,162,58,104,859,323,536,448,331,210,186,141,45,2,0,2,22,17,5,121,3491,1106,832,713,409,431
2021,Hillingdon 023,E02000516,6709,4044,3711,2991,845,2146,142,54,88,578,239,339,333,160,120,104,84,20,0,0,0,16,10,6,40,2505,813,509,562,228,393
2021,Hillingdon 024,E02000517,7945,4690,4352,3576,1019,2557,168,45,123,608,248,360,338,209,147,136,113,23,4,3,1,7,7,0,62,3046,970,610,687,354,425
2021,Hillingdon 025,E02000518,7373,4417,4112,3395,858,2537,103,25,78,614,222,392,305,174,113,94,74,20,1,1,0,18,9,9,61,2782,998,614,555,300,315
2021,Hillingdon 026,E02000519,7318,4036,3712,3035,861,2174,153,58,95,524,222,302,324,236,184,171,136,35,2,1,1,11,7,4,52,3046,971,633,745,312,385
2021,Hillingdon 027,E02000520,10789,6487,5911,4869,1312,3557,211,63,148,831,341,490,576,333,232,214,166,48,1,1,0,17,11,6,101,3969,1149,796,1011,374,639
2021,Hillingdon 028,E02000521,10054,6420,5900,4967,1181,3786,175,48,127,758,284,474,520,289,205,182,137,45,2,0,2,21,13,8,84,3345,896,726,905,371,447
2021,Hillingdon 029,E02000522,7394,4663,4316,3527,840,2687,122,32,90,667,271,396,347,175,118,103,71,32,2,2,0,13,7,6,57,2556,1020,411,491,318,316
2021,Hillingdon 030,E02000523,9031,5677,5193,4288,1177,3111,208,61,147,697,305,392,484,278,202,183,131,52,2,2,0,17,9,8,76,3076,881,725,761,198,511
2021,Hillingdon 031,E02000524,6063,3980,3641,3044,757,2287,95,24,71,502,188,314,339,181,128,115,80,35,1,1,0,12,7,5,53,1902,736,273,372,201,320
2021,Hillingdon 032,E02000525,7704,4909,4422,3765,1132,2633,125,42,83,532,214,318,487,199,145,131,93,38,3,2,1,11,5,6,54,2596,789,478,642,255,432
2021,Hounslow 001,E02000526,7173,4766,4574,3462,522,2940,179,41,138,933,458,475,192,134,117,105,77,28,0,0,0,12,10,2,17,2273,1053,503,356,94,267
2021,Hounslow 004,E02000529,7552,4417,4045,3278,986,2292,209,66,143,558,239,319,372,220,156,139,113,26,2,1,1,15,12,3,64,2915,958,539,767,256,395
2021,Hounslow 005,E02000530,6038,3440,3118,2498,906,1592,130,42,88,490,257,233,322,195,128,110,92,18,4,4,0,14,9,5,67,2403,605,506,627,283,382
2021,Hounslow 006,E02000531,9426,6278,5927,4552,865,3687,209,58,151,1166,534,632,351,210,167,135,90,45,2,2,0,30,25,5,43,2938,1203,538,475,365,357
2021,Hounslow 007,E02000532,7285,4616,4361,3205,594,2611,205,30,175,951,479,472,255,101,76,61,46,15,0,0,0,15,10,5,25,2568,1291,405,433,208,231
2021,Hounslow 008,E02000533,6761,4490,4269,3219,589,2630,176,50,126,874,410,464,221,91,74,61,42,19,0,0,0,13,12,1,17,2180,1042,386,339,172,241
2021,Hounslow 009,E02000534,6939,4563,4285,3286,674,2612,178,38,140,821,362,459,278,177,129,101,70,31,2,2,0,26,16,10,48,2199,1048,391,380,141,239
2021,Hounslow 010,E02000535,8113,4731,4337,3461,967,2494,208,73,135,668,290,378,394,217,164,127,92,35,9,6,3,28,15,13,53,3165,1253,572,630,230,480
2021,Hounslow 011,E02000536,8698,5117,4747,3754,1011,2743,227,77,150,766,346,420,370,231,166,152,114,38,5,2,3,9,5,4,65,3350,1163,672,717,329,469
2021,Hounslow 012,E02000537,8138,5012,4698,3570,856,2714,186,43,143,942,406,536,314,458,309,291,242,49,0,0,0,18,15,3,149,2668,1136,540,493,150,349
2021,Hounslow 013,E02000538,8163,5018,4573,3875,1084,2791,141,44,97,557,243,314,445,214,142,132,95,37,2,1,1,8,4,4,72,2931,960,531,679,231,530
2021,Hounslow 014,E02000539,9612,6545,6138,4971,1016,3955,155,44,111,1012,464,548,407,180,124,108,79,29,1,1,0,15,9,6,56,2887,1057,605,592,304,329
2021,Hounslow 015,E02000540,9510,6223,5778,4678,1105,3573,179,47,132,921,379,542,445,267,198,164,100,64,0,0,0,34,16,18,69,3020,1096,529,682,283,430
2021,Hounslow 016,E02000541,8451,5085,4603,3775,1061,2714,166,51,115,662,280,382,482,239,183,163,128,35,5,4,1,15,8,7,56,3127,1079,540,747,294,467
2021,Hounslow 017,E02000542,9578,5891,5357,4456,1279,3177,167,49,118,734,314,420,534,286,200,181,136,45,2,1,1,17,12,5,86,3401,1083,643,854,375,446
2021,Hounslow 018,E02000543,10896,7201,6625,5379,1262,4117,194,59,135,1052,462,590,576,351,261,227,166,61,5,0,5,29,20,9,90,3344,943,674,934,312,481
2021,Hounslow 019,E02000544,7015,4422,4182,3237,805,2432,153,40,113,792,328,464,240,179,124,107,72,35,2,1,1,15,9,6,55,2414,1202,423,383,145,261
2021,Hounslow 020,E02000545,7147,4461,4177,3362,816,2546,125,35,90,690,333,357,284,151,95,84,63,21,2,0,2,9,7,2,56,2535,947,496,472,349,271
2021,Hounslow 021,E02000546,8183,4967,4602,3659,983,2676,171,45,126,772,321,451,365,283,214,201,145,56,3,3,0,10,3,7,69,2933,1024,538,684,260,427
2021,Hounslow 022,E02000547,8638,5292,4926,4161,1091,3070,120,36,84,645,259,386,366,213,150,128,87,41,5,3,2,17,11,6,63,3133,1311,462,634,288,438
2021,Hounslow 023,E02000548,8122,5130,4764,3989,1072,2917,144,48,96,631,276,355,366,197,159,145,104,41,0,0,0,14,10,4,38,2795,995,470,648,345,337
2021,Hounslow 024,E02000549,10113,6348,5907,4823,1216,3607,196,61,135,888,349,539,441,300,232,196,151,45,20,16,4,16,9,7,68,3465,1404,649,670,285,457
2021,Hounslow 025,E02000550,8228,5466,5054,4290,1054,3236,108,24,84,656,259,397,412,218,150,137,103,34,2,0,2,11,7,4,68,2544,751,487,619,300,387
2021,Hounslow 026,E02000551,7426,4567,4200,3365,1048,2317,110,36,74,725,317,408,367,181,122,117,94,23,0,0,0,5,5,0,59,2678,871,473,575,349,410
2021,Hounslow 027,E02000552,7189,4800,4484,3715,845,2870,103,30,73,666,283,383,316,152,113,98,69,29,0,0,0,15,7,8,39,2237,830,392,453,157,405
2021,Hounslow 028,E02000553,5513,3449,3216,2568,719,1849,98,31,67,550,231,319,233,110,77,66,52,14,0,0,0,11,6,5,33,1954,880,278,373,200,223
2021,Islington 001,E02000554,7635,4788,4415,3554,824,2730,98,32,66,763,343,420,373,170,118,89,61,28,4,1,3,25,19,6,52,2677,743,528,419,608,379
2021,Islington 002,E02000555,7967,5125,4743,3818,753,3065,106,40,66,819,402,417,382,232,174,144,102,42,1,0,1,29,25,4,58,2610,836,606,419,405,344
2021,Islington 003,E02000556,9788,6706,6272,5201,904,4297,127,36,91,944,413,531,434,275,205,161,117,44,2,0,2,42,31,11,70,2807,782,736,373,540,376
2021,Islington 004,E02000557,7461,4941,4613,3691,714,2977,125,40,85,797,404,393,328,194,154,127,102,25,4,4,0,23,17,6,40,2326,761,478,306,444,337
2021,Islington 005,E02000558,7617,4371,3872,3229,836,2393,88,33,55,555,301,254,499,272,176,144,110,34,4,4,0,28,17,11,96,2974,722,656,579,561,456
2021,Islington 006,E02000559,7934,5752,5467,4450,644,3806,143,15,128,874,365,509,285,176,134,115,73,42,2,2,0,17,17,0,42,2006,647,473,315,289,282
2021,Islington 007,E02000560,6404,4435,4130,3308,509,2799,93,27,66,729,313,416,305,283,209,168,114,54,0,0,0,41,33,8,74,1686,502,494,222,224,244
2021,Islington 008,E02000561,6286,4245,4028,3028,474,2554,111,22,89,889,409,480,217,173,121,88,64,24,10,10,0,23,19,4,52,1868,723,535,190,239,181
2021,Islington 009,E02000562,6640,4522,4232,3374,565,2809,109,20,89,749,340,409,290,108,93,79,60,19,0,0,0,14,12,2,15,2010,698,427,309,301,275
2021,Islington 010,E02000563,7241,4409,4021,3335,712,2623,78,27,51,608,289,319,388,256,191,161,111,50,2,2,0,28,25,3,65,2576,675,607,400,539,355
2021,Islington 011,E02000564,10811,7581,7128,6030,792,5238,133,23,110,965,428,537,453,335,238,202,144,58,1,0,1,35,28,7,97,2895,667,1060,410,436,322
2021,Islington 012,E02000565,7116,4716,4285,3338,705,2633,111,31,80,836,373,463,431,203,140,118,99,19,0,0,0,22,17,5,63,2197,551,584,379,341,342
2021,Islington 013,E02000566,7239,5119,4880,3944,513,3431,147,29,118,789,369,420,239,148,112,87,66,21,1,1,0,24,19,5,36,1972,725,476,270,299,202
2021,Islington 014,E02000567,8948,6209,5836,4702,681,4021,146,21,125,988,412,576,373,143,108,82,49,33,3,2,1,23,20,3,35,2596,849,439,394,536,378
2021,Islington 015,E02000568,9586,5474,4955,4166,790,3376,115,28,87,674,268,406,519,367,271,231,158,73,8,7,1,32,32,0,96,3745,784,1118,493,621,729
2021,Islington 016,E02000569,8234,5290,4937,4010,649,3361,144,29,115,783,365,418,353,164,110,97,70,27,0,0,0,13,13,0,54,2780,948,519,478,480,355
2021,Islington 017,E02000570,7151,5101,4820,3773,451,3322,167,24,143,880,400,480,281,150,115,87,51,36,3,1,2,25,21,4,35,1900,772,385,289,234,220
2021,Islington 018,E02000571,7504,4888,4573,3796,626,3170,107,32,75,670,289,381,315,145,96,86,67,19,1,0,1,9,8,1,49,2471,705,598,368,451,349
2021,Islington 019,E02000572,7146,4047,3640,3087,759,2328,71,25,46,482,241,241,407,361,252,221,174,47,0,0,0,31,29,2,109,2738,683,765,459,511,320
2021,Islington 020,E02000573,9026,6188,5904,4798,568,4230,174,25,149,932,389,543,284,257,163,125,88,37,1,0,1,37,30,7,94,2581,815,686,364,380,336
2021,Islington 021,E02000574,7026,4164,3887,3132,476,2656,114,22,92,641,286,355,277,313,185,147,110,37,3,1,2,35,30,5,128,2549,697,1027,224,355,246
2021,Islington 022,E02000575,9879,5905,5508,4528,618,3910,156,26,130,824,390,434,397,442,253,204,160,44,5,5,0,44,33,11,189,3532,781,1573,443,435,300
2021,Islington 023,E02000576,8977,5453,5007,4177,741,3436,118,36,82,712,329,383,446,309,193,153,109,44,1,1,0,39,38,1,116,3215,791,1091,481,474,378
2021,Kensington and Chelsea 001,E02000577,6575,3608,3208,2546,793,1753,114,49,65,548,261,287,400,189,142,121,85,36,0,0,0,21,12,9,47,2778,711,761,464,469,373
2021,Kensington and Chelsea 002,E02000578,4913,2491,2233,1747,526,1221,74,29,45,412,215,197,258,123,71,61,46,15,2,2,0,8,7,1,52,2299,685,464,391,466,293
2021,Kensington and Chelsea 003,E02000579,7487,4617,4280,3148,701,2447,159,31,128,973,458,515,337,116,75,62,40,22,1,1,0,12,6,6,41,2754,964,560,502,403,325
2021,Kensington and Chelsea 004,E02000580,6944,4356,3950,2923,615,2308,164,44,120,863,425,438,406,104,87,71,46,25,0,0,0,16,11,5,17,2484,891,408,368,438,379
2021,Kensington and Chelsea 005,E02000581,6148,3271,2847,2274,674,1600,85,25,60,488,259,229,424,126,87,80,56,24,0,0,0,7,7,0,39,2751,899,515,497,496,344
2021,Kensington and Chelsea 006,E02000582,5724,3600,3409,2509,320,2189,179,48,131,721,359,362,191,144,106,85,48,37,4,2,2,17,17,0,38,1980,808,476,324,137,235
2021,Kensington and Chelsea 007,E02000583,5528,3555,3374,2351,318,2033,220,54,166,803,385,418,181,84,73,52,40,12,2,0,2,19,17,2,11,1889,686,447,367,179,210
2021,Kensington and Chelsea 008,E02000584,6000,3798,3566,2519,348,2171,220,45,175,827,424,403,232,103,50,36,21,15,3,1,2,11,8,3,53,2099,745,547,452,87,268
2021,Kensington and Chelsea 009,E02000585,6711,4094,3795,2711,455,2256,224,34,190,860,395,465,299,83,54,41,26,15,0,0,0,13,13,0,29,2534,810,608,546,170,400
2021,Kensington and Chelsea 010,E02000586,5573,3108,2987,2135,274,1861,201,42,159,651,306,345,121,91,69,45,31,14,3,3,0,21,17,4,22,2374,675,895,411,48,345
2021,Kensington and Chelsea 011,E02000587,5559,3358,3197,2314,333,1981,207,55,152,676,336,340,161,81,59,47,28,19,0,0,0,12,9,3,22,2120,752,591,487,63,227
2021,Kensington and Chelsea 012,E02000588,5197,3019,2906,1985,254,1731,207,41,166,714,321,393,113,80,61,42,26,16,5,2,3,14,9,5,19,2098,726,566,476,70,260
2021,Kensington and Chelsea 013,E02000589,6440,3761,3532,2709,315,2394,144,29,115,679,313,366,229,168,111,91,44,47,1,1,0,19,13,6,57,2511,559,1182,294,148,328
2021,Kensington and Chelsea 014,E02000590,5230,2948,2719,2055,436,1619,113,25,88,551,269,282,229,125,56,45,22,23,0,0,0,11,9,2,69,2157,789,494,344,245,285
2021,Kensington and Chelsea 015,E02000591,5447,3136,2916,2275,382,1893,113,33,80,528,250,278,220,149,106,78,59,19,4,2,2,24,21,3,43,2162,639,662,285,273,303
2021,Kensington and Chelsea 016,E02000592,4942,3109,2974,2167,257,1910,192,39,153,615,274,341,135,117,84,63,41,22,0,0,0,21,16,5,33,1716,534,597,305,88,192
2021,Kensington and Chelsea 017,E02000593,6460,3838,3630,2790,344,2446,122,27,95,718,339,379,208,142,93,73,44,29,2,2,0,18,12,6,49,2480,645,984,445,185,221
2021,Kensington and Chelsea 018,E02000594,5764,3369,3222,2322,412,1910,190,32,158,710,349,361,147,59,38,28,19,9,1,1,0,9,5,4,21,2336,1257,369,395,113,202
2021,Kensington and Chelsea 019,E02000595,5293,3064,2906,2019,241,1778,176,42,134,711,332,379,158,81,58,43,21,22,2,1,1,13,9,4,23,2148,827,458,408,194,261
2021,Kensington and Chelsea 020,E02000596,5801,3674,3478,2579,334,2245,177,34,143,722,338,384,196,116,90,60,43,17,2,2,0,28,24,4,26,2011,642,665,357,133,214
2021,Kensington and Chelsea 021,E02000597,5357,2930,2669,1973,475,1498,110,40,70,586,290,296,261,89,67,46,37,9,2,1,1,19,14,5,22,2338,827,437,382,375,317
2021,Kingston upon Thames 001,E02000598,6193,3937,3762,2888,692,2196,129,36,93,745,371,374,175,86,71,65,47,18,0,0,0,6,6,0,15,2170,1188,418,338,88,138
2021,Kingston upon Thames 002,E02000599,5787,3052,2914,2022,503,1519,219,62,157,673,342,331,138,152,106,88,79,9,7,4,3,11,8,3,46,2583,1268,510,481,140,184
2021,Kingston upon Thames 003,E02000600,6545,4236,4067,3260,625,2635,117,32,85,690,350,340,169,197,141,123,103,20,0,0,0,18,11,7,56,2112,946,463,365,142,196
2021,Kingston upon Thames 004,E02000601,9213,6203,5884,4831,862,3969,154,43,111,899,441,458,319,227,146,125,90,35,2,1,1,19,18,1,81,2783,1153,644,537,205,244
2021,Kingston upon Thames 005,E02000602,8261,4685,4380,3596,797,2799,89,28,61,695,336,359,305,506,348,312,273,39,5,5,0,31,27,4,158,3070,914,1134,455,293,274
2021,Kingston upon Thames 006,E02000603,6854,4092,3811,3066,812,2254,125,28,97,620,288,332,281,288,184,164,129,35,5,4,1,15,11,4,104,2474,860,675,437,254,248
2021,Kingston upon Thames 007,E02000604,7286,4759,4529,3578,849,2729,148,45,103,803,392,411,230,142,118,104,78,26,2,0,2,12,8,4,24,2385,1136,448,442,138,221
2021,Kingston upon Thames 008,E02000605,6743,4167,3975,3153,757,2396,122,24,98,700,347,353,192,100,80,75,57,18,1,0,1,4,2,2,20,2476,1291,394,384,214,193
2021,Kingston upon Thames 009,E02000606,9126,5694,5463,4438,726,3712,139,24,115,886,385,501,231,551,383,344,288,56,6,5,1,33,25,8,168,2881,1082,1053,327,172,247
2021,Kingston upon Thames 010,E02000607,5572,3340,3190,2561,478,2083,82,17,65,547,264,283,150,282,173,152,133,19,3,3,0,18,18,0,109,1950,808,734,193,115,100
2021,Kingston upon Thames 011,E02000608,6242,4358,4157,3440,519,2921,98,24,74,619,278,341,201,252,156,132,99,33,3,2,1,21,15,6,96,1632,623,497,181,153,178
2021,Kingston upon Thames 012,E02000609,6216,3553,3355,2576,697,1879,152,48,104,627,317,310,198,107,96,83,68,15,2,0,2,11,10,1,11,2556,1300,444,393,211,208
2021,Kingston upon Thames 013,E02000610,6721,4540,4316,3567,594,2973,89,22,67,660,308,352,224,183,142,124,100,24,2,1,1,16,15,1,41,1998,930,338,268,234,228
2021,Kingston upon Thames 014,E02000611,5950,3580,3438,2718,663,2055,124,22,102,596,288,308,142,101,73,66,54,12,0,0,0,7,2,5,28,2269,1389,395,264,93,128
2021,Kingston upon Thames 015,E02000612,6762,4127,3951,3155,747,2408,154,34,120,642,294,348,176,98,75,65,56,9,0,0,0,10,5,5,23,2537,1548,340,346,149,154
2021,Kingston upon Thames 016,E02000613,6339,4243,4037,3236,623,2613,122,31,91,679,312,367,206,116,91,83,64,19,1,0,1,7,6,1,25,1980,1018,310,309,179,164
2021,Kingston upon Thames 017,E02000614,7393,4791,4542,3630,969,2661,141,40,101,771,365,406,249,209,158,140,111,29,1,0,1,17,9,8,51,2393,1056,484,404,177,272
2021,Kingston upon Thames 018,E02000615,6293,4123,3940,3146,754,2392,110,31,79,684,320,364,183,149,108,95,78,17,0,0,0,13,13,0,41,2021,1205,276,258,135,147
2021,Kingston upon Thames 019,E02000616,4876,3334,3224,2670,633,2037,70,14,56,484,184,300,110,100,74,66,53,13,0,0,0,8,8,0,26,1442,887,186,181,84,104
2021,Kingston upon Thames 020,E02000617,7093,4612,4406,3594,939,2655,115,29,86,697,305,392,206,113,85,75,66,9,3,1,2,7,6,1,28,2368,1211,344,348,253,212
2021,Lambeth 002,E02000619,7556,4942,4491,3718,776,2942,101,32,69,672,323,349,451,194,138,129,83,46,1,0,1,8,8,0,56,2420,788,557,361,350,364
2021,Lambeth 003,E02000620,8517,5796,5416,4489,797,3692,132,37,95,795,350,445,380,244,173,141,102,39,1,1,0,31,20,11,71,2477,765,693,340,324,355
2021,Lambeth 004,E02000621,11288,7743,7274,6123,868,5255,177,47,130,974,422,552,469,383,235,196,118,78,1,0,1,38,27,11,148,3162,763,1256,301,365,477
2021,Lambeth 005,E02000622,7358,5294,4956,4217,628,3589,96,26,70,643,280,363,338,212,145,124,80,44,1,1,0,20,17,3,67,1852,580,486,251,251,284
2021,Lambeth 006,E02000623,6652,4479,4108,3444,800,2644,110,19,91,554,267,287,371,191,145,131,94,37,1,0,1,13,13,0,46,1982,634,466,297,273,312
2021,Lambeth 007,E02000624,8263,6027,5527,4708,735,3973,87,28,59,732,322,410,500,228,162,133,95,38,4,1,3,25,21,4,66,2008,546,515,299,342,306
2021,Lambeth 008,E02000625,7696,5432,5000,4304,956,3348,106,36,70,590,272,318,432,268,205,184,118,66,0,0,0,21,14,7,63,1996,442,481,398,281,394
2021,Lambeth 009,E02000626,6792,4445,4002,3333,961,2372,104,36,68,565,282,283,443,238,168,143,114,29,5,4,1,20,20,0,70,2109,488,533,322,360,406
2021,Lambeth 010,E02000627,8251,5935,5585,4749,816,3933,101,42,59,735,324,411,350,260,187,163,118,45,0,0,0,24,23,1,73,2056,553,589,297,284,333
2021,Lambeth 011,E02000628,9236,6164,5630,4794,1101,3693,124,40,84,712,342,370,534,416,262,229,163,66,4,4,0,29,18,11,154,2656,714,614,412,410,506
2021,Lambeth 012,E02000629,8093,6195,5918,5081,606,4475,121,20,101,716,331,385,277,176,146,133,75,58,2,0,2,11,11,0,30,1722,509,372,271,279,291
2021,Lambeth 013,E02000630,6609,4961,4744,3985,433,3552,96,16,80,663,263,400,217,113,86,72,41,31,0,0,0,14,11,3,27,1535,586,299,237,225,188
2021,Lambeth 014,E02000631,7953,5751,5405,4416,796,3620,122,22,100,867,378,489,346,219,158,144,103,41,3,0,3,11,10,1,61,1983,666,565,276,225,251
2021,Lambeth 015,E02000632,8902,7274,6974,6239,591,5648,103,21,82,632,265,367,300,187,153,139,84,55,2,1,1,12,11,1,34,1441,494,325,167,232,223
2021,Lambeth 016,E02000633,7848,5468,5089,4373,777,3596,82,24,58,634,290,344,379,225,168,145,108,37,2,2,0,21,16,5,57,2155,569,522,362,321,381
2021,Lambeth 017,E02000634,5892,4176,3933,3394,463,2931,61,14,47,478,214,264,243,139,102,84,58,26,4,3,1,14,11,3,37,1577,497,339,220,295,226
2021,Lambeth 018,E02000635,8476,6268,5899,4832,723,4109,119,28,91,948,422,526,369,222,170,136,92,44,2,1,1,32,25,7,52,1986,574,499,256,374,283
2021,Lambeth 019,E02000636,6508,5132,4953,4141,382,3759,130,24,106,682,316,366,179,93,69,52,34,18,1,1,0,16,13,3,24,1283,516,246,250,102,169
2021,Lambeth 020,E02000637,7408,5781,5493,4578,645,3933,91,23,68,824,357,467,288,179,138,114,78,36,0,0,0,24,17,7,41,1448,514,322,193,168,251
2021,Lambeth 021,E02000638,8756,6004,5596,4651,919,3732,113,37,76,832,384,448,408,224,152,125,95,30,4,3,1,23,13,10,72,2528,552,493,335,337,811
2021,Lambeth 022,E02000639,7157,4972,4542,3827,836,2991,75,20,55,640,309,331,430,210,171,145,104,41,5,5,0,21,15,6,39,1975,513,486,323,277,376
2021,Lambeth 023,E02000640,7712,5881,5622,4844,560,4284,120,34,86,658,308,350,259,130,97,86,55,31,3,1,2,8,6,2,33,1701,664,386,255,182,214
2021,Lambeth 024,E02000641,6825,4389,4002,3357,926,2431,100,27,73,545,258,287,387,230,144,130,93,37,2,2,0,12,9,3,86,2206,569,554,378,353,352
2021,Lambeth 025,E02000642,8014,5550,5250,4247,809,3438,119,28,91,884,427,457,300,146,96,84,57,27,0,0,0,12,10,2,50,2318,911,513,335,280,279
2021,Lambeth 026,E02000643,7881,5774,5439,4388,731,3657,106,22,84,945,423,522,335,168,119,104,69,35,2,1,1,13,7,6,49,1939,576,514,326,266,257
2021,Lambeth 027,E02000644,6916,5077,4785,3745,720,3025,128,37,91,912,383,529,292,118,89,79,55,24,0,0,0,10,10,0,29,1721,610,430,271,169,241
2021,Lambeth 028,E02000645,7702,5395,5059,4026,777,3249,128,29,99,905,456,449,336,153,114,97,57,40,1,1,0,16,12,4,39,2154,707,382,321,379,365
2021,Lambeth 029,E02000646,7964,5791,5486,4416,782,3634,142,36,106,928,454,474,305,136,114,94,62,32,1,1,0,19,11,8,22,2037,764,370,363,252,288
2021,Lambeth 030,E02000647,6933,4683,4382,3377,757,2620,116,23,93,889,432,457,301,139,104,97,74,23,0,0,0,7,7,0,35,2111,915,384,261,274,277
2021,Lambeth 031,E02000648,6074,3899,3556,2933,704,2229,89,36,53,534,242,292,343,185,107,101,79,22,0,0,0,6,3,3,78,1990,623,397,305,391,274
2021,Lambeth 032,E02000649,10421,7755,7264,5682,1033,4649,184,48,136,1398,611,787,491,224,172,155,107,48,0,0,0,17,10,7,52,2442,706,465,455,405,411
2021,Lambeth 033,E02000650,6164,4244,3922,3151,646,2505,86,20,66,685,325,360,322,124,80,70,54,16,1,1,0,9,6,3,44,1796,593,334,280,352,237
2021,Lambeth 034,E02000651,7209,5016,4697,3634,747,2887,125,31,94,938,440,498,319,137,107,92,68,24,1,1,0,14,9,5,30,2056,870,388,337,200,261
2021,Lambeth 035,E02000652,6166,4042,3763,2896,696,2200,130,33,97,737,326,411,279,178,120,97,82,15,2,1,1,21,16,5,58,1946,792,394,306,161,293
2021,Lewisham 001,E02000653,10607,7372,6847,5949,988,4961,113,47,66,785,359,426,525,400,309,272,191,81,5,3,2,32,26,6,91,2835,553,856,501,436,489
2021,Lewisham 002,E02000654,7017,4508,4053,3422,907,2515,81,21,60,550,251,299,455,329,233,212,164,48,0,0,0,21,14,7,96,2180,471,536,378,385,410
2021,Lewisham 003,E02000655,8398,5539,5021,4205,962,3243,108,25,83,708,302,406,518,495,338,291,237,54,2,0,2,45,32,13,157,2364,495,787,351,317,414
2021,Lewisham 005,E02000657,8350,5253,4855,3848,868,2980,105,24,81,902,420,482,398,445,287,232,193,39,2,2,0,53,50,3,158,2652,579,1096,345,282,350
2021,Lewisham 006,E02000658,7293,5016,4625,3662,809,2853,105,28,77,858,441,417,391,276,190,158,127,31,0,0,0,32,25,7,86,2001,610,509,258,302,322
2021,Lewisham 007,E02000659,6672,4560,4267,3519,622,2897,93,28,65,655,323,332,293,170,123,98,75,23,3,2,1,22,13,9,47,1942,684,422,382,228,226
2021,Lewisham 008,E02000660,6897,5103,4800,3833,713,3120,107,30,77,860,432,428,303,230,157,125,87,38,2,0,2,30,24,6,73,1564,486,413,232,218,215
2021,Lewisham 009,E02000661,5415,3752,3478,2800,507,2293,77,19,58,601,292,309,274,135,95,78,52,26,2,1,1,15,12,3,40,1528,771,244,210,149,154
2021,Lewisham 010,E02000662,6598,4585,4266,3425,818,2607,97,25,72,744,349,395,319,203,144,121,96,25,3,2,1,20,15,5,59,1810,507,411,307,295,290
2021,Lewisham 011,E02000663,5654,3903,3641,2874,553,2321,78,17,61,689,304,385,262,188,135,119,92,27,1,1,0,15,15,0,53,1563,615,317,262,154,215
2021,Lewisham 013,E02000665,6570,4493,4207,3389,703,2686,94,16,78,724,342,382,286,141,112,93,68,25,5,3,2,14,8,6,29,1936,824,347,294,204,267
2021,Lewisham 014,E02000666,5764,3947,3710,2977,684,2293,75,19,56,658,301,357,237,146,111,97,79,18,1,1,0,13,10,3,35,1671,624,339,241,254,213
2021,Lewisham 015,E02000667,5334,3775,3588,2842,605,2237,89,23,66,657,293,364,187,108,82,67,58,9,1,1,0,14,10,4,26,1451,646,349,155,108,193
2021,Lewisham 016,E02000668,5293,3531,3301,2649,562,2087,82,21,61,570,274,296,230,141,106,96,71,25,2,0,2,8,7,1,35,1621,759,297,277,136,152
2021,Lewisham 017,E02000669,6442,4512,4175,3379,714,2665,101,21,80,695,314,381,337,152,121,95,67,28,4,3,1,22,17,5,31,1778,599,285,293,312,289
2021,Lewisham 018,E02000670,5389,3557,3311,2694,755,1939,70,17,53,547,241,306,246,125,99,86,53,33,0,0,0,13,7,6,26,1707,601,322,282,242,260
2021,Lewisham 019,E02000671,6991,5081,4779,3756,745,3011,91,15,76,932,439,493,302,146,114,92,68,24,0,0,0,22,15,7,32,1764,739,320,269,232,204
2021,Lewisham 020,E02000672,8217,5626,5202,4171,962,3209,172,56,116,859,403,456,424,184,140,107,75,32,10,1,9,23,16,7,44,2407,729,453,401,487,337
2021,Lewisham 021,E02000673,6630,4887,4593,3524,642,2882,114,28,86,955,446,509,294,135,99,83,57,26,3,3,0,13,13,0,36,1608,726,308,220,155,199
2021,Lewisham 022,E02000674,6793,4442,4111,3311,798,2513,104,30,74,696,306,390,331,136,107,97,67,30,0,0,0,10,5,5,29,2215,928,463,285,265,274
2021,Lewisham 023,E02000675,6832,4468,4186,3351,792,2559,133,35,98,702,312,390,282,143,101,80,54,26,0,0,0,21,12,9,42,2221,1088,350,296,250,237
2021,Lewisham 024,E02000676,6250,4509,4268,3410,694,2716,95,23,72,763,353,410,241,133,93,72,54,18,1,0,1,20,16,4,40,1608,683,288,235,188,214
2021,Lewisham 025,E02000677,5868,3744,3477,2794,658,2136,122,25,97,561,271,290,267,139,114,104,90,14,1,1,0,9,9,0,25,1985,916,302,298,230,239
2021,Lewisham 026,E02000678,5332,3300,3035,2417,674,1743,82,24,58,536,234,302,265,137,101,97,67,30,0,0,0,4,4,0,36,1895,616,405,320,272,282
2021,Lewisham 027,E02000679,6406,4328,4000,3176,714,2462,110,29,81,714,342,372,328,145,119,97,72,25,4,3,1,18,12,6,26,1933,776,326,297,290,244
2021,Lewisham 028,E02000680,5508,3704,3431,2736,616,2120,85,26,59,610,297,313,273,132,104,88,66,22,5,3,2,11,7,4,28,1672,633,305,308,212,214
2021,Lewisham 029,E02000681,6673,4105,3808,3080,800,2280,123,32,91,605,303,302,297,181,125,110,83,27,1,1,0,14,10,4,56,2387,924,445,351,313,354
2021,Lewisham 030,E02000682,6834,4085,3711,2990,966,2024,144,53,91,577,242,335,374,189,128,122,98,24,1,1,0,5,5,0,61,2560,873,574,465,307,341
2021,Lewisham 031,E02000683,5416,3412,3112,2520,691,1829,89,32,57,503,199,304,300,130,108,94,74,20,0,0,0,14,9,5,22,1874,699,314,291,276,294
2021,Lewisham 033,E02000685,6456,4216,3932,3165,767,2398,88,22,66,679,327,352,284,169,121,103,70,33,2,1,1,16,10,6,48,2071,862,378,274,274,283
2021,Lewisham 034,E02000686,5742,3541,3212,2699,801,1898,81,29,52,432,207,225,329,173,132,107,83,24,5,5,0,20,16,4,41,2028,535,400,411,367,315
2021,Lewisham 035,E02000687,6620,4433,4124,3216,712,2504,109,37,72,799,411,388,309,133,104,93,55,38,1,0,1,10,7,3,29,2054,936,295,330,248,245
2021,Merton 001,E02000689,7031,5028,4838,3930,579,3351,161,34,127,747,366,381,190,113,83,63,41,22,2,1,1,18,12,6,30,1890,807,368,424,104,187
2021,Merton 002,E02000690,4580,2400,2300,1597,308,1289,149,32,117,554,300,254,100,37,24,20,19,1,1,1,0,3,2,1,13,2143,1257,295,387,70,134
2021,Merton 003,E02000691,6015,4336,4151,3338,517,2821,135,25,110,678,312,366,185,98,76,68,49,19,1,0,1,7,3,4,22,1581,728,295,295,108,155
2021,Merton 004,E02000692,6463,4296,4150,3211,394,2817,151,32,119,788,362,426,146,82,52,39,28,11,3,3,0,10,6,4,30,2085,1159,286,376,69,195
2021,Merton 005,E02000693,8445,6373,6061,4935,709,4226,138,33,105,988,428,560,312,190,161,132,94,38,5,3,2,24,20,4,29,1882,761,357,303,186,275
2021,Merton 006,E02000694,7344,5558,5328,4420,610,3810,121,30,91,787,373,414,230,99,75,62,44,18,2,1,1,11,8,3,24,1687,737,293,311,165,181
2021,Merton 007,E02000695,7129,4681,4422,3298,822,2476,161,42,119,963,416,547,259,172,143,122,98,24,5,0,5,16,10,6,29,2276,1008,424,397,183,264
2021,Merton 008,E02000696,7073,5056,4726,3574,784,2790,159,38,121,993,387,606,330,210,172,141,112,29,3,3,0,28,20,8,38,1807,594,322,403,183,305
2021,Merton 009,E02000697,7164,5560,5347,4371,631,3740,121,20,101,855,374,481,213,100,74,62,48,14,1,1,0,11,11,0,26,1504,690,303,291,59,161
2021,Merton 010,E02000698,6465,4031,3894,2928,557,2371,176,33,143,790,414,376,137,93,63,56,39,17,1,0,1,6,4,2,30,2341,1284,390,437,70,160
2021,Merton 011,E02000699,6442,4636,4440,3573,581,2992,111,24,87,756,391,365,196,81,56,43,30,13,0,0,0,13,9,4,25,1725,935,286,298,64,142
2021,Merton 012,E02000700,6865,4517,4189,3290,874,2416,141,55,86,758,366,392,328,162,132,119,92,27,0,0,0,13,5,8,30,2186,669,434,505,280,298
2021,Merton 013,E02000701,7216,4667,4355,3318,925,2393,137,44,93,900,410,490,312,225,176,154,119,35,0,0,0,22,14,8,49,2324,891,449,481,198,305
2021,Merton 014,E02000702,7126,4529,4195,3320,877,2443,92,24,68,783,352,431,334,213,158,138,100,38,3,2,1,17,10,7,55,2384,812,498,501,266,307
2021,Merton 015,E02000703,6379,4028,3872,2976,663,2313,154,35,119,742,372,370,156,115,86,70,47,23,3,3,0,13,10,3,29,2236,1337,320,337,88,154
2021,Merton 016,E02000704,7026,4894,4656,3746,641,3105,123,14,109,787,361,426,238,140,105,83,53,30,1,1,0,21,18,3,35,1992,955,300,355,169,213
2021,Merton 017,E02000705,7520,4889,4601,3483,888,2595,165,40,125,953,379,574,288,172,126,111,88,23,2,0,2,13,12,1,46,2459,1069,480,408,236,266
2021,Merton 018,E02000706,7652,4825,4510,3550,1044,2506,118,41,77,842,378,464,315,215,168,161,110,51,1,0,1,6,6,0,47,2612,741,531,571,355,414
2021,Merton 019,E02000707,6493,4006,3693,2949,881,2068,120,37,83,624,283,341,313,201,151,137,109,28,0,0,0,14,10,4,50,2286,751,508,452,255,320
2021,Merton 020,E02000708,7079,4704,4503,3614,807,2807,136,27,109,753,332,421,201,150,119,105,82,23,1,1,0,13,5,8,31,2225,1173,422,330,113,187
2021,Merton 021,E02000709,6405,3999,3824,2996,706,2290,111,39,72,717,311,406,175,126,94,87,67,20,1,1,0,6,4,2,32,2280,1367,335,294,118,166
2021,Merton 022,E02000710,7376,4499,4190,3248,868,2380,152,47,105,790,367,423,309,183,151,126,106,20,0,0,0,25,18,7,32,2694,1186,391,467,308,342
2021,Merton 023,E02000711,7533,4966,4664,3566,894,2672,143,38,105,955,425,530,302,201,167,137,93,44,10,6,4,20,13,7,34,2366,819,434,523,288,302
2021,Merton 024,E02000712,7651,4704,4442,3542,968,2574,128,35,93,772,336,436,262,193,149,128,104,24,5,5,0,16,11,5,44,2754,1097,471,567,308,311
2021,Merton 025,E02000713,6306,4034,3865,3151,759,2392,97,28,69,617,259,358,169,125,99,93,71,22,2,1,1,4,4,0,26,2147,1257,303,279,129,179
2021,Newham 001,E02000714,6068,3882,3566,2682,729,1953,104,31,73,780,325,455,316,200,145,120,81,39,3,0,3,22,14,8,55,1986,521,454,498,214,299
2021,Newham 002,E02000715,5318,2782,2535,1878,754,1124,104,41,63,553,251,302,247,234,167,146,114,32,1,0,1,20,10,10,67,2302,468,571,745,229,289
2021,Newham 003,E02000716,5591,3137,2868,2191,795,1396,105,36,69,572,246,326,269,214,175,152,133,19,7,4,3,16,7,9,39,2240,557,508,607,218,350
2021,Newham 004,E02000717,6208,3320,3040,2399,964,1435,102,37,65,539,254,285,280,275,210,174,135,39,9,5,4,27,19,8,65,2613,537,587,826,267,396
2021,Newham 005,E02000718,5412,2885,2632,2051,811,1240,97,28,69,484,209,275,253,263,146,131,107,24,0,0,0,15,12,3,117,2264,414,611,666,259,314
2021,Newham 006,E02000719,6571,4217,3861,2936,805,2131,151,38,113,774,286,488,356,276,214,172,115,57,11,7,4,31,19,12,62,2078,491,497,499,262,329
2021,Newham 007,E02000720,5844,3417,3093,2332,759,1573,145,53,92,616,286,330,324,261,213,180,149,31,1,1,0,32,22,10,48,2166,592,499,592,174,309
2021,Newham 008,E02000721,7284,3939,3553,2749,1029,1720,141,51,90,663,269,394,386,322,234,197,149,48,4,4,0,33,22,11,88,3023,631,660,895,311,526
2021,Newham 009,E02000722,6749,4383,3968,2997,826,2171,138,36,102,833,321,512,415,300,238,195,135,60,4,1,3,39,17,22,62,2066,525,449,465,268,359
2021,Newham 010,E02000723,8775,4788,4398,3476,1172,2304,184,63,121,738,281,457,390,466,351,308,241,67,9,8,1,34,21,13,115,3521,900,726,1050,338,507
2021,Newham 011,E02000724,7501,3918,3580,2800,1000,1800,139,46,93,641,312,329,338,361,278,236,168,68,8,7,1,34,18,16,83,3222,690,703,1101,276,452
2021,Newham 012,E02000725,8299,5489,5043,4083,947,3136,146,52,94,814,319,495,446,329,256,207,145,62,2,2,0,47,32,15,73,2481,580,769,499,252,381
2021,Newham 014,E02000727,6488,3442,3136,2442,916,1526,108,38,70,586,270,316,306,289,203,171,124,47,6,4,2,26,10,16,86,2757,532,693,851,279,402
2021,Newham 015,E02000728,6658,3817,3519,2533,933,1600,186,52,134,800,312,488,298,345,262,206,152,54,6,0,6,50,30,20,83,2496,542,588,830,184,352
2021,Newham 016,E02000729,5758,3414,3127,2349,675,1674,114,35,79,664,259,405,287,223,178,141,94,47,7,0,7,30,13,17,45,2121,647,394,520,248,312
2021,Newham 017,E02000730,7723,4327,3862,2906,970,1936,156,56,100,800,350,450,465,426,234,208,143,65,3,3,0,23,17,6,192,2970,748,634,902,253,433
2021,Newham 018,E02000731,7640,4096,3753,2866,1006,1860,176,66,110,711,298,413,343,355,235,204,162,42,2,2,0,29,19,10,120,3189,722,737,960,279,491
2021,Newham 019,E02000732,6817,3662,3282,2651,900,1751,101,31,70,530,253,277,380,330,257,220,162,58,4,4,0,33,14,19,73,2825,537,635,841,311,501
2021,Newham 020,E02000733,8196,5035,4585,3616,1052,2564,160,49,111,809,313,496,450,337,243,199,133,66,10,3,7,34,24,10,94,2824,693,707,569,391,464
2021,Newham 021,E02000734,5891,3641,3316,2543,751,1792,108,26,82,665,260,405,325,207,152,137,87,50,0,0,0,15,11,4,55,2043,520,466,488,251,318
2021,Newham 022,E02000735,6665,3793,3486,2665,907,1758,144,43,101,677,279,398,307,327,234,199,155,44,10,8,2,25,16,9,93,2545,642,606,682,254,361
2021,Newham 023,E02000736,6795,3776,3423,2634,962,1672,136,52,84,653,280,373,353,295,222,194,141,53,3,1,2,25,12,13,73,2724,524,685,777,324,414
2021,Newham 024,E02000737,7833,4542,4101,3102,1008,2094,155,59,96,844,349,495,441,338,236,205,154,51,2,1,1,29,20,9,102,2953,664,725,766,345,453
2021,Newham 025,E02000738,7228,4497,4182,3188,912,2276,177,49,128,817,323,494,315,285,211,180,125,55,6,5,1,25,12,13,74,2446,546,614,727,229,330
2021,Newham 026,E02000739,6097,3650,3372,2503,742,1761,136,43,93,733,284,449,278,275,200,142,91,51,7,0,7,51,41,10,75,2172,486,580,509,275,322
2021,Newham 027,E02000740,5484,3439,3073,2388,693,1695,91,39,52,594,279,315,366,233,168,136,99,37,7,6,1,25,15,10,65,1812,423,422,389,248,330
2021,Newham 028,E02000741,6294,3804,3483,2657,789,1868,153,39,114,673,278,395,321,226,166,126,90,36,7,0,7,33,18,15,60,2264,565,492,614,244,349
2021,Newham 029,E02000742,6454,3793,3499,2598,881,1717,152,47,105,749,244,505,294,279,196,163,104,59,6,3,3,27,12,15,83,2382,501,557,680,283,361
2021,Newham 030,E02000743,8227,5081,4561,3672,1028,2644,140,34,106,749,296,453,520,350,248,197,144,53,6,3,3,45,24,21,102,2796,548,755,621,385,487
2021,Newham 031,E02000744,7076,4409,4058,3115,881,2234,158,57,101,785,286,499,351,323,229,179,102,77,5,3,2,45,26,19,94,2344,560,526,553,305,400
2021,Newham 032,E02000745,6806,4265,3926,2865,832,2033,162,35,127,899,301,598,339,300,242,187,129,58,11,11,0,44,33,11,58,2241,544,581,504,304,308
2021,Newham 033,E02000746,7631,4754,4380,3469,833,2636,140,37,103,771,306,465,374,370,228,202,160,42,4,4,0,22,16,6,142,2507,510,779,506,345,367
2021,Newham 034,E02000747,10979,7596,7082,5950,947,5003,192,54,138,940,355,585,514,432,318,256,165,91,18,6,12,44,24,20,114,2951,672,735,618,441,485
2021,Newham 035,E02000748,4964,3103,2875,2012,597,1415,123,20,103,740,280,460,228,289,213,164,103,61,8,0,8,41,24,17,76,1572,446,425,293,215,193
2021,Newham 036,E02000749,7535,4504,4066,3190,921,2269,124,32,92,752,282,470,438,332,268,232,155,77,4,0,4,32,19,13,64,2699,593,647,547,459,453
2021,Redbridge 001,E02000751,9138,5382,5093,3817,839,2978,257,61,196,1019,482,537,289,109,86,68,50,18,4,0,4,14,9,5,23,3647,2255,499,446,174,273
2021,Redbridge 002,E02000752,6784,4360,4114,3146,828,2318,158,39,119,810,324,486,246,159,127,105,78,27,3,1,2,19,15,4,32,2265,819,413,435,343,255
2021,Redbridge 003,E02000753,5381,3385,3157,2335,644,1691,129,30,99,693,279,414,228,117,90,64,52,12,1,1,0,25,16,9,27,1879,786,336,363,219,175
2021,Redbridge 004,E02000754,5456,3606,3413,2664,597,2067,96,16,80,653,256,397,193,109,81,59,43,16,5,3,2,17,11,6,28,1741,887,291,244,156,163
2021,Redbridge 005,E02000755,4411,2888,2745,2074,512,1562,91,23,68,580,252,328,143,93,74,60,36,24,0,0,0,14,10,4,19,1430,746,216,189,148,131
2021,Redbridge 006,E02000756,11507,7196,6805,4959,1307,3652,362,106,256,1484,547,937,391,335,276,193,131,62,17,9,8,66,30,36,59,3976,1687,757,746,328,458
2021,Redbridge 007,E02000757,10017,6841,6479,5141,970,4171,226,52,174,1112,495,617,362,195,160,123,87,36,5,2,3,32,24,8,35,2981,1600,467,463,208,243
2021,Redbridge 008,E02000758,5452,3148,2956,2278,673,1605,165,50,115,513,253,260,192,151,112,91,74,17,4,3,1,17,12,5,39,2153,921,411,400,183,238
2021,Redbridge 009,E02000759,10252,6683,6351,4948,1122,3826,237,67,170,1166,474,692,332,248,204,161,120,41,1,1,0,42,20,22,44,3321,1402,672,574,282,391
2021,Redbridge 010,E02000760,5917,3436,3245,2436,681,1755,162,45,117,647,284,363,191,150,123,99,74,25,4,0,4,20,10,10,27,2331,997,467,429,203,235
2021,Redbridge 012,E02000762,5405,3149,2983,2245,611,1634,182,43,139,556,238,318,166,155,125,107,83,24,1,0,1,17,9,8,30,2101,1038,399,365,100,199
2021,Redbridge 013,E02000763,6337,3954,3685,2823,824,1999,184,36,148,678,240,438,269,188,156,135,100,35,0,0,0,21,8,13,32,2195,859,454,388,169,325
2021,Redbridge 014,E02000764,10251,6622,6295,4813,904,3909,302,79,223,1180,586,594,327,155,118,102,63,39,4,2,2,12,10,2,37,3474,2062,435,473,219,285
2021,Redbridge 015,E02000765,5839,3511,3305,2402,667,1735,160,42,118,743,308,435,206,175,148,117,77,40,4,1,3,27,16,11,27,2153,797,450,568,140,198
2021,Redbridge 017,E02000767,6672,4083,3837,2977,802,2175,153,54,99,707,260,447,246,187,150,123,87,36,2,2,0,25,12,13,37,2402,911,448,520,263,260
2021,Redbridge 018,E02000768,4612,2968,2826,2206,441,1765,115,29,86,505,238,267,142,54,35,27,17,10,1,0,1,7,7,0,19,1590,937,249,206,65,133
2021,Redbridge 020,E02000770,6412,3745,3483,2619,758,1861,187,48,139,677,281,396,262,220,179,152,114,38,6,3,3,21,11,10,41,2447,857,548,536,203,303
2021,Redbridge 022,E02000772,6402,3657,3369,2606,747,1859,151,48,103,612,243,369,288,219,169,140,106,34,3,0,3,26,9,17,50,2526,715,569,629,231,382
2021,Redbridge 023,E02000773,8199,4663,4368,3434,1056,2378,186,69,117,748,307,441,295,272,184,151,113,38,14,6,8,19,15,4,88,3264,828,1056,747,283,350
2021,Redbridge 024,E02000774,6157,3523,3245,2385,784,1601,162,56,106,698,284,414,278,236,179,144,115,29,8,6,2,27,18,9,57,2398,710,480,678,200,330
2021,Redbridge 026,E02000776,5367,3139,2944,2188,667,1521,133,37,96,623,267,356,195,186,145,123,84,39,0,0,0,22,11,11,41,2042,596,437,540,193,276
2021,Redbridge 027,E02000777,4774,2942,2782,2136,462,1674,118,28,90,528,241,287,160,81,63,54,42,12,0,0,0,9,5,4,18,1751,943,274,237,148,149
2021,Redbridge 029,E02000779,6419,3651,3353,2527,891,1636,155,50,105,671,291,380,298,216,166,133,101,32,8,2,6,25,12,13,50,2552,654,467,780,257,394
2021,Redbridge 031,E02000781,12330,7113,6615,4938,1502,3436,364,124,240,1313,573,740,498,411,307,257,201,56,14,6,8,36,21,15,104,4806,1591,1197,1164,321,533
2021,Redbridge 032,E02000782,8469,4745,4369,3422,1109,2313,167,72,95,780,320,460,376,306,216,178,124,54,3,3,0,35,21,14,90,3418,648,815,1063,383,509
2021,Redbridge 033,E02000783,5447,2971,2683,2031,765,1266,148,55,93,504,211,293,288,274,154,126,99,27,4,4,0,24,13,11,120,2202,438,484,740,224,316
2021,Richmond upon Thames 001,E02000784,8209,4881,4626,3273,646,2627,225,34,191,1128,586,542,255,116,89,66,51,15,1,1,0,22,15,7,27,3212,1643,608,529,192,240
2021,Richmond upon Thames 002,E02000785,7991,5186,4979,3807,549,3258,179,33,146,993,505,488,207,86,65,55,30,25,1,0,1,9,7,2,21,2719,1583,419,403,98,216
2021,Richmond upon Thames 003,E02000786,8926,6158,5898,4438,761,3677,236,36,200,1224,629,595,260,104,82,63,51,12,2,1,1,17,12,5,22,2664,1324,417,469,216,238
2021,Richmond upon Thames 004,E02000787,9591,6498,6166,4875,822,4053,186,48,138,1105,524,581,332,124,93,76,50,26,0,0,0,17,16,1,31,2969,1330,503,563,273,300
2021,Richmond upon Thames 005,E02000788,6964,4718,4522,3380,671,2709,174,34,140,968,492,476,196,84,65,48,34,14,5,3,2,12,11,1,19,2162,1184,346,353,108,171
2021,Richmond upon Thames 006,E02000789,5152,3319,3163,2366,356,2010,148,26,122,649,310,339,156,47,34,30,24,6,0,0,0,4,1,3,13,1786,965,281,306,107,127
2021,Richmond upon Thames 007,E02000790,5161,3689,3553,2678,440,2238,144,21,123,731,364,367,136,63,42,36,22,14,2,1,1,4,4,0,21,1409,703,298,264,46,98
2021,Richmond upon Thames 008,E02000791,5296,3513,3365,2429,316,2113,177,27,150,759,362,397,148,80,62,51,40,11,1,1,0,10,7,3,18,1703,900,275,341,47,140
2021,Richmond upon Thames 009,E02000792,5782,3803,3642,2691,465,2226,117,20,97,834,424,410,161,57,39,30,22,8,2,2,0,7,4,3,18,1922,1104,335,278,79,126
2021,Richmond upon Thames 010,E02000793,6560,4150,3929,3095,738,2357,118,26,92,716,327,389,221,87,67,60,43,17,0,0,0,7,6,1,20,2323,1278,388,307,170,180
2021,Richmond upon Thames 011,E02000794,5552,3819,3659,2944,488,2456,117,29,88,598,279,319,160,87,64,55,40,15,1,0,1,8,8,0,23,1646,945,304,221,69,107
2021,Richmond upon Thames 012,E02000795,5294,3126,3015,2149,472,1677,159,40,119,707,373,334,111,59,46,36,29,7,0,0,0,10,6,4,13,2109,1134,360,365,126,124
2021,Richmond upon Thames 013,E02000796,8766,5211,4881,3936,1059,2877,148,37,111,797,356,441,330,204,165,148,118,30,1,0,1,16,11,5,39,3351,1635,559,544,294,319
2021,Richmond upon Thames 014,E02000797,6282,4480,4297,3426,530,2896,109,21,88,762,354,408,183,111,76,64,58,6,0,0,0,12,10,2,35,1691,870,340,264,76,141
2021,Richmond upon Thames 015,E02000798,8694,5821,5558,4375,924,3451,173,38,135,1010,477,533,263,131,110,94,82,12,1,1,0,15,12,3,21,2742,1374,555,378,207,228
2021,Richmond upon Thames 016,E02000799,5473,2996,2867,2185,411,1774,102,22,80,580,330,250,129,307,179,158,145,13,0,0,0,21,20,1,128,2170,955,786,203,94,132
2021,Richmond upon Thames 017,E02000800,4128,2517,2395,1820,512,1308,80,15,65,495,271,224,122,53,42,35,28,7,0,0,0,7,5,2,11,1558,774,255,236,166,127
2021,Richmond upon Thames 018,E02000801,5614,3758,3574,2755,535,2220,106,26,80,713,362,351,184,110,87,75,57,18,1,0,1,11,8,3,23,1746,996,311,235,87,117
2021,Richmond upon Thames 019,E02000802,5660,3687,3542,2730,584,2146,109,25,84,703,340,363,145,72,55,48,39,9,0,0,0,7,6,1,17,1901,1176,252,213,140,120
2021,Richmond upon Thames 020,E02000803,7823,4686,4393,3468,844,2624,154,52,102,771,375,396,293,110,88,70,59,11,0,0,0,18,13,5,22,3027,1671,413,400,312,231
2021,Richmond upon Thames 021,E02000804,5870,3725,3555,2811,506,2305,101,26,75,643,336,307,170,117,88,72,62,10,1,1,0,15,14,1,29,2028,1201,353,249,94,131
2021,Richmond upon Thames 022,E02000805,8717,5468,5211,3987,860,3127,170,43,127,1054,534,520,257,152,119,101,74,27,3,2,1,15,12,3,33,3097,1653,519,401,270,254
2021,Richmond upon Thames 023,E02000806,8342,5154,4942,3815,871,2944,176,31,145,951,453,498,212,107,90,74,56,18,1,1,0,15,7,8,17,3081,1846,410,392,221,212
2021,Southwark 001,E02000807,7169,5532,5275,4517,536,3981,93,21,72,665,291,374,257,143,117,99,64,35,0,0,0,18,11,7,26,1494,588,332,264,130,180
2021,Southwark 002,E02000808,9296,5590,5250,4452,471,3981,128,29,99,670,273,397,340,499,308,242,181,61,3,1,2,63,56,7,191,3207,617,1847,232,239,272
2021,Southwark 004,E02000810,9887,6947,6509,5586,961,4625,137,50,87,786,345,441,438,259,189,165,114,51,3,3,0,21,12,9,70,2681,742,687,431,464,357
2021,Southwark 006,E02000812,9117,5591,5220,4432,789,3643,126,29,97,662,305,357,371,457,296,252,182,70,4,4,0,40,32,8,161,3069,725,1174,377,379,414
2021,Southwark 007,E02000813,8524,5863,5451,4667,855,3812,104,29,75,680,303,377,412,339,231,194,126,68,5,4,1,32,29,3,108,2322,594,630,407,360,331
2021,Southwark 008,E02000814,8872,6761,6382,5405,688,4717,115,27,88,862,362,500,379,231,171,148,100,48,4,4,0,19,11,8,60,1880,587,469,322,229,273
2021,Southwark 009,E02000815,6703,4196,3952,3438,545,2893,53,14,39,461,192,269,244,407,277,237,175,62,6,6,0,34,33,1,130,2100,259,1255,209,141,236
2021,Southwark 010,E02000816,7953,5269,4851,4072,825,3247,117,40,77,662,306,356,418,218,176,149,105,44,4,4,0,23,21,2,42,2466,669,614,404,410,369
2021,Southwark 011,E02000817,5598,3388,3099,2593,632,1961,65,17,48,441,164,277,289,162,120,110,80,30,1,1,0,9,7,2,42,2048,635,375,312,425,301
2021,Southwark 012,E02000818,8441,5656,5257,4502,818,3684,108,28,80,647,271,376,399,338,210,180,140,40,1,0,1,29,24,5,128,2447,675,694,355,336,387
2021,Southwark 013,E02000819,6958,4236,3838,3276,813,2463,69,22,47,493,221,272,398,301,226,201,155,46,3,0,3,22,17,5,75,2421,577,679,396,396,373
2021,Southwark 014,E02000820,7860,5073,4687,3965,698,3267,92,28,64,630,269,361,386,309,202,173,135,38,1,1,0,28,21,7,107,2478,636,862,289,350,341
2021,Southwark 015,E02000821,7392,4779,4226,3576,1307,2269,96,35,61,554,263,291,553,368,244,212,152,60,1,1,0,31,11,20,124,2245,543,621,408,247,426
2021,Southwark 016,E02000822,5423,3433,3117,2665,698,1967,60,22,38,392,172,220,316,226,165,147,104,43,1,1,0,17,11,6,61,1764,412,474,311,238,329
2021,Southwark 017,E02000823,7321,4786,4382,3632,812,2820,90,20,70,660,300,360,404,322,259,226,155,71,1,1,0,32,25,7,63,2213,651,555,339,316,352
2021,Southwark 018,E02000824,7871,4950,4443,3738,1139,2599,105,47,58,600,304,296,507,296,217,197,147,50,1,1,0,19,13,6,79,2625,647,764,436,337,441
2021,Southwark 019,E02000825,8230,5052,4536,3837,1048,2789,88,30,58,611,273,338,516,359,270,227,178,49,11,8,3,32,22,10,89,2819,629,811,477,414,488
2021,Southwark 020,E02000826,8243,5429,4998,4141,955,3186,101,34,67,756,335,421,431,338,262,210,158,52,11,6,5,41,31,10,76,2476,677,745,323,311,420
2021,Southwark 021,E02000827,9373,6287,5753,4882,1250,3632,112,34,78,759,365,394,534,327,230,207,151,56,0,0,0,23,20,3,97,2759,800,688,409,386,476
2021,Southwark 022,E02000828,7287,4768,4374,3673,949,2724,103,37,66,598,277,321,394,309,212,175,125,50,4,3,1,33,25,8,97,2210,536,591,395,304,384
2021,Southwark 023,E02000829,9075,6048,5634,4686,1045,3641,127,36,91,821,363,458,414,279,195,168,119,49,0,0,0,27,21,6,84,2748,824,507,367,562,488
2021,Southwark 024,E02000830,7640,5550,5275,4221,722,3499,131,40,91,923,375,548,275,228,177,143,98,45,4,3,1,30,21,9,51,1862,653,492,220,238,259
2021,Southwark 025,E02000831,7785,5718,5422,4342,809,3533,125,23,102,955,412,543,296,178,129,108,74,34,0,0,0,21,17,4,49,1889,688,402,238,278,283
2021,Southwark 026,E02000832,8019,5202,4768,3887,870,3017,110,24,86,771,343,428,434,245,204,166,112,54,14,0,14,24,20,4,41,2572,897,456,330,445,444
2021,Southwark 027,E02000833,5947,4084,3832,3252,704,2548,77,18,59,503,226,277,252,183,152,133,74,59,2,2,0,17,13,4,31,1680,524,392,251,266,247
2021,Southwark 028,E02000834,7799,5732,5493,4456,588,3868,121,22,99,916,415,501,239,141,122,104,72,32,3,3,0,15,13,2,19,1926,775,470,240,233,208
2021,Southwark 029,E02000835,5938,4217,4007,3168,646,2522,118,22,96,721,342,379,210,131,101,92,59,33,1,0,1,8,8,0,30,1590,614,326,215,218,217
2021,Southwark 030,E02000836,6621,4904,4695,3720,617,3103,152,24,128,823,394,429,209,91,77,66,44,22,0,0,0,11,11,0,14,1626,750,299,250,180,147
2021,Southwark 031,E02000837,6592,4352,4203,3131,532,2599,214,30,184,858,454,404,149,106,91,71,52,19,0,0,0,20,16,4,15,2134,1153,421,330,99,131
2021,Southwark 032,E02000838,7636,5376,5090,3984,773,3211,152,40,112,954,440,514,286,171,115,98,70,28,1,0,1,16,9,7,56,2089,809,426,256,243,355
2021,Southwark 033,E02000839,6616,4323,4035,3084,688,2396,165,35,130,786,354,432,288,127,93,79,57,22,4,4,0,10,9,1,34,2166,925,487,307,223,224
2021,Sutton 001,E02000840,7062,4548,4250,3483,929,2554,100,16,84,667,274,393,298,103,74,71,52,19,0,0,0,3,1,2,29,2411,744,436,488,430,313
2021,Sutton 002,E02000841,7149,4538,4269,3509,936,2573,108,30,78,652,283,369,269,172,128,116,91,25,3,2,1,9,4,5,44,2439,819,471,464,359,326
2021,Sutton 003,E02000842,6672,4225,4047,3252,839,2413,123,31,92,672,277,395,178,124,96,88,69,19,2,2,0,6,3,3,28,2323,1350,347,294,132,200
2021,Sutton 004,E02000843,7358,5373,5155,4366,850,3516,106,27,79,683,270,413,218,135,91,82,50,32,2,1,1,7,6,1,44,1850,841,273,339,216,181
2021,Sutton 005,E02000844,6752,4409,4180,3369,861,2508,115,34,81,696,262,434,229,126,100,91,78,13,0,0,0,9,5,4,26,2217,981,383,376,259,218
2021,Sutton 006,E02000845,7307,5020,4793,3876,840,3036,124,30,94,793,325,468,227,131,93,88,70,18,0,0,0,5,5,0,38,2156,1078,333,404,160,181
2021,Sutton 007,E02000846,6058,3888,3739,2985,757,2228,115,34,81,639,277,362,149,119,90,76,67,9,0,0,0,14,11,3,29,2051,1160,322,287,111,171
2021,Sutton 008,E02000847,7584,4757,4546,3628,869,2759,143,33,110,775,306,469,211,121,100,89,69,20,1,1,0,10,6,4,21,2706,1775,318,323,147,143
2021,Sutton 009,E02000848,6387,4247,4103,3290,900,2390,119,29,90,694,282,412,144,142,108,98,80,18,1,0,1,9,6,3,34,1998,1148,327,271,112,140
2021,Sutton 010,E02000849,6439,4207,4047,3335,857,2478,82,18,64,630,273,357,160,117,96,88,74,14,1,1,0,7,6,1,21,2115,1119,318,298,228,152
2021,Sutton 011,E02000850,8661,5630,5374,4448,1148,3300,125,34,91,801,325,476,256,142,108,98,84,14,0,0,0,10,7,3,34,2889,1566,473,398,216,236
2021,Sutton 012,E02000851,9040,6157,5796,4763,1010,3753,121,30,91,912,388,524,361,221,171,149,109,40,4,0,4,18,10,8,50,2662,1061,402,578,301,320
2021,Sutton 013,E02000852,6427,4377,4196,3425,805,2620,105,33,72,666,280,386,181,107,86,69,57,12,1,0,1,16,12,4,21,1943,1073,274,286,141,169
2021,Sutton 014,E02000853,6317,4222,4042,3277,750,2527,122,29,93,643,270,373,180,124,100,92,71,21,0,0,0,8,8,0,24,1971,997,305,335,168,166
2021,Sutton 015,E02000854,6022,4004,3857,3140,730,2410,108,20,88,609,254,355,147,101,72,64,51,13,0,0,0,8,7,1,29,1917,1143,252,232,140,150
2021,Sutton 016,E02000855,6629,4042,3888,3114,778,2336,135,29,106,639,310,329,154,120,98,91,75,16,1,1,0,6,5,1,22,2467,1569,309,290,126,173
2021,Sutton 017,E02000856,7398,4776,4583,3732,869,2863,139,28,111,712,308,404,193,138,109,98,78,20,2,1,1,9,6,3,29,2484,1387,358,380,171,188
2021,Sutton 018,E02000857,7279,4869,4621,3759,735,3024,119,33,86,743,309,434,248,103,73,62,42,20,0,0,0,11,4,7,30,2307,1279,288,348,159,233
2021,Sutton 019,E02000858,6503,3808,3576,2947,873,2074,111,32,79,518,233,285,232,127,93,83,64,19,0,0,0,10,10,0,34,2568,850,452,494,456,316
2021,Sutton 020,E02000859,6831,3931,3788,3059,769,2290,114,26,88,615,290,325,143,109,75,65,50,15,2,1,1,8,7,1,34,2791,1707,339,300,251,194
2021,Sutton 021,E02000860,7009,4646,4379,3603,763,2840,110,34,76,666,286,380,267,96,73,61,34,27,4,2,2,8,4,4,23,2267,1002,262,408,352,243
2021,Sutton 022,E02000861,6297,3717,3576,2825,714,2111,145,44,101,606,279,327,141,85,62,52,43,9,1,1,0,9,5,4,23,2495,1655,305,280,138,117
2021,Sutton 024,E02000863,5461,3338,3212,2533,585,1948,118,20,98,561,252,309,126,93,62,55,47,8,0,0,0,7,6,1,31,2030,1245,303,238,111,133
2021,Tower Hamlets 001,E02000864,9181,5981,5579,4640,877,3763,120,42,78,819,351,468,402,282,184,162,124,38,4,4,0,18,14,4,98,2918,684,650,687,465,432
2021,Tower Hamlets 002,E02000865,6434,3901,3562,2917,696,2221,74,24,50,571,281,290,339,183,138,117,97,20,1,1,0,20,15,5,45,2350,483,472,564,363,468
2021,Tower Hamlets 003,E02000866,8789,5904,5617,4580,845,3735,115,26,89,922,414,508,287,232,177,147,105,42,2,1,1,28,19,9,55,2653,792,587,565,332,377
2021,Tower Hamlets 004,E02000867,9645,6849,6342,5363,852,4511,121,34,87,858,354,504,507,318,236,205,146,59,1,1,0,30,22,8,82,2478,510,650,565,349,404
2021,Tower Hamlets 005,E02000868,6106,3992,3739,3006,599,2407,78,23,55,655,289,366,253,264,158,129,101,28,2,1,1,27,24,3,106,1850,365,520,462,249,254
2021,Tower Hamlets 006,E02000869,4885,3109,2880,2238,443,1795,89,11,78,553,258,295,229,132,97,80,61,19,1,1,0,16,13,3,35,1644,418,343,387,277,219
2021,Tower Hamlets 007,E02000870,5159,3216,2953,2417,590,1827,63,20,43,473,243,230,263,206,135,119,89,30,4,4,0,12,6,6,71,1737,421,418,430,227,241
2021,Tower Hamlets 008,E02000871,8960,5506,5018,4351,1172,3179,105,42,63,562,281,281,488,402,275,249,187,62,1,1,0,25,20,5,127,3052,483,756,970,375,468
2021,Tower Hamlets 009,E02000872,6809,4448,4102,3448,637,2811,76,25,51,578,277,301,346,228,170,134,98,36,2,1,1,34,25,9,58,2133,323,609,560,334,307
2021,Tower Hamlets 010,E02000873,7972,3904,3576,3009,814,2195,69,24,45,498,247,251,328,621,336,303,272,31,1,1,0,32,31,1,285,3447,369,1813,635,300,330
2021,Tower Hamlets 011,E02000874,5954,3371,3101,2623,690,1933,70,26,44,408,214,194,270,245,163,141,112,29,0,0,0,22,17,5,82,2338,319,773,633,281,332
2021,Tower Hamlets 012,E02000875,10701,6486,5882,5103,1250,3853,95,44,51,684,352,332,604,428,306,273,222,51,4,3,1,29,24,5,122,3787,545,1025,1062,596,559
2021,Tower Hamlets 013,E02000876,6036,3640,3361,2801,613,2188,92,46,46,468,234,234,279,271,178,153,115,38,0,0,0,25,16,9,93,2125,322,575,569,316,343
2021,Tower Hamlets 014,E02000877,10928,6795,6208,5311,1257,4054,138,54,84,759,383,376,587,471,293,257,205,52,1,1,0,35,32,3,178,3662,548,1098,1055,438,523
2021,Tower Hamlets 015,E02000878,9010,5307,4833,4084,781,3303,91,25,66,658,301,357,474,465,311,264,197,67,7,4,3,40,25,15,154,3238,476,1316,673,358,415
2021,Tower Hamlets 016,E02000879,6670,3735,3427,2839,867,1972,84,35,49,504,271,233,308,303,216,195,158,37,1,1,0,20,17,3,87,2632,618,658,652,323,381
2021,Tower Hamlets 017,E02000880,5200,3017,2787,2364,658,1706,59,29,30,364,192,172,230,255,186,163,118,45,1,1,0,22,19,3,69,1928,299,602,546,228,253
2021,Tower Hamlets 018,E02000881,8329,5004,4564,3895,947,2948,82,38,44,587,310,277,440,337,246,221,168,53,3,3,0,22,16,6,91,2988,445,798,862,399,484
2021,Tower Hamlets 019,E02000882,8884,4941,4525,3888,1075,2813,113,46,67,524,267,257,416,348,222,182,141,41,1,1,0,39,39,0,126,3595,582,916,1052,534,511
2021,Tower Hamlets 020,E02000883,7066,3778,3433,2890,814,2076,75,34,41,468,249,219,345,293,231,208,162,46,8,8,0,15,10,5,62,2995,493,819,837,388,458
2021,Tower Hamlets 021,E02000884,10818,6526,6126,5432,930,4502,105,32,73,589,291,298,400,595,382,339,250,89,0,0,0,43,35,8,213,3697,377,1776,819,254,471
2021,Tower Hamlets 022,E02000885,5505,2955,2678,2272,757,1515,57,25,32,349,187,162,277,209,151,140,113,27,0,0,0,11,11,0,58,2341,485,527,687,335,307
2021,Tower Hamlets 023,E02000886,7940,5436,5112,4368,771,3597,132,55,77,612,290,322,324,250,192,160,119,41,3,2,1,29,16,13,58,2254,424,539,609,265,417
2021,Tower Hamlets 024,E02000887,8344,5065,4593,3890,1069,2821,124,42,82,579,280,299,472,309,190,171,117,54,3,2,1,16,10,6,119,2970,525,737,908,374,426
2021,Tower Hamlets 025,E02000888,6931,4584,4263,3635,811,2824,95,27,68,533,243,290,321,245,152,139,92,47,2,2,0,11,10,1,93,2102,365,547,624,241,325
2021,Tower Hamlets 026,E02000889,7439,5284,5002,4342,667,3675,94,37,57,566,263,303,282,206,133,105,66,39,3,1,2,25,16,9,73,1949,453,524,502,206,264
2021,Tower Hamlets 027,E02000890,5171,3956,3782,3168,357,2811,80,20,60,534,213,321,174,97,62,47,29,18,1,1,0,14,9,5,35,1118,405,252,211,103,147
2021,Tower Hamlets 030,E02000893,5978,3909,3558,2972,593,2379,91,25,66,495,251,244,351,207,146,126,103,23,3,3,0,17,17,0,61,1862,510,400,451,231,270
2021,Tower Hamlets 031,E02000894,9019,6302,5885,4957,701,4256,117,33,84,811,339,472,417,365,274,240,195,45,0,0,0,34,26,8,91,2352,526,570,683,212,361
2021,Waltham Forest 001,E02000895,6836,3870,3659,2846,764,2082,124,23,101,689,319,370,211,132,100,95,79,16,1,0,1,4,4,0,32,2834,1564,396,383,257,234
2021,Waltham Forest 002,E02000896,7648,4805,4550,3523,827,2696,174,48,126,853,380,473,255,125,100,86,64,22,1,0,1,13,9,4,25,2718,1638,326,330,171,253
2021,Waltham Forest 003,E02000897,6872,4196,3907,3071,793,2278,128,34,94,708,310,398,289,114,77,64,46,18,0,0,0,13,12,1,37,2562,1217,390,373,341,241
2021,Waltham Forest 004,E02000898,6488,3875,3625,2835,708,2127,126,33,93,664,290,374,250,107,80,66,47,19,0,0,0,14,10,4,27,2506,1328,344,307,297,230
2021,Waltham Forest 005,E02000899,7106,4325,4060,3010,838,2172,204,53,151,846,348,498,265,152,120,98,77,21,7,1,6,15,9,6,32,2629,1315,415,420,185,294
2021,Waltham Forest 006,E02000900,7040,4269,3948,3060,954,2106,154,41,113,734,311,423,321,188,148,121,84,37,2,1,1,25,16,9,40,2583,1019,479,455,295,335
2021,Waltham Forest 007,E02000901,8390,5536,5221,4121,888,3233,149,30,119,951,434,517,315,156,122,106,75,31,2,1,1,14,9,5,34,2698,1393,438,380,200,287
2021,Waltham Forest 008,E02000902,7583,4967,4626,3611,946,2665,156,39,117,859,362,497,341,176,130,109,85,24,0,0,0,21,15,6,46,2440,852,499,507,249,333
2021,Waltham Forest 009,E02000903,7977,4963,4543,3566,947,2619,159,47,112,818,319,499,420,264,178,134,82,52,4,4,0,40,16,24,86,2750,754,622,610,392,372
2021,Waltham Forest 010,E02000904,6655,4532,4250,3230,775,2455,141,29,112,879,353,526,282,182,131,105,71,34,2,2,0,24,18,6,51,1941,700,403,399,176,263
2021,Waltham Forest 011,E02000905,8009,5584,5273,3981,973,3008,168,38,130,1124,434,690,311,243,162,131,87,44,5,5,0,26,14,12,81,2182,757,488,457,195,285
2021,Waltham Forest 012,E02000906,7600,5266,4918,3829,904,2925,130,43,87,959,412,547,348,177,124,97,80,17,2,1,1,25,16,9,53,2157,660,480,457,227,333
2021,Waltham Forest 013,E02000907,8138,5125,4578,3556,1009,2547,136,34,102,886,401,485,547,205,150,118,83,35,5,1,4,27,19,8,55,2808,751,683,553,370,451
2021,Waltham Forest 014,E02000908,10470,7352,6937,5449,998,4451,171,48,123,1317,541,776,415,415,278,225,155,70,7,6,1,46,30,16,137,2703,731,790,559,303,320
2021,Waltham Forest 015,E02000909,7260,5053,4776,3646,788,2858,153,31,122,977,396,581,277,155,123,95,61,34,1,1,0,27,16,11,32,2052,775,407,408,214,248
2021,Waltham Forest 016,E02000910,9280,6459,6061,4628,980,3648,210,58,152,1223,528,695,398,236,201,137,89,48,15,2,13,49,24,25,35,2585,914,461,553,246,411
2021,Waltham Forest 017,E02000911,10370,7371,6849,5340,1188,4152,183,50,133,1326,520,806,522,249,199,142,104,38,15,6,9,42,29,13,50,2750,791,589,627,329,414
2021,Waltham Forest 018,E02000912,7760,4996,4650,3504,854,2650,154,55,99,992,405,587,346,171,118,103,73,30,1,1,0,14,7,7,53,2593,805,537,578,333,340
2021,Waltham Forest 019,E02000913,7543,4714,4434,3408,857,2551,164,49,115,862,352,510,280,179,135,117,92,25,2,1,1,16,7,9,44,2650,946,569,577,242,316
2021,Waltham Forest 020,E02000914,9254,5560,4976,3712,1138,2574,175,48,127,1089,444,645,584,321,247,196,140,56,11,5,6,40,18,22,74,3373,791,658,831,453,640
2021,Waltham Forest 021,E02000915,6698,4618,4331,3388,716,2672,130,34,96,813,357,456,287,181,140,109,64,45,7,5,2,24,12,12,41,1899,792,303,320,235,249
2021,Waltham Forest 022,E02000916,8483,5706,5331,4027,965,3062,161,46,115,1143,437,706,375,264,166,133,85,48,7,2,5,26,19,7,98,2513,685,554,614,272,388
2021,Waltham Forest 023,E02000917,7714,5410,5053,3759,772,2987,160,56,104,1134,427,707,357,261,219,156,92,64,8,4,4,55,32,23,42,2043,588,367,474,242,372
2021,Waltham Forest 024,E02000918,7558,5118,4747,3599,878,2721,158,42,116,990,382,608,371,249,202,153,102,51,5,0,5,44,25,19,47,2191,729,426,446,315,275
2021,Waltham Forest 025,E02000919,7622,5207,4858,3607,807,2800,131,35,96,1120,423,697,349,283,225,172,103,69,6,3,3,47,28,19,58,2132,724,378,456,241,333
2021,Waltham Forest 026,E02000920,8373,5344,4932,3855,961,2894,148,40,108,929,353,576,412,289,238,188,125,63,8,3,5,42,21,21,51,2740,795,576,555,370,444
2021,Waltham Forest 027,E02000921,9127,5911,5421,4101,1130,2971,203,62,141,1117,439,678,490,375,317,211,143,68,26,18,8,80,54,26,58,2841,815,578,555,416,477
2021,Waltham Forest 028,E02000922,8327,5516,5150,3757,930,2827,208,59,149,1185,457,728,366,342,279,214,136,78,12,6,6,53,28,25,63,2469,841,566,458,275,329
2021,Wandsworth 001,E02000923,6534,4468,4283,3354,448,2906,140,31,109,789,385,404,185,97,76,63,50,13,0,0,0,13,7,6,21,1969,1015,337,295,125,197
2021,Wandsworth 003,E02000925,6480,4325,4047,3354,696,2658,103,37,66,590,304,286,278,178,120,97,53,44,1,0,1,22,21,1,58,1977,599,404,400,285,289
2021,Wandsworth 004,E02000926,10059,7686,7332,6052,702,5350,188,45,143,1092,474,618,354,183,148,120,78,42,6,5,1,22,21,1,35,2190,794,453,376,222,345
2021,Wandsworth 005,E02000927,6126,4351,4118,3482,466,3016,71,14,57,565,245,320,233,94,68,54,32,22,1,0,1,13,13,0,26,1681,669,302,240,274,196
2021,Wandsworth 006,E02000928,6951,5010,4805,3833,453,3380,158,19,139,814,403,411,205,70,57,47,32,15,1,0,1,9,6,3,13,1871,955,334,294,106,182
2021,Wandsworth 007,E02000929,6561,4191,3848,3256,677,2579,88,29,59,504,245,259,343,191,138,122,87,35,1,1,0,15,15,0,53,2179,653,483,360,337,346
2021,Wandsworth 008,E02000930,8850,6876,6625,5725,574,5151,114,22,92,786,365,421,251,175,137,118,70,48,3,2,1,16,10,6,38,1799,562,630,244,144,219
2021,Wandsworth 009,E02000931,7109,5725,5572,4654,409,4245,180,19,161,738,330,408,153,115,62,51,26,25,1,1,0,10,10,0,53,1269,510,269,266,90,134
2021,Wandsworth 010,E02000932,11132,8859,8552,7179,676,6503,220,40,180,1153,493,660,307,157,117,91,59,32,2,1,1,24,17,7,40,2116,895,438,366,116,301
2021,Wandsworth 011,E02000933,7535,5241,5021,4043,588,3455,187,37,150,791,374,417,220,116,88,72,56,16,1,1,0,15,13,2,28,2178,1064,387,395,151,181
2021,Wandsworth 012,E02000934,7929,6261,6014,5128,473,4655,121,30,91,765,328,437,247,126,96,76,53,23,2,1,1,18,13,5,30,1542,636,302,230,180,194
2021,Wandsworth 013,E02000935,5740,2656,2416,1858,604,1254,82,25,57,476,268,208,240,569,315,288,252,36,2,2,0,25,22,3,254,2515,561,1013,433,257,251
2021,Wandsworth 014,E02000936,8150,5979,5742,4845,559,4286,124,28,96,773,374,399,237,121,102,85,55,30,1,1,0,16,9,7,19,2050,871,383,355,151,290
2021,Wandsworth 015,E02000937,6388,4764,4592,3670,451,3219,184,20,164,738,341,397,172,64,47,35,26,9,0,0,0,12,12,0,17,1560,524,404,391,121,120
2021,Wandsworth 016,E02000938,8596,5451,5114,4066,879,3187,185,51,134,863,421,442,337,225,170,142,103,39,1,1,0,27,18,9,55,2920,1182,562,532,346,298
2021,Wandsworth 017,E02000939,5997,4210,4083,3172,392,2780,167,19,148,744,412,332,127,50,44,36,25,11,1,1,0,7,5,2,6,1737,804,351,373,84,125
2021,Wandsworth 018,E02000940,7888,5950,5674,4847,693,4154,92,25,67,735,322,413,276,127,103,89,66,23,5,4,1,9,4,5,24,1811,584,390,358,220,259
2021,Wandsworth 019,E02000941,8208,6236,5999,4909,650,4259,191,24,167,899,434,465,237,102,82,67,46,21,0,0,0,15,9,6,20,1870,798,319,348,166,239
2021,Wandsworth 020,E02000942,7881,5730,5509,4449,637,3812,161,42,119,899,442,457,221,91,71,57,43,14,1,0,1,13,10,3,20,2060,998,418,363,95,186
2021,Wandsworth 021,E02000943,7497,5803,5633,4796,498,4298,148,22,126,689,298,391,170,111,94,86,49,37,0,0,0,8,7,1,17,1583,687,317,237,138,204
2021,Wandsworth 022,E02000944,6100,3858,3592,2870,619,2251,97,31,66,625,292,333,266,144,107,89,57,32,0,0,0,18,13,5,37,2098,540,422,435,442,259
2021,Wandsworth 023,E02000945,6270,3587,3302,2451,678,1773,119,38,81,732,387,345,285,354,224,209,168,41,1,1,0,14,14,0,130,2329,672,657,401,326,273
2021,Wandsworth 024,E02000946,7149,4860,4541,3817,506,3311,123,25,98,601,263,338,319,140,86,68,50,18,2,0,2,16,10,6,54,2149,550,359,309,235,696
2021,Wandsworth 025,E02000947,7519,5805,5583,4661,588,4073,143,25,118,779,337,442,222,107,83,71,44,27,0,0,0,12,11,1,24,1607,735,311,281,118,162
2021,Wandsworth 026,E02000948,8706,6920,6665,5773,544,5229,141,30,111,751,331,420,255,100,75,66,34,32,2,1,1,7,5,2,25,1686,761,305,262,165,193
2021,Wandsworth 027,E02000949,8486,6381,6177,5087,527,4560,165,24,141,925,435,490,204,94,73,53,29,24,3,3,0,17,11,6,21,2011,913,363,392,153,190
2021,Wandsworth 028,E02000950,6225,4232,3949,3073,559,2514,118,33,85,758,368,390,283,125,96,74,48,26,0,0,0,22,19,3,29,1868,756,405,358,152,197
2021,Wandsworth 029,E02000951,5582,4162,3955,3328,406,2922,88,28,60,539,262,277,207,90,65,54,43,11,2,2,0,9,8,1,25,1330,518,236,220,197,159
2021,Wandsworth 030,E02000952,5242,3906,3736,3150,337,2813,86,10,76,500,235,265,170,70,59,52,29,23,2,1,1,5,5,0,11,1266,546,222,199,151,148
2021,Wandsworth 031,E02000953,6256,4645,4490,3878,460,3418,88,16,72,524,223,301,155,186,131,117,90,27,1,1,0,13,13,0,55,1425,448,482,218,130,147
2021,Wandsworth 032,E02000954,5136,3562,3402,2892,355,2537,63,13,50,447,204,243,160,101,75,56,40,16,1,0,1,18,17,1,26,1473,644,299,242,122,166
2021,Wandsworth 033,E02000955,5735,3874,3688,3088,541,2547,75,32,43,525,257,268,186,115,88,76,57,19,1,1,0,11,8,3,27,1746,654,375,323,186,208
2021,Wandsworth 034,E02000956,6366,4278,4049,3394,573,2821,60,13,47,595,269,326,229,246,171,144,114,30,2,1,1,25,21,4,75,1842,474,647,270,234,217
2021,Wandsworth 035,E02000957,9125,6401,6113,5052,829,4223,141,34,107,920,432,488,288,261,214,162,116,46,0,0,0,52,51,1,47,2463,856,558,470,282,297
2021,Wandsworth 036,E02000958,6693,4210,3947,3002,666,2336,127,40,87,818,416,402,263,217,133,112,89,23,0,0,0,21,19,2,84,2266,944,606,322,150,244
2021,Wandsworth 037,E02000959,6314,4352,4076,3226,696,2530,104,32,72,746,356,390,276,159,82,76,65,11,0,0,0,6,6,0,77,1803,615,332,303,268,285
2021,Westminster 001,E02000960,5222,3022,2873,2186,316,1870,158,39,119,529,277,252,149,81,61,47,36,11,0,0,0,14,13,1,20,2119,740,510,463,138,268
2021,Westminster 002,E02000961,8020,4864,4503,3509,619,2890,194,39,155,800,383,417,361,127,96,75,53,22,1,1,0,20,15,5,31,3029,810,763,775,308,373
2021,Westminster 003,E02000962,6725,3753,3535,2778,372,2406,147,40,107,610,317,293,218,204,130,104,54,50,2,1,1,24,22,2,74,2768,999,708,540,251,270
2021,Westminster 004,E02000963,8646,4898,4374,3483,964,2519,114,32,82,777,357,420,524,235,156,141,111,30,8,8,0,7,7,0,79,3513,957,780,590,674,512
2021,Westminster 005,E02000964,10293,6231,5698,4577,1015,3562,136,42,94,985,480,505,533,219,167,133,97,36,2,1,1,32,22,10,52,3843,982,882,694,730,555
2021,Westminster 006,E02000965,6798,4911,4619,3734,530,3204,129,34,95,756,335,421,292,142,104,89,54,35,0,0,0,15,15,0,38,1745,533,455,308,245,204
2021,Westminster 007,E02000966,7961,5291,5011,3729,540,3189,235,48,187,1047,499,548,280,105,73,62,47,15,2,0,2,9,8,1,32,2565,898,589,400,320,358
2021,Westminster 008,E02000967,5427,3205,3077,2415,265,2150,153,35,118,509,233,276,128,241,124,106,74,32,1,1,0,17,10,7,117,1981,608,797,324,72,180
2021,Westminster 009,E02000968,12042,5586,4980,4166,1355,2811,122,51,71,692,374,318,606,426,287,257,202,55,4,4,0,26,17,9,139,6030,1423,1487,1208,1156,756
2021,Westminster 010,E02000969,7838,4113,3688,3051,805,2246,93,33,60,544,277,267,425,235,158,128,101,27,6,4,2,24,23,1,77,3490,723,829,723,776,439
2021,Westminster 011,E02000970,6121,3934,3788,2866,382,2484,225,33,192,697,350,347,146,122,83,58,31,27,5,3,2,20,17,3,39,2065,732,602,366,89,276
2021,Westminster 012,E02000971,6748,4204,3974,3130,427,2703,190,24,166,654,287,367,230,222,154,130,96,34,0,0,0,24,19,5,68,2322,585,944,307,226,260
2021,Westminster 013,E02000972,7270,4221,4000,3068,484,2584,214,42,172,718,311,407,221,242,154,125,84,41,4,3,1,25,21,4,88,2807,648,1257,246,317,339
2021,Westminster 014,E02000973,8792,5971,5524,4227,670,3557,230,51,179,1067,545,522,447,154,102,77,51,26,2,2,0,23,17,6,52,2667,820,686,388,337,436
2021,Westminster 015,E02000974,7689,4235,4023,3110,462,2648,236,56,180,677,291,386,212,265,157,126,87,39,4,0,4,27,22,5,108,3189,753,1250,521,238,427
2021,Westminster 016,E02000975,6754,4409,4183,3259,358,2901,162,35,127,762,336,426,226,180,125,100,63,37,1,0,1,24,18,6,55,2165,598,892,301,135,239
2021,Westminster 017,E02000976,7514,4708,4381,3529,490,3039,150,28,122,702,331,371,327,216,174,124,74,50,4,4,0,46,41,5,42,2590,742,882,368,271,327
2021,Westminster 018,E02000977,5915,3456,3279,2489,385,2104,212,53,159,578,265,313,177,151,86,62,48,14,4,3,1,20,15,5,65,2308,642,864,271,172,359
2021,Westminster 019,E02000978,6260,3168,3083,2137,281,1856,283,72,211,663,332,331,85,137,89,60,43,17,6,3,3,23,14,9,48,2955,787,1275,504,34,355
2021,Westminster 020,E02000979,7085,4233,3985,3257,415,2842,149,29,120,579,290,289,248,192,112,87,56,31,4,1,3,21,18,3,80,2660,841,778,370,354,317
2021,Westminster 021,E02000980,7653,4585,4225,3503,670,2833,135,42,93,587,303,284,360,208,164,146,115,31,0,0,0,18,14,4,44,2860,1039,683,405,398,335
2021,Westminster 022,E02000981,7518,4956,4728,3757,494,3263,155,33,122,816,352,464,228,135,93,66,43,23,4,4,0,23,18,5,42,2427,752,508,279,542,346
2021,Westminster 023,E02000982,6576,3778,3443,2681,539,2142,135,31,104,627,291,336,335,174,117,100,72,28,1,1,0,16,9,7,57,2624,822,663,436,358,345
2021,Westminster 024,E02000983,6594,4003,3715,2981,534,2447,123,46,77,611,285,326,288,136,87,63,50,13,2,0,2,22,16,6,49,2455,893,576,409,339,238
2021,Bolton 001,E02000984,6376,3916,3792,3124,719,2405,135,32,103,533,235,298,124,138,104,101,84,17,1,1,0,2,1,1,34,2322,1813,222,122,80,85
2021,Bolton 002,E02000985,6211,3436,3326,2774,659,2115,126,25,101,426,187,239,110,115,90,85,76,9,0,0,0,5,5,0,25,2660,2058,232,149,129,92
2021,Bolton 003,E02000986,6882,4102,3964,3294,884,2410,135,37,98,535,223,312,138,130,114,107,85,22,1,0,1,6,5,1,16,2650,1765,283,249,207,146
2021,Bolton 004,E02000987,6131,3555,3376,2961,716,2245,57,15,42,358,155,203,179,98,77,71,61,10,0,0,0,6,6,0,21,2478,1419,207,240,409,203
2021,Bolton 005,E02000988,7145,3901,3687,3149,986,2163,89,28,61,449,203,246,214,177,130,124,98,26,0,0,0,6,5,1,47,3067,1346,448,500,467,306
2021,Bolton 006,E02000989,7074,3783,3683,3059,797,2262,119,29,90,505,211,294,100,125,89,83,69,14,0,0,0,6,5,1,36,3166,2479,191,199,186,111
2021,Bolton 007,E02000990,6921,4356,4211,3658,858,2800,96,20,76,457,196,261,145,97,74,73,65,8,1,0,1,0,0,0,23,2468,1651,242,189,244,142
2021,Bolton 008,E02000991,6226,3804,3584,3029,828,2201,109,27,82,446,205,241,220,103,84,78,72,6,1,1,0,5,5,0,19,2319,1349,265,304,242,159
2021,Bolton 009,E02000992,5199,3085,2978,2547,580,1967,64,12,52,367,155,212,107,84,67,63,52,11,0,0,0,4,4,0,17,2030,1454,149,161,173,93
2021,Bolton 010,E02000993,6242,3684,3437,3039,801,2238,50,14,36,348,160,188,247,131,88,84,59,25,0,0,0,4,0,4,43,2427,852,360,412,513,290
2021,Bolton 011,E02000994,6647,3199,2845,2402,917,1485,75,35,40,368,180,188,354,221,164,163,130,33,1,1,0,0,0,0,57,3227,853,550,854,595,375
2021,Bolton 012,E02000995,6542,3548,3364,2806,756,2050,113,20,93,445,195,250,184,152,128,121,103,18,1,1,0,6,5,1,24,2842,1713,306,304,326,193
2021,Bolton 013,E02000996,6368,3204,2870,2510,732,1778,40,11,29,320,120,200,334,154,88,87,72,15,1,1,0,0,0,0,66,3010,1173,373,461,641,362
2021,Bolton 014,E02000997,5304,3114,3007,2542,632,1910,106,20,86,359,155,204,107,83,63,59,48,11,0,0,0,4,3,1,20,2107,1328,192,206,259,122
2021,Bolton 015,E02000998,7745,4014,3616,2976,945,2031,97,36,61,543,255,288,398,237,135,133,103,30,0,0,0,2,1,1,102,3494,1001,633,947,432,481
2021,Bolton 016,E02000999,6748,2960,2499,2116,692,1424,88,30,58,295,145,150,461,283,195,183,152,31,1,0,1,11,7,4,88,3505,938,625,704,729,509
2021,Bolton 017,E02001000,7440,4266,3949,3420,915,2505,85,20,65,444,165,279,317,160,120,114,93,21,2,2,0,4,4,0,40,3014,1557,300,396,456,305
2021,Bolton 018,E02001001,6674,3761,3540,2910,856,2054,154,52,102,476,240,236,221,148,113,106,84,22,1,0,1,6,5,1,35,2765,1193,487,532,333,220
2021,Bolton 019,E02001002,7670,4341,4067,3531,957,2574,65,14,51,471,191,280,274,150,107,97,81,16,3,3,0,7,6,1,43,3179,1793,358,369,437,222
2021,Bolton 020,E02001003,6036,3148,3044,2376,651,1725,221,66,155,447,209,238,104,134,100,84,72,12,1,1,0,15,13,2,34,2754,1851,339,278,140,146
2021,Bolton 021,E02001004,6770,3064,2707,2293,880,1413,85,38,47,329,179,150,357,218,151,138,120,18,1,1,0,12,8,4,67,3488,798,751,971,518,450
2021,Bolton 022,E02001005,7260,3662,3360,2764,995,1769,103,49,54,493,276,217,302,251,189,177,146,31,1,0,1,11,9,2,62,3347,1032,609,815,439,452
2021,Bolton 023,E02001006,6208,3240,2976,2471,959,1512,96,41,55,409,219,190,264,172,119,105,86,19,0,0,0,14,5,9,53,2796,719,520,844,374,339
2021,Bolton 024,E02001007,8346,4664,4474,3878,939,2939,85,18,67,511,202,309,190,121,87,86,76,10,1,1,0,0,0,0,34,3561,2436,268,274,370,213
2021,Bolton 025,E02001008,6343,3033,2733,2224,834,1390,107,49,58,402,213,189,300,207,163,155,127,28,1,1,0,7,7,0,44,3103,771,629,924,404,375
2021,Bolton 026,E02001009,5670,3155,2949,2492,781,1711,88,24,64,369,168,201,206,131,96,92,72,20,2,2,0,2,2,0,35,2384,1095,301,434,305,249
2021,Bolton 027,E02001010,4918,2792,2571,2153,640,1513,56,21,35,362,161,201,221,110,90,82,68,14,5,4,1,3,3,0,20,2016,687,272,494,311,252
2021,Bolton 028,E02001011,8085,4963,4821,4067,982,3085,158,33,125,596,239,357,142,143,107,104,90,14,2,1,1,1,1,0,36,2979,2165,252,210,221,131
2021,Bolton 029,E02001012,7077,3870,3679,3022,1022,2000,125,43,82,532,255,277,191,171,122,121,96,25,0,0,0,1,1,0,49,3036,1088,647,627,338,336
2021,Bolton 030,E02001013,4990,2804,2700,2246,564,1682,108,31,77,346,155,191,104,90,71,65,43,22,0,0,0,6,3,3,19,2096,1411,198,184,162,141
2021,Bolton 031,E02001014,6888,4083,3874,3331,808,2523,100,26,74,443,170,273,209,94,74,68,57,11,0,0,0,6,6,0,20,2711,1495,237,270,510,199
2021,Bolton 032,E02001015,6735,3689,3430,3001,757,2244,39,11,28,390,142,248,259,112,87,78,66,12,3,3,0,6,2,4,25,2934,1538,253,337,488,318
2021,Bolton 033,E02001016,6503,3658,3387,2998,839,2159,48,12,36,341,148,193,271,170,126,118,92,26,2,0,2,6,4,2,44,2675,945,442,462,573,253
2021,Bolton 034,E02001017,8686,5484,5229,4552,1049,3503,102,24,78,575,194,381,255,159,108,105,91,14,0,0,0,3,2,1,51,3043,1801,308,312,428,194
2021,Bolton 035,E02001018,6244,4024,3909,3348,769,2579,97,20,77,464,174,290,115,126,94,93,80,13,0,0,0,1,0,1,32,2094,1331,234,195,202,132
2021,Bury 001,E02001019,7397,4560,4412,3715,835,2880,128,29,99,569,249,320,148,125,95,89,71,18,0,0,0,6,4,2,30,2712,1717,368,192,264,171
2021,Bury 002,E02001020,4980,2580,2516,2107,547,1560,84,25,59,325,163,162,64,88,69,68,60,8,0,0,0,1,1,0,19,2312,1848,189,125,92,58
2021,Bury 003,E02001021,6327,3818,3732,3100,745,2355,132,28,104,500,243,257,86,92,69,63,54,9,1,1,0,5,4,1,23,2417,1808,244,110,144,111
2021,Bury 004,E02001022,6609,3604,3439,2894,726,2168,91,24,67,454,215,239,165,110,81,76,64,12,1,0,1,4,3,1,29,2895,1731,288,311,352,213
2021,Bury 005,E02001023,4560,2516,2396,2028,547,1481,76,20,56,292,112,180,120,61,48,44,34,10,0,0,0,4,2,2,13,1983,1252,202,198,181,150
2021,Bury 006,E02001024,6604,4060,3944,3359,786,2573,91,21,70,494,217,277,116,154,126,123,102,21,0,0,0,3,2,1,28,2390,1673,230,151,213,123
2021,Bury 007,E02001025,6274,3387,3100,2683,744,1939,62,14,48,355,138,217,287,113,79,76,61,15,2,1,1,1,0,1,34,2774,1139,353,475,488,319
2021,Bury 008,E02001026,8594,4745,4313,3642,1130,2512,93,39,54,578,282,296,432,198,133,120,86,34,3,2,1,10,9,1,65,3651,970,593,958,575,555
2021,Bury 009,E02001027,5788,3638,3466,3041,669,2372,53,17,36,372,144,228,172,111,82,79,62,17,0,0,0,3,2,1,29,2039,1043,262,221,298,215
2021,Bury 010,E02001028,6179,3187,3114,2620,628,1992,82,24,58,412,194,218,73,119,86,83,70,13,0,0,0,3,2,1,33,2873,2308,203,141,125,96
2021,Bury 011,E02001029,6005,3287,3061,2569,772,1797,75,32,43,417,212,205,226,143,110,109,84,25,0,0,0,1,1,0,33,2575,935,408,563,369,300
2021,Bury 012,E02001030,5123,3182,3094,2592,594,1998,122,20,102,380,169,211,88,104,79,77,60,17,0,0,0,2,2,0,25,1837,1240,202,128,161,106
2021,Bury 013,E02001031,5473,3088,2941,2495,656,1839,92,24,68,354,148,206,147,109,88,84,67,17,0,0,0,4,4,0,21,2276,1186,292,322,288,188
2021,Bury 014,E02001032,6235,3695,3553,3069,762,2307,65,10,55,419,157,262,142,109,88,82,66,16,0,0,0,6,4,2,21,2431,1532,239,230,259,171
2021,Bury 015,E02001033,4845,3037,2889,2570,625,1945,53,15,38,266,107,159,148,113,75,72,58,14,0,0,0,3,3,0,38,1695,814,199,249,248,185
2021,Bury 016,E02001034,6812,3710,3425,2980,812,2168,80,23,57,365,153,212,285,110,80,73,54,19,0,0,0,7,4,3,30,2992,1178,342,450,675,347
2021,Bury 017,E02001035,5984,3460,3355,2805,658,2147,96,23,73,454,206,248,105,134,96,88,71,17,2,1,1,6,4,2,38,2390,1689,240,191,149,121
2021,Bury 018,E02001036,5874,3639,3454,2928,760,2168,100,21,79,426,182,244,185,128,91,86,72,14,1,0,1,4,2,2,37,2107,1090,273,263,291,190
2021,Bury 019,E02001037,5970,3516,3409,2767,760,2007,158,40,118,484,245,239,107,67,42,39,32,7,0,0,0,3,2,1,25,2387,1668,240,202,158,119
2021,Bury 020,E02001038,4702,2843,2723,2313,545,1768,59,15,44,351,153,198,120,78,62,62,50,12,0,0,0,0,0,0,16,1781,957,181,205,294,144
2021,Bury 021,E02001039,6590,3924,3676,3168,770,2398,76,20,56,432,186,246,248,131,108,104,83,21,0,0,0,4,3,1,23,2535,1064,404,395,425,247
2021,Bury 022,E02001040,5278,3135,2993,2492,575,1917,97,22,75,404,165,239,142,78,53,53,50,3,0,0,0,0,0,0,25,2065,1212,210,178,225,240
2021,Bury 023,E02001041,6350,3958,3754,3220,739,2481,71,25,46,463,201,262,204,95,65,62,49,13,0,0,0,3,1,2,30,2297,1157,309,290,340,201
2021,Bury 024,E02001042,5311,3268,3131,2608,638,1970,95,21,74,428,204,224,137,86,66,62,48,14,0,0,0,4,4,0,20,1957,1128,267,177,223,162
2021,Bury 025,E02001043,4599,2790,2660,2270,517,1753,58,10,48,332,153,179,130,77,50,48,40,8,1,1,0,1,1,0,27,1732,966,214,198,198,156
2021,Bury 026,E02001044,6396,3977,3805,3016,1361,1655,171,51,120,618,316,302,172,107,93,91,75,16,0,0,0,2,2,0,14,2312,928,552,406,221,205
2021,Manchester 001,E02001045,6461,3462,3189,2732,866,1866,62,17,45,395,178,217,273,152,114,111,74,37,0,0,0,3,3,0,38,2847,1175,401,400,584,287
2021,Manchester 002,E02001046,8421,4912,4518,3896,1087,2809,107,33,74,515,206,309,394,204,156,149,112,37,1,1,0,6,4,2,48,3305,1048,553,612,659,433
2021,Manchester 003,E02001047,8095,4512,4162,3651,970,2681,69,17,52,442,189,253,350,176,141,134,105,29,1,1,0,6,4,2,35,3407,1358,521,458,694,376
2021,Manchester 004,E02001048,7017,3828,3542,2870,981,1889,122,50,72,550,267,283,286,176,139,130,97,33,0,0,0,9,5,4,37,3013,1050,533,619,384,427
2021,Manchester 005,E02001049,8168,4709,4419,3767,1004,2763,105,29,76,547,234,313,290,193,137,129,101,28,1,1,0,7,7,0,56,3266,1652,444,386,494,290
2021,Manchester 006,E02001050,6012,3118,2793,2285,737,1548,86,22,64,422,183,239,325,192,137,122,84,38,0,0,0,15,11,4,55,2702,745,476,562,497,422
2021,Manchester 007,E02001051,6793,3825,3528,3051,939,2112,91,17,74,386,188,198,297,258,161,153,107,46,0,0,0,8,7,1,97,2710,969,534,461,435,311
2021,Manchester 008,E02001052,10538,5162,4675,3544,1471,2073,218,101,117,913,487,426,487,411,264,237,201,36,4,4,0,23,16,7,147,4965,1023,1074,1536,601,731
2021,Manchester 009,E02001053,8451,4239,3744,3280,1115,2165,70,18,52,394,180,214,495,327,235,213,173,40,0,0,0,22,21,1,92,3885,862,757,849,931,486
2021,Manchester 011,E02001055,7214,3824,3498,3076,896,2180,83,26,57,339,145,194,326,176,142,136,99,37,2,0,2,4,0,4,34,3214,1119,449,527,762,357
2021,Manchester 012,E02001056,6474,3268,2931,2544,877,1667,75,23,52,312,130,182,337,228,164,151,121,30,4,1,3,9,8,1,64,2978,829,623,488,680,358
2021,Manchester 015,E02001059,8876,4992,4550,3964,1180,2784,104,29,75,482,226,256,442,304,217,206,157,49,4,3,1,7,6,1,87,3580,833,810,704,749,484
2021,Manchester 017,E02001061,8089,4342,3947,3466,1074,2392,71,21,50,410,165,245,395,261,202,177,125,52,4,1,3,21,14,7,59,3486,984,640,647,686,529
2021,Manchester 018,E02001062,7882,3517,3138,2678,841,1837,92,39,53,368,194,174,379,566,349,330,269,61,1,1,0,18,14,4,217,3799,513,1735,602,568,381
2021,Manchester 019,E02001063,9688,3455,3123,2701,655,2046,58,21,37,364,191,173,332,1298,739,642,546,96,3,3,0,94,88,6,559,4935,331,3561,367,320,356
2021,Manchester 020,E02001064,7858,4008,3588,3047,1111,1936,106,46,60,435,199,236,420,264,197,153,114,39,0,0,0,44,36,8,67,3586,773,754,847,719,493
2021,Manchester 021,E02001065,7067,4018,3648,3160,954,2206,89,35,54,399,185,214,370,182,129,121,88,33,0,0,0,8,5,3,53,2867,925,508,550,468,416
2021,Manchester 022,E02001066,9720,3461,3057,2610,877,1733,74,43,31,373,206,167,404,1158,702,629,545,84,5,4,1,68,55,13,456,5101,485,2887,770,434,525
2021,Manchester 023,E02001067,8114,4438,3935,3373,1229,2144,100,42,58,462,237,225,503,311,208,189,143,46,2,1,1,17,11,6,103,3365,763,749,824,575,454
2021,Manchester 024,E02001068,8377,4043,3580,3024,1084,1940,97,44,53,459,270,189,463,455,285,259,189,70,9,9,0,17,16,1,170,3879,679,1143,841,541,675
2021,Manchester 025,E02001069,9706,4150,3676,3094,1007,2087,98,38,60,484,272,212,474,1036,637,580,488,92,9,9,0,48,45,3,399,4520,546,2190,856,379,549
2021,Manchester 026,E02001070,10450,3291,2966,2441,765,1676,113,45,68,412,223,189,325,1143,684,604,528,76,3,3,0,77,73,4,459,6016,607,3947,612,363,487
2021,Manchester 028,E02001072,7361,4783,4441,3597,855,2742,111,42,69,733,382,351,342,202,149,132,101,31,2,2,0,15,15,0,53,2376,627,520,446,422,361
2021,Manchester 029,E02001073,7903,5466,5221,4329,852,3477,103,21,82,789,397,392,245,142,111,96,74,22,1,1,0,14,11,3,31,2295,1059,397,279,281,279
2021,Manchester 030,E02001074,9181,4984,4570,3733,1080,2653,148,55,93,689,354,335,414,310,214,191,147,44,7,6,1,16,12,4,96,3887,1110,927,787,679,384
2021,Manchester 031,E02001075,6933,4117,3775,3092,924,2168,98,43,55,585,310,275,342,191,143,132,107,25,0,0,0,11,11,0,48,2625,575,584,662,362,442
2021,Manchester 032,E02001076,10397,2369,2148,1787,440,1347,59,22,37,302,148,154,221,1963,1255,1112,1005,107,9,8,1,134,119,15,708,6065,348,4961,290,198,268
2021,Manchester 033,E02001077,6132,4113,3939,3205,590,2615,124,35,89,610,310,300,174,121,93,86,60,26,0,0,0,7,7,0,28,1898,908,347,280,183,180
2021,Manchester 034,E02001078,8413,4651,4313,3459,1040,2419,124,41,83,730,377,353,338,333,232,211,175,36,1,1,0,20,19,1,101,3429,1310,730,677,373,339
2021,Manchester 035,E02001079,7696,3732,3428,2926,810,2116,72,30,42,430,224,206,304,504,353,314,277,37,0,0,0,39,35,4,151,3460,744,1417,481,464,354
2021,Manchester 036,E02001080,8799,3056,2797,2385,573,1812,66,18,48,346,158,188,259,1290,857,748,669,79,4,4,0,105,95,10,433,4453,663,3046,244,274,226
2021,Manchester 037,E02001081,5132,3546,3434,2852,531,2321,84,9,75,498,241,257,112,75,58,48,31,17,1,1,0,9,6,3,17,1511,796,233,150,211,121
2021,Manchester 038,E02001082,5890,3727,3556,3079,467,2612,71,13,58,406,181,225,171,353,253,235,190,45,0,0,0,18,14,4,100,1810,628,714,165,155,148
2021,Manchester 039,E02001083,7141,5428,5256,4594,556,4038,120,35,85,542,240,302,172,168,128,116,76,40,0,0,0,12,7,5,40,1545,466,402,237,271,169
2021,Manchester 040,E02001084,7237,4014,3802,3228,719,2509,102,27,75,472,247,225,212,450,318,282,228,54,0,0,0,36,35,1,132,2773,867,1173,274,265,194
2021,Manchester 041,E02001085,6614,3590,3309,2812,895,1917,81,32,49,416,208,208,281,154,104,100,83,17,1,1,0,3,3,0,50,2870,829,571,599,568,303
2021,Manchester 042,E02001086,5631,3529,3339,2849,605,2244,84,25,59,406,202,204,190,112,87,79,60,19,1,1,0,7,7,0,25,1990,760,356,273,289,312
2021,Manchester 043,E02001087,7770,5240,5074,4271,675,3596,136,32,104,667,293,374,166,111,86,77,53,24,1,1,0,8,8,0,25,2419,1425,410,227,218,139
2021,Manchester 044,E02001088,6946,4097,3814,3327,903,2424,58,17,41,429,192,237,283,114,78,71,63,8,1,1,0,6,6,0,36,2735,1092,371,456,528,288
2021,Manchester 045,E02001089,6509,4189,4016,3309,698,2611,123,25,98,584,289,295,173,118,100,92,70,22,1,0,1,7,6,1,18,2202,1191,379,273,181,178
2021,Manchester 046,E02001090,5805,3526,3361,2910,655,2255,65,16,49,386,207,179,165,59,40,38,33,5,0,0,0,2,1,1,19,2220,1181,278,218,349,194
2021,Manchester 047,E02001091,6786,4033,3827,3276,786,2490,79,22,57,472,234,238,206,93,61,56,39,17,0,0,0,5,3,2,32,2660,1416,239,328,410,267
2021,Manchester 048,E02001092,7063,4339,4035,3484,940,2544,93,15,78,458,202,256,304,168,132,125,88,37,1,1,0,6,5,1,36,2556,963,382,396,517,298
2021,Manchester 049,E02001093,7354,4215,3855,3414,1003,2411,53,17,36,388,176,212,360,151,114,107,77,30,1,1,0,6,3,3,37,2988,1055,393,565,622,353
2021,Manchester 050,E02001094,7158,3876,3506,3148,1021,2127,54,19,35,304,134,170,370,202,152,146,106,40,1,1,0,5,3,2,50,3080,886,411,656,744,383
2021,Manchester 051,E02001095,6991,4101,3823,3383,902,2481,60,12,48,380,149,231,278,152,121,115,80,35,0,0,0,6,5,1,31,2738,992,337,395,700,314
2021,Manchester 052,E02001096,6395,3746,3505,3099,886,2213,49,14,35,357,123,234,241,121,70,64,53,11,1,0,1,5,5,0,51,2528,1120,289,370,490,259
2021,Manchester 053,E02001097,6630,3893,3571,3142,952,2190,66,21,45,363,149,214,322,128,107,103,80,23,2,2,0,2,0,2,21,2609,930,326,433,623,297
2021,Oldham 001,E02001098,4979,2585,2487,2117,522,1595,53,8,45,317,140,177,98,62,48,48,40,8,0,0,0,0,0,0,14,2332,1669,176,152,209,126
2021,Oldham 002,E02001099,4663,2771,2611,2295,547,1748,56,20,36,260,101,159,160,71,51,49,42,7,0,0,0,2,2,0,20,1821,1082,131,190,276,142
2021,Oldham 003,E02001100,5001,2721,2585,2202,543,1659,76,13,63,307,119,188,136,96,70,62,55,7,2,2,0,6,1,5,26,2184,1479,179,172,220,134
2021,Oldham 004,E02001101,4702,2709,2603,2217,507,1710,60,16,44,326,127,199,106,67,46,45,36,9,0,0,0,1,1,0,21,1926,1392,153,138,146,97
2021,Oldham 005,E02001102,4862,3067,2948,2531,574,1957,65,20,45,352,106,246,119,82,56,54,46,8,0,0,0,2,2,0,26,1713,1045,199,169,187,113
2021,Oldham 006,E02001103,4650,2619,2541,2032,483,1549,124,21,103,385,180,205,78,69,56,55,45,10,0,0,0,1,1,0,13,1962,1420,193,139,130,80
2021,Oldham 007,E02001104,5680,3672,3508,3023,722,2301,76,17,59,409,135,274,164,106,78,73,62,11,2,2,0,3,2,1,28,1902,960,256,239,302,145
2021,Oldham 008,E02001105,4949,2797,2676,2330,597,1733,66,17,49,280,123,157,121,49,29,27,27,0,1,0,1,1,0,1,20,2103,1389,198,150,231,135
2021,Oldham 009,E02001106,4989,2814,2661,2344,580,1764,58,19,39,259,98,161,153,70,52,48,37,11,0,0,0,4,2,2,18,2105,1280,213,188,259,165
2021,Oldham 010,E02001107,5227,2842,2666,2292,726,1566,83,35,48,291,138,153,176,138,92,84,74,10,1,1,0,7,7,0,46,2247,1054,358,447,218,170
2021,Oldham 011,E02001108,4342,2572,2369,2101,607,1494,48,9,39,220,88,132,203,89,57,52,37,15,0,0,0,5,5,0,32,1681,618,250,305,313,195
2021,Oldham 012,E02001109,6072,3358,3143,2709,709,2000,75,21,54,359,129,230,215,107,78,75,59,16,0,0,0,3,2,1,29,2607,1157,297,380,464,309
2021,Oldham 013,E02001110,5437,3255,3168,2544,629,1915,155,18,137,469,203,266,87,55,41,38,32,6,0,0,0,3,2,1,14,2127,1600,193,132,98,104
2021,Oldham 014,E02001111,6370,2996,2627,2309,922,1387,78,35,43,240,128,112,369,191,126,122,90,32,0,0,0,4,4,0,65,3183,713,633,716,697,424
2021,Oldham 015,E02001112,5005,3069,2988,2547,610,1937,74,23,51,367,143,224,81,82,62,61,53,8,0,0,0,1,1,0,20,1854,1357,180,129,104,84
2021,Oldham 016,E02001113,6712,2997,2620,2257,1041,1216,70,41,29,293,183,110,377,304,170,153,129,24,1,1,0,16,10,6,134,3411,560,810,1174,418,449
2021,Oldham 017,E02001114,6905,3643,3374,2954,865,2089,71,29,42,349,152,197,269,168,114,105,85,20,5,5,0,4,3,1,54,3094,1442,464,506,418,264
2021,Oldham 018,E02001115,4852,2891,2794,2354,553,1801,63,10,53,377,146,231,97,79,63,63,52,11,0,0,0,0,0,0,16,1882,1146,192,168,239,137
2021,Oldham 019,E02001116,5455,2648,2428,1937,692,1245,79,40,39,412,206,206,220,144,107,93,73,20,3,2,1,11,11,0,37,2663,637,545,760,296,425
2021,Oldham 020,E02001117,5011,2822,2725,2213,577,1636,90,21,69,422,195,227,97,83,65,63,59,4,0,0,0,2,0,2,18,2106,1570,205,117,131,83
2021,Oldham 021,E02001118,5060,2981,2894,2377,541,1836,101,18,83,416,172,244,87,68,50,46,39,7,0,0,0,4,4,0,18,2011,1425,192,134,141,119
2021,Oldham 022,E02001119,8655,3783,3303,2522,1092,1430,153,62,91,628,359,269,480,265,186,175,134,41,1,1,0,10,9,1,79,4607,790,909,1593,636,679
2021,Oldham 024,E02001121,6030,2682,2372,1851,723,1128,91,36,55,430,258,172,310,217,133,114,87,27,8,4,4,11,10,1,84,3131,546,763,895,372,555
2021,Oldham 026,E02001123,5196,2726,2515,2132,662,1470,64,28,36,319,150,169,211,104,73,70,55,15,0,0,0,3,2,1,31,2366,844,361,455,446,260
2021,Oldham 027,E02001124,5267,2808,2600,2226,666,1560,41,13,28,333,154,179,208,108,71,65,47,18,0,0,0,6,2,4,37,2351,847,412,385,420,287
2021,Oldham 028,E02001125,6361,3797,3623,3156,777,2379,71,9,62,396,141,255,174,95,82,73,55,18,0,0,0,9,8,1,13,2469,1366,262,315,296,230
2021,Oldham 029,E02001126,6640,3567,3280,2872,884,1988,66,25,41,342,181,161,287,139,106,95,77,18,4,1,3,7,5,2,33,2934,832,448,651,602,401
2021,Oldham 030,E02001127,5756,3201,2914,2507,750,1757,63,18,45,344,160,184,287,100,76,74,55,19,1,0,1,1,1,0,24,2455,922,361,449,450,273
2021,Oldham 031,E02001128,5980,3481,3266,2867,721,2146,56,16,40,343,122,221,215,104,78,72,57,15,0,0,0,6,6,0,26,2395,1294,258,288,327,228
2021,Oldham 032,E02001129,5438,3272,3069,2739,650,2089,61,15,46,269,110,159,203,114,77,77,61,16,0,0,0,0,0,0,37,2052,958,205,269,386,234
2021,Oldham 033,E02001130,4913,2770,2648,2265,558,1707,75,15,60,308,105,203,122,59,47,45,39,6,0,0,0,2,1,1,12,2084,1327,199,163,246,149
2021,Oldham 034,E02001131,4420,2626,2503,2148,518,1630,40,3,37,315,107,208,123,57,42,40,29,11,0,0,0,2,0,2,15,1737,1089,203,153,177,115
2021,Rochdale 001,E02001132,5460,3311,3205,2697,613,2084,81,26,55,427,186,241,106,76,59,57,46,11,0,0,0,2,1,1,17,2073,1282,208,184,257,142
2021,Rochdale 002,E02001133,5282,3246,3142,2711,594,2117,68,17,51,363,156,207,104,99,75,72,53,19,2,0,2,1,0,1,24,1937,1292,186,188,173,98
2021,Rochdale 003,E02001134,5258,3061,2963,2516,574,1942,95,16,79,352,134,218,98,69,54,51,40,11,0,0,0,3,2,1,15,2128,1481,190,164,181,112
2021,Rochdale 004,E02001135,6115,3133,2881,2488,674,1814,64,24,40,329,140,189,252,133,96,92,69,23,0,0,0,4,1,3,37,2849,945,444,615,519,326
2021,Rochdale 005,E02001136,7730,4110,3920,3283,925,2358,124,37,87,513,226,287,190,126,94,88,73,15,1,0,1,5,4,1,32,3494,1759,380,418,371,566
2021,Rochdale 006,E02001137,5183,3186,3101,2514,545,1969,131,36,95,456,199,257,85,92,68,67,56,11,0,0,0,1,0,1,24,1905,1251,209,167,148,130
2021,Rochdale 007,E02001138,7212,3968,3842,3199,743,2456,144,42,102,499,216,283,126,125,95,92,63,29,0,0,0,3,1,2,30,3119,2188,299,255,206,171
2021,Rochdale 008,E02001139,7517,3711,3351,2800,992,1808,99,42,57,452,244,208,360,206,136,128,106,22,3,0,3,5,3,2,70,3600,770,714,1103,505,508
2021,Rochdale 009,E02001140,6096,3383,3150,2613,759,1854,102,36,66,435,201,234,233,107,72,70,50,20,0,0,0,2,2,0,35,2606,1075,389,476,390,276
2021,Rochdale 010,E02001141,8994,4236,3761,3101,1033,2068,109,40,69,551,286,265,475,238,161,152,114,38,1,0,1,8,5,3,77,4520,1099,771,1146,833,671
2021,Rochdale 011,E02001142,5044,2593,2484,1962,514,1448,145,33,112,377,165,212,109,92,69,67,56,11,0,0,0,2,2,0,23,2359,1620,250,231,155,103
2021,Rochdale 012,E02001143,8498,4372,4021,3379,1077,2302,110,43,67,532,250,282,351,238,181,170,141,29,0,0,0,11,7,4,57,3888,1130,676,936,653,493
2021,Rochdale 013,E02001144,5202,2994,2871,2497,559,1938,49,12,37,325,125,200,123,78,54,50,37,13,0,0,0,4,3,1,24,2130,1212,205,225,320,168
2021,Rochdale 014,E02001145,5781,3462,3344,2842,633,2209,82,11,71,420,171,249,118,90,74,73,49,24,0,0,0,1,0,1,16,2229,1455,242,179,248,105
2021,Rochdale 015,E02001146,7561,3458,3106,2527,943,1584,105,46,59,474,236,238,352,220,147,132,107,25,1,0,1,14,10,4,73,3883,865,748,1135,559,576
2021,Rochdale 016,E02001147,7796,4534,4236,3709,929,2780,100,25,75,427,172,255,298,174,144,144,111,33,0,0,0,0,0,0,30,3088,1202,458,569,527,332
2021,Rochdale 017,E02001148,8331,4645,4398,3752,990,2762,94,28,66,552,233,319,247,137,96,90,69,21,0,0,0,6,0,6,41,3549,1951,376,429,497,296
2021,Rochdale 018,E02001149,8152,4654,4352,3818,943,2875,73,19,54,461,187,274,302,128,93,87,66,21,0,0,0,6,4,2,35,3370,1627,337,451,603,352
2021,Rochdale 019,E02001150,6889,3927,3700,3219,805,2414,73,19,54,408,131,277,227,147,116,104,80,24,0,0,0,12,12,0,31,2815,1340,305,398,520,252
2021,Rochdale 020,E02001151,8080,4978,4768,4081,892,3189,138,36,102,549,192,357,210,132,81,75,57,18,2,2,0,4,4,0,51,2970,1794,304,328,294,250
2021,Rochdale 021,E02001152,7679,4559,4281,3685,904,2781,104,28,76,492,196,296,278,151,112,102,75,27,2,2,0,8,5,3,39,2969,1421,369,398,483,298
2021,Rochdale 022,E02001153,9080,5158,4773,4178,1103,3075,71,12,59,524,189,335,385,186,137,130,94,36,0,0,0,7,7,0,49,3736,1444,479,625,786,402
2021,Rochdale 023,E02001154,8073,4984,4718,4092,950,3142,95,16,79,531,204,327,266,129,91,86,65,21,0,0,0,5,3,2,38,2960,1497,355,359,464,285
2021,Rochdale 024,E02001155,5886,3347,3147,2724,648,2076,61,10,51,362,142,220,200,88,64,62,44,18,0,0,0,2,1,1,24,2451,1323,240,251,389,248
2021,Rochdale 025,E02001156,8036,4664,4470,3779,858,2921,119,20,99,572,228,344,194,130,101,94,78,16,1,1,0,6,6,0,29,3242,2186,348,259,262,187
2021,Salford 001,E02001157,6343,3341,3044,2658,816,1842,32,5,27,354,135,219,297,205,137,129,85,44,0,0,0,8,8,0,68,2797,958,431,499,611,298
2021,Salford 002,E02001158,4748,2583,2378,2083,562,1521,41,9,32,254,97,157,205,89,65,59,47,12,0,0,0,6,4,2,24,2076,905,214,348,412,197
2021,Salford 003,E02001159,5846,3933,3688,3284,683,2601,50,11,39,354,136,218,245,105,73,69,49,20,1,1,0,3,2,1,32,1808,834,222,253,342,157
2021,Salford 004,E02001160,5373,2982,2807,2453,646,1807,51,15,36,303,127,176,175,106,68,56,43,13,2,1,1,10,5,5,38,2285,942,294,433,421,195
2021,Salford 005,E02001161,4868,2825,2700,2348,564,1784,50,16,34,302,116,186,125,103,79,77,42,35,0,0,0,2,2,0,24,1940,1167,175,176,257,165
2021,Salford 006,E02001162,4846,2693,2556,2238,541,1697,36,12,24,282,96,186,137,82,54,54,48,6,0,0,0,0,0,0,28,2071,1232,215,168,306,150
2021,Salford 007,E02001163,8150,5032,4818,4139,858,3281,112,24,88,567,232,335,214,148,105,98,80,18,1,1,0,6,6,0,43,2970,1893,257,252,371,197
2021,Salford 008,E02001164,6033,3451,3159,2725,645,2080,80,18,62,354,135,219,292,128,110,96,82,14,8,8,0,6,3,3,18,2454,726,209,330,352,837
2021,Salford 009,E02001165,4963,3130,2969,2621,612,2009,65,16,49,283,106,177,161,108,83,77,61,16,0,0,0,6,6,0,25,1725,900,228,218,253,126
2021,Salford 010,E02001166,5398,3183,3033,2426,1432,994,163,68,95,444,246,198,150,87,62,51,39,12,2,0,2,9,8,1,25,2128,621,645,364,238,260
2021,Salford 011,E02001167,5340,3148,2948,2383,754,1629,90,31,59,475,218,257,200,136,107,95,69,26,1,1,0,11,11,0,29,2056,823,402,312,309,210
2021,Salford 012,E02001168,7853,4768,4556,3963,882,3081,93,30,63,500,210,290,212,132,104,97,73,24,2,1,1,5,5,0,28,2953,1511,338,379,458,267
2021,Salford 013,E02001169,8919,5460,5294,4458,961,3497,175,19,156,661,274,387,166,186,136,131,109,22,2,1,1,3,1,2,50,3273,2308,334,256,210,165
2021,Salford 014,E02001170,7975,4904,4771,3943,885,3058,173,35,138,655,275,380,133,132,96,93,79,14,0,0,0,3,3,0,36,2939,2212,278,211,129,109
2021,Salford 015,E02001171,5073,3161,3053,2667,566,2101,51,12,39,335,121,214,108,93,71,70,64,6,0,0,0,1,0,1,22,1819,1198,147,132,140,202
2021,Salford 017,E02001173,7669,3286,2968,2565,788,1777,67,15,52,336,136,200,318,878,596,562,482,80,4,4,0,30,28,2,282,3505,682,1416,417,593,397
2021,Salford 018,E02001174,4851,2982,2845,2473,534,1939,49,10,39,323,131,192,137,182,134,120,105,15,0,0,0,14,14,0,48,1687,932,270,131,245,109
2021,Salford 019,E02001175,5938,3614,3412,3030,645,2385,60,13,47,322,135,187,202,124,99,93,74,19,1,0,1,5,2,3,25,2200,906,258,327,395,314
2021,Salford 020,E02001176,9865,5997,5727,4921,969,3952,148,38,110,658,287,371,270,162,122,113,85,28,2,2,0,7,4,3,40,3706,2021,419,363,585,318
2021,Salford 021,E02001177,10878,6639,6188,5489,1163,4326,113,32,81,586,232,354,451,365,271,239,179,60,6,4,2,26,20,6,94,3874,1690,601,460,693,430
2021,Salford 023,E02001179,5875,3444,3191,2844,688,2156,47,15,32,300,123,177,253,351,242,225,186,39,0,0,0,17,13,4,109,2080,784,479,257,309,251
2021,Salford 024,E02001180,4642,2007,1781,1551,421,1130,42,16,26,188,83,105,226,317,174,163,136,27,1,1,0,10,9,1,143,2318,575,694,286,480,283
2021,Salford 025,E02001181,4680,2741,2531,2224,602,1622,38,8,30,269,116,153,210,97,67,62,52,10,1,1,0,4,4,0,30,1842,728,239,276,391,208
2021,Salford 026,E02001182,5808,3527,3260,2884,695,2189,50,12,38,326,111,215,267,165,96,84,70,14,1,1,0,11,9,2,69,2116,715,230,378,449,344
2021,Salford 027,E02001183,5888,3723,3534,3088,678,2410,63,16,47,383,178,205,189,90,70,66,49,17,0,0,0,4,4,0,20,2075,724,274,292,519,266
2021,Salford 029,E02001185,7762,4543,4305,3817,950,2867,73,16,57,415,155,260,238,136,92,87,77,10,0,0,0,5,4,1,44,3083,1832,281,345,418,207
2021,Salford 030,E02001186,8264,5219,4980,4399,962,3437,73,17,56,508,196,312,239,139,96,93,78,15,1,0,1,2,0,2,43,2906,1520,286,413,399,288
2021,Stockport 001,E02001187,5703,3537,3374,2915,714,2201,72,17,55,387,157,230,163,68,48,44,35,9,1,1,0,3,1,2,20,2098,1210,219,206,266,197
2021,Stockport 002,E02001188,6823,4437,4177,3607,908,2699,80,23,57,490,201,289,260,157,118,114,83,31,0,0,0,4,3,1,39,2229,884,317,337,380,311
2021,Stockport 003,E02001189,6809,4327,4158,3612,894,2718,86,20,66,460,168,292,169,109,92,91,73,18,0,0,0,1,1,0,17,2373,1447,241,209,291,185
2021,Stockport 004,E02001190,5969,3157,2865,2548,745,1803,26,12,14,291,110,181,292,99,80,74,50,24,0,0,0,6,5,1,19,2713,801,252,501,839,320
2021,Stockport 005,E02001191,4866,2728,2615,2213,558,1655,68,12,56,334,132,202,113,72,60,58,46,12,1,1,0,1,1,0,12,2066,1449,124,139,222,132
2021,Stockport 006,E02001192,5445,3469,3364,2750,545,2205,122,33,89,492,214,278,105,78,64,59,47,12,0,0,0,5,5,0,14,1898,1181,257,153,177,130
2021,Stockport 007,E02001193,5265,3365,3186,2796,662,2134,46,11,35,344,141,203,179,71,57,53,39,14,1,1,0,3,2,1,14,1829,850,211,219,307,242
2021,Stockport 008,E02001194,5110,3148,3051,2488,586,1902,125,25,100,438,208,230,97,62,42,38,31,7,1,0,1,3,3,0,20,1900,1288,235,172,92,113
2021,Stockport 009,E02001195,6183,3803,3661,3118,729,2389,66,16,50,477,198,279,142,88,59,56,47,9,1,1,0,2,0,2,29,2292,1509,175,231,244,133
2021,Stockport 010,E02001196,6510,3588,3427,2850,736,2114,76,20,56,501,240,261,161,87,60,55,46,9,1,0,1,4,4,0,27,2835,2016,210,212,242,155
2021,Stockport 011,E02001197,5000,3173,3061,2552,678,1874,75,19,56,434,195,239,112,91,72,64,53,11,1,1,0,7,7,0,19,1736,1094,224,163,167,88
2021,Stockport 012,E02001198,6095,3218,3041,2575,645,1930,64,13,51,402,165,237,177,81,53,52,43,9,0,0,0,1,0,1,28,2796,1772,209,286,365,164
2021,Stockport 013,E02001199,6457,4045,3937,3273,787,2486,126,32,94,538,264,274,108,102,75,68,54,14,1,1,0,6,6,0,27,2310,1486,293,244,142,145
2021,Stockport 014,E02001200,6345,3660,3316,2904,734,2170,50,12,38,362,128,234,344,93,66,65,47,18,0,0,0,1,1,0,27,2592,939,225,393,677,358
2021,Stockport 015,E02001201,4641,3126,3020,2599,644,1955,57,17,40,364,158,206,106,68,50,46,42,4,1,0,1,3,2,1,18,1447,850,170,147,171,109
2021,Stockport 016,E02001202,5301,3549,3364,2970,659,2311,43,9,34,351,147,204,185,94,74,69,53,16,0,0,0,5,3,2,20,1658,697,176,266,332,187
2021,Stockport 017,E02001203,4842,2705,2630,2053,530,1523,132,19,113,445,197,248,75,63,47,43,40,3,0,0,0,4,4,0,16,2074,1688,138,124,70,54
2021,Stockport 018,E02001204,7156,4748,4544,3975,905,3070,77,25,52,492,213,279,204,92,72,69,54,15,0,0,0,3,3,0,20,2316,1264,268,286,287,211
2021,Stockport 019,E02001205,6900,4371,4148,3642,947,2695,75,18,57,431,188,243,223,95,76,70,61,9,0,0,0,6,4,2,19,2434,1219,261,320,424,210
2021,Stockport 020,E02001206,5919,3385,3263,2726,694,2032,100,15,85,437,204,233,122,79,60,56,48,8,0,0,0,4,4,0,19,2455,1793,185,162,208,107
2021,Stockport 021,E02001207,5659,3417,3297,2789,749,2040,72,22,50,436,177,259,120,81,67,60,50,10,1,1,0,6,5,1,14,2161,1536,174,162,180,109
2021,Stockport 022,E02001208,6204,3954,3794,3237,787,2450,79,22,57,478,215,263,160,100,77,73,60,13,0,0,0,4,4,0,23,2150,1265,235,188,294,168
2021,Stockport 023,E02001209,6229,4151,3953,3423,826,2597,75,18,57,455,223,232,198,89,65,65,53,12,0,0,0,0,0,0,24,1989,1040,264,255,255,175
2021,Stockport 024,E02001210,5818,3252,3065,2652,726,1926,56,11,45,357,166,191,187,127,92,83,67,16,1,0,1,8,7,1,35,2439,1303,288,270,423,155
2021,Stockport 025,E02001211,5269,3209,3113,2545,625,1920,112,21,91,456,203,253,96,79,62,57,50,7,2,1,1,3,2,1,17,1981,1299,258,204,120,100
2021,Stockport 026,E02001212,5198,3127,2964,2598,741,1857,47,13,34,319,131,188,163,80,60,58,44,14,1,1,0,1,1,0,20,1991,700,295,340,425,231
2021,Stockport 027,E02001213,8040,5280,5105,4314,1017,3297,134,25,109,657,294,363,175,128,101,100,75,25,1,0,1,0,0,0,27,2632,1705,287,191,270,179
2021,Stockport 028,E02001214,6502,3571,3431,2668,723,1945,187,47,140,576,273,303,140,96,84,77,62,15,0,0,0,7,6,1,12,2835,1710,348,336,262,179
2021,Stockport 029,E02001215,4961,2725,2647,2189,619,1570,81,15,66,377,181,196,78,55,46,38,35,3,0,0,0,8,6,2,9,2181,1673,162,130,128,88
2021,Stockport 030,E02001216,6352,3711,3592,3008,760,2248,115,24,91,469,219,250,119,108,81,76,61,15,1,1,0,4,2,2,27,2533,1794,289,187,140,123
2021,Stockport 031,E02001217,5527,3398,3250,2797,677,2120,59,11,48,394,174,220,148,75,58,55,46,9,0,0,0,3,3,0,17,2054,1342,193,183,204,132
2021,Stockport 032,E02001218,4869,2742,2626,2146,546,1600,118,27,91,362,170,192,116,91,81,80,73,7,0,0,0,1,1,0,10,2036,1415,214,177,124,106
2021,Stockport 033,E02001219,4407,2559,2490,2070,514,1556,74,8,66,346,161,185,69,61,49,47,36,11,1,1,0,1,1,0,12,1787,1398,151,103,69,66
2021,Stockport 034,E02001220,4527,2703,2586,2175,582,1593,97,26,71,314,137,177,117,56,40,37,33,4,0,0,0,3,3,0,16,1768,1158,185,165,140,120
2021,Stockport 035,E02001221,4886,2752,2670,2256,585,1671,79,14,65,335,150,185,82,92,76,68,60,8,0,0,0,8,7,1,16,2042,1585,161,127,95,74
2021,Stockport 036,E02001222,5254,2849,2731,2220,604,1616,119,38,81,392,169,223,118,109,91,87,71,16,0,0,0,4,4,0,18,2296,1502,239,252,155,148
2021,Stockport 037,E02001223,5511,3116,3025,2429,648,1781,119,26,93,477,237,240,91,66,50,47,42,5,0,0,0,3,3,0,16,2329,1737,216,204,95,77
2021,Stockport 038,E02001224,5037,2474,2413,1955,540,1415,97,28,69,361,174,187,61,68,47,44,38,6,0,0,0,3,3,0,21,2495,1932,142,141,175,105
2021,Stockport 039,E02001225,5916,3572,3505,2940,738,2202,104,20,84,461,221,240,67,89,75,74,62,12,0,0,0,1,1,0,14,2255,1629,225,166,141,94
2021,Stockport 040,E02001226,5685,3304,3163,2605,715,1890,100,20,80,458,211,247,141,103,77,74,62,12,0,0,0,3,3,0,26,2278,1325,285,301,196,171
2021,Stockport 041,E02001227,4597,2539,2503,2047,560,1487,116,23,93,340,171,169,36,59,39,37,32,5,0,0,0,2,2,0,20,1999,1592,164,126,58,59
2021,Stockport 042,E02001228,5137,2971,2890,2318,577,1741,148,22,126,424,226,198,81,64,50,49,45,4,0,0,0,1,1,0,14,2102,1575,213,157,66,91
2021,Tameside 001,E02001229,8412,5357,5146,4400,952,3448,105,23,82,641,255,386,211,146,93,91,76,15,1,1,0,1,0,1,53,2909,1773,303,275,313,245
2021,Tameside 002,E02001230,4889,2691,2595,2189,543,1646,67,16,51,339,149,190,96,99,73,71,60,11,1,1,0,1,1,0,26,2099,1397,194,192,187,129
2021,Tameside 003,E02001231,5575,3444,3286,2828,677,2151,77,9,68,381,148,233,158,89,52,48,41,7,1,1,0,3,2,1,37,2042,1130,244,249,281,138
2021,Tameside 004,E02001232,6751,3847,3591,3086,819,2267,74,21,53,431,165,266,256,150,117,109,72,37,0,0,0,8,5,3,33,2754,1236,348,477,466,227
2021,Tameside 005,E02001233,6344,3351,3186,2721,739,1982,85,21,64,380,161,219,165,84,50,50,40,10,0,0,0,0,0,0,34,2909,1555,302,353,464,235
2021,Tameside 006,E02001234,6109,3432,3196,2770,705,2065,64,15,49,362,170,192,236,127,86,83,50,33,0,0,0,3,1,2,41,2550,1138,303,436,452,221
2021,Tameside 007,E02001235,5747,3504,3337,2836,653,2183,78,24,54,423,176,247,167,76,63,61,50,11,1,0,1,1,1,0,13,2167,1074,233,332,331,197
2021,Tameside 008,E02001236,4680,2645,2463,2148,558,1590,32,2,30,283,98,185,182,68,48,46,42,4,0,0,0,2,1,1,20,1967,880,227,281,382,197
2021,Tameside 009,E02001237,5719,3550,3404,2916,676,2240,79,18,61,409,178,231,146,122,102,98,68,30,0,0,0,4,3,1,20,2047,1030,254,258,303,202
2021,Tameside 010,E02001238,6547,3933,3760,3285,782,2503,68,21,47,407,176,231,173,115,71,71,59,12,0,0,0,0,0,0,44,2499,1513,235,269,299,183
2021,Tameside 011,E02001239,7597,4646,4398,3859,956,2903,69,12,57,470,179,291,248,137,100,97,84,13,0,0,0,3,3,0,37,2814,1442,322,394,418,238
2021,Tameside 012,E02001240,5188,3221,3056,2680,680,2000,58,18,40,318,128,190,165,125,80,76,61,15,0,0,0,4,4,0,45,1842,1021,212,245,217,147
2021,Tameside 013,E02001241,8446,4344,3898,3270,991,2279,90,38,52,538,258,280,446,219,144,138,112,26,1,1,0,5,2,3,75,3883,1072,547,861,796,607
2021,Tameside 014,E02001242,5706,3578,3444,2948,652,2296,70,14,56,426,178,248,134,107,66,66,56,10,0,0,0,0,0,0,41,2021,1303,214,237,149,118
2021,Tameside 015,E02001243,6937,4060,3867,3233,756,2477,124,31,93,510,216,294,193,99,67,63,54,9,1,1,0,3,2,1,32,2778,1848,248,221,287,174
2021,Tameside 016,E02001244,4486,2651,2567,2233,527,1706,50,6,44,284,104,180,84,69,61,59,54,5,0,0,0,2,2,0,8,1766,1264,135,118,150,99
2021,Tameside 017,E02001245,6491,3971,3765,3383,791,2592,45,10,35,337,138,199,206,86,66,64,61,3,0,0,0,2,2,0,20,2434,1218,267,305,402,242
2021,Tameside 018,E02001246,5959,3330,3147,2788,657,2131,43,8,35,316,140,176,183,92,72,69,61,8,2,1,1,1,1,0,20,2537,1374,256,255,458,194
2021,Tameside 019,E02001247,5983,3617,3429,2988,695,2293,65,16,49,376,142,234,188,85,56,51,41,10,1,1,0,4,2,2,29,2281,1177,246,271,361,226
2021,Tameside 020,E02001248,9328,5836,5537,4926,1135,3791,72,19,53,539,205,334,299,178,139,127,106,21,4,1,3,8,6,2,39,3314,1423,411,493,645,342
2021,Tameside 021,E02001249,5181,3075,2896,2542,639,1903,51,17,34,303,122,181,179,85,67,65,50,15,0,0,0,2,2,0,18,2021,1077,215,253,286,190
2021,Tameside 022,E02001250,5427,3312,3194,2759,635,2124,79,14,65,356,141,215,118,89,72,71,61,10,1,1,0,0,0,0,17,2026,1389,169,152,190,126
2021,Tameside 023,E02001251,5123,2970,2862,2379,551,1828,82,14,68,401,165,236,108,84,62,59,45,14,1,1,0,2,1,1,22,2069,1440,146,166,199,118
2021,Tameside 024,E02001252,6302,3810,3679,3191,691,2500,70,17,53,418,145,273,131,94,79,76,66,10,0,0,0,3,2,1,15,2398,1729,241,143,166,119
2021,Tameside 025,E02001253,4145,2472,2365,2090,510,1580,33,6,27,242,95,147,107,66,50,49,40,9,0,0,0,1,0,1,16,1607,962,138,146,217,144
2021,Tameside 026,E02001254,4610,2690,2559,2272,552,1720,46,6,40,241,109,132,131,67,48,46,35,11,0,0,0,2,1,1,19,1853,1119,150,178,248,158
2021,Tameside 027,E02001255,5669,3373,3181,2822,764,2058,52,10,42,307,128,179,192,75,56,55,42,13,0,0,0,1,0,1,19,2221,856,213,381,530,241
2021,Tameside 028,E02001256,8153,4420,4114,3528,1113,2415,94,43,51,492,237,255,306,199,153,146,127,19,0,0,0,7,7,0,46,3534,1389,477,728,582,358
2021,Tameside 029,E02001257,7476,4098,3879,3380,850,2530,63,13,50,436,163,273,219,106,73,70,58,12,0,0,0,3,2,1,33,3272,1998,250,316,466,242
2021,Tameside 030,E02001258,6147,3624,3513,3008,721,2287,78,20,58,427,185,242,111,80,65,62,50,12,0,0,0,3,3,0,15,2443,1714,230,205,176,118
2021,Trafford 001,E02001259,9226,5292,4851,4123,1258,2865,114,42,72,614,342,272,441,391,280,261,194,67,1,1,0,18,18,0,111,3543,785,908,755,658,437
2021,Trafford 002,E02001260,6152,3757,3618,3211,744,2467,62,10,52,345,141,204,139,113,80,78,70,8,0,0,0,2,1,1,33,2282,1543,251,176,192,120
2021,Trafford 003,E02001261,6922,4627,4362,3767,909,2858,88,29,59,507,233,274,265,150,101,92,74,18,1,1,0,8,8,0,49,2145,811,382,359,329,264
2021,Trafford 004,E02001262,6862,3950,3697,3050,881,2169,100,28,72,547,271,276,253,170,129,123,95,28,0,0,0,6,6,0,41,2742,1059,490,517,371,305
2021,Trafford 005,E02001263,6858,4072,3963,3378,770,2608,108,24,84,477,192,285,109,113,93,92,82,10,0,0,0,1,1,0,20,2673,1932,228,171,207,135
2021,Trafford 006,E02001264,6735,4372,4190,3566,840,2726,88,20,68,536,256,280,182,123,97,93,74,19,1,1,0,3,3,0,26,2240,1166,338,317,218,201
2021,Trafford 007,E02001265,6636,4056,3904,3412,849,2563,71,10,61,421,169,252,152,122,96,96,84,12,0,0,0,0,0,0,26,2458,1568,270,205,262,153
2021,Trafford 008,E02001266,5576,3302,3120,2691,671,2020,79,20,59,350,155,195,182,94,71,68,50,18,1,0,1,2,1,1,23,2180,1163,276,237,300,204
2021,Trafford 009,E02001267,6050,3694,3551,3085,630,2455,67,17,50,399,169,230,143,104,75,70,59,11,0,0,0,5,4,1,29,2252,1457,193,148,314,140
2021,Trafford 010,E02001268,5820,3430,3335,2909,718,2191,84,17,67,342,142,200,95,97,73,69,61,8,1,1,0,3,2,1,24,2293,1702,203,117,166,105
2021,Trafford 011,E02001269,6715,4118,3934,3354,806,2548,75,23,52,505,240,265,184,140,107,98,81,17,1,1,0,8,8,0,33,2457,1252,363,308,302,232
2021,Trafford 012,E02001270,6726,4482,4327,3706,796,2910,91,18,73,530,240,290,155,76,54,51,43,8,1,1,0,2,1,1,22,2168,1372,265,197,211,123
2021,Trafford 013,E02001271,5220,3208,3054,2570,640,1930,72,7,65,412,178,234,154,78,62,59,48,11,0,0,0,3,3,0,16,1934,1131,216,182,266,139
2021,Trafford 014,E02001272,6365,4017,3870,3277,691,2586,109,22,87,484,226,258,147,79,62,55,45,10,1,0,1,6,4,2,17,2269,1583,234,187,164,101
2021,Trafford 015,E02001273,7600,4998,4824,4107,808,3299,131,22,109,586,264,322,174,114,90,82,68,14,0,0,0,8,7,1,24,2488,1584,302,298,158,146
2021,Trafford 016,E02001274,6539,3601,3486,2839,778,2061,142,36,106,505,235,270,115,105,81,69,60,9,0,0,0,12,9,3,24,2833,1985,322,249,130,147
2021,Trafford 017,E02001275,6214,3459,3233,2831,850,1981,54,17,37,348,163,185,226,104,84,83,70,13,0,0,0,1,0,1,20,2651,1174,305,365,581,226
2021,Trafford 018,E02001276,6243,3808,3643,3120,803,2317,85,19,66,438,179,259,165,89,72,68,60,8,0,0,0,4,3,1,17,2346,1276,274,301,333,162
2021,Trafford 019,E02001277,7085,4509,4258,3646,964,2682,98,26,72,514,224,290,251,116,90,83,63,20,2,0,2,5,2,3,26,2460,993,366,409,441,251
2021,Trafford 020,E02001278,6755,4299,4173,3556,774,2782,108,18,90,509,228,281,126,116,94,89,73,16,0,0,0,5,1,4,22,2340,1552,309,225,139,115
2021,Trafford 021,E02001279,6535,4175,4043,3429,851,2578,119,21,98,495,218,277,132,81,55,51,44,7,1,0,1,3,3,0,26,2279,1603,307,174,92,103
2021,Trafford 022,E02001280,6609,3696,3516,2910,843,2067,118,33,85,488,228,260,180,116,83,81,67,14,0,0,0,2,2,0,33,2797,1582,350,284,368,213
2021,Trafford 023,E02001281,6178,3662,3558,2974,726,2248,111,24,87,473,215,258,104,101,81,81,75,6,0,0,0,0,0,0,20,2415,1818,277,150,96,74
2021,Trafford 024,E02001282,7822,5356,5177,4365,924,3441,136,28,108,676,315,361,179,115,89,84,67,17,1,1,0,4,3,1,26,2351,1300,355,339,172,185
2021,Trafford 025,E02001283,7664,4732,4572,3629,795,2834,213,47,166,730,352,378,160,86,58,47,37,10,2,1,1,9,6,3,28,2846,1777,341,368,154,206
2021,Trafford 026,E02001284,6268,4051,3939,3101,704,2397,189,38,151,649,301,348,112,117,94,88,78,10,1,0,1,5,5,0,23,2100,1290,336,285,77,112
2021,Trafford 027,E02001285,6313,3558,3428,2573,630,1943,238,51,187,617,310,307,130,115,90,82,72,10,0,0,0,8,6,2,25,2640,1713,329,319,118,161
2021,Trafford 028,E02001286,6470,3527,3426,2465,687,1778,294,67,227,667,331,336,101,89,68,62,51,11,2,0,2,4,4,0,21,2854,1786,396,392,106,174
2021,Wigan 001,E02001287,5434,3557,3458,3008,659,2349,86,17,69,364,139,225,99,81,65,63,57,6,1,1,0,1,0,1,16,1796,1258,177,130,133,98
2021,Wigan 002,E02001288,6956,4117,3975,3401,733,2668,115,22,93,459,179,280,142,127,91,79,72,7,1,1,0,11,6,5,36,2712,1941,230,175,210,156
2021,Wigan 003,E02001289,8491,4782,4654,3996,962,3034,93,26,67,565,238,327,128,175,140,133,117,16,2,2,0,5,3,2,35,3534,2652,243,241,264,134
2021,Wigan 004,E02001290,5145,2878,2790,2360,578,1782,88,19,69,342,153,189,88,119,96,93,78,15,0,0,0,3,2,1,23,2148,1451,176,194,224,103
2021,Wigan 005,E02001291,6331,3664,3459,3033,803,2230,60,12,48,366,143,223,205,108,76,71,52,19,0,0,0,5,0,5,32,2559,1422,267,297,393,180
2021,Wigan 006,E02001292,6759,3921,3797,3253,747,2506,107,17,90,437,194,243,124,118,97,90,74,16,2,0,2,5,5,0,21,2720,1900,222,194,245,159
2021,Wigan 007,E02001293,5214,3057,2958,2595,617,1978,55,15,40,308,120,188,99,90,72,71,60,11,0,0,0,1,0,1,18,2067,1384,174,161,228,120
2021,Wigan 008,E02001294,6668,4228,4041,3551,836,2715,79,22,57,411,151,260,187,148,110,101,76,25,3,0,3,6,5,1,38,2292,1266,267,221,318,220
2021,Wigan 009,E02001295,5940,3123,2841,2507,660,1847,40,11,29,294,115,179,282,96,63,60,42,18,0,0,0,3,3,0,33,2721,1153,229,337,672,330
2021,Wigan 010,E02001296,6645,3448,3113,2774,823,1951,60,18,42,279,122,157,335,119,84,82,63,19,0,0,0,2,2,0,35,3078,1023,352,626,727,350
2021,Wigan 011,E02001297,5421,3101,2956,2564,655,1909,71,13,58,321,121,200,145,122,97,96,78,18,0,0,0,1,0,1,25,2198,1212,183,253,375,175
2021,Wigan 012,E02001298,6340,3679,3418,2983,818,2165,58,18,40,377,137,240,261,128,91,89,63,26,1,1,0,1,1,0,37,2533,1035,288,418,539,253
2021,Wigan 013,E02001299,7214,4327,4132,3626,847,2779,96,18,78,410,159,251,195,150,122,121,99,22,1,0,1,0,0,0,28,2737,1544,254,267,399,273
2021,Wigan 014,E02001300,6476,3770,3606,3155,785,2370,53,7,46,398,143,255,164,115,102,101,80,21,1,1,0,0,0,0,13,2591,1500,204,280,375,232
2021,Wigan 015,E02001301,7260,4362,4105,3675,873,2802,62,16,46,368,143,225,257,143,118,116,88,28,0,0,0,2,2,0,25,2755,1263,265,418,525,284
2021,Wigan 016,E02001302,6405,3507,3324,2905,774,2131,70,14,56,349,133,216,183,119,78,77,63,14,1,0,1,0,0,0,41,2779,1581,233,340,445,180
2021,Wigan 017,E02001303,6985,4006,3672,3175,823,2352,64,18,46,433,192,241,334,140,105,95,75,20,3,0,3,7,4,3,35,2839,1190,267,432,650,300
2021,Wigan 018,E02001304,10565,6145,5991,5138,1120,4018,140,30,110,713,282,431,154,219,157,149,126,23,0,0,0,8,6,2,62,4201,3020,369,279,324,209
2021,Wigan 019,E02001305,7095,4103,3985,3413,776,2637,77,16,61,495,195,300,118,113,78,73,62,11,0,0,0,5,5,0,35,2879,1968,226,212,290,183
2021,Wigan 020,E02001306,5998,3404,3287,2838,718,2120,58,16,42,391,159,232,117,120,99,95,84,11,1,1,0,3,1,2,21,2474,1689,160,227,288,110
2021,Wigan 021,E02001307,9502,6064,5932,5210,1191,4019,127,29,98,595,233,362,132,202,159,155,138,17,0,0,0,4,4,0,43,3236,2355,295,229,230,127
2021,Wigan 022,E02001308,4997,2910,2772,2344,586,1758,52,10,42,376,150,226,138,63,42,39,34,5,0,0,0,3,3,0,21,2024,1343,162,165,238,116
2021,Wigan 023,E02001309,6889,4327,4169,3570,809,2761,96,13,83,503,220,283,158,129,98,90,73,17,2,1,1,6,6,0,31,2433,1531,217,204,311,170
2021,Wigan 024,E02001310,7260,4261,4019,3496,895,2601,67,11,56,456,166,290,242,139,115,106,87,19,0,0,0,9,7,2,24,2860,1280,304,434,537,305
2021,Wigan 025,E02001311,6727,4008,3836,3279,790,2489,65,20,45,492,180,312,172,106,86,76,64,12,0,0,0,10,8,2,20,2613,1562,219,271,358,203
2021,Wigan 026,E02001312,7006,4037,3825,3311,819,2492,73,17,56,441,160,281,212,118,85,82,64,18,0,0,0,3,3,0,33,2851,1269,265,294,407,616
2021,Wigan 027,E02001313,6474,3505,3291,2814,693,2121,70,21,49,407,149,258,214,111,78,75,57,18,1,1,0,2,1,1,33,2858,1356,294,392,549,267
2021,Wigan 028,E02001314,6334,4002,3847,3260,763,2497,87,16,71,500,213,287,155,115,84,82,73,9,1,1,0,1,0,1,31,2217,1399,244,201,227,146
2021,Wigan 029,E02001315,7685,4964,4818,4089,799,3290,114,27,87,615,248,367,146,112,73,71,59,12,0,0,0,2,1,1,39,2609,1777,247,201,231,153
2021,Wigan 030,E02001316,5932,3650,3347,2877,752,2125,63,18,45,407,165,242,303,87,75,75,49,26,0,0,0,0,0,0,12,2195,843,276,345,388,343
2021,Wigan 031,E02001317,7389,4414,4220,3627,847,2780,95,22,73,498,181,317,194,109,79,79,62,17,0,0,0,0,0,0,30,2866,1691,264,306,421,184
2021,Wigan 032,E02001318,6496,3573,3421,3022,769,2253,54,19,35,345,113,232,152,134,92,92,78,14,0,0,0,0,0,0,42,2789,1731,249,245,360,204
2021,Wigan 033,E02001319,6732,3995,3765,3280,822,2458,57,10,47,428,164,264,230,109,89,83,66,17,0,0,0,6,4,2,20,2628,1239,214,364,537,274
2021,Wigan 034,E02001320,6091,3530,3362,2898,746,2152,60,19,41,404,147,257,168,85,56,55,45,10,1,1,0,0,0,0,29,2476,1454,215,247,364,196
2021,Wigan 035,E02001321,6585,3960,3798,3314,782,2532,59,7,52,425,152,273,162,121,101,101,91,10,0,0,0,0,0,0,20,2504,1656,239,213,262,134
2021,Wigan 036,E02001322,6088,3354,3236,2784,651,2133,59,15,44,393,141,252,118,104,84,82,75,7,0,0,0,2,1,1,20,2630,1849,171,189,281,140
2021,Wigan 037,E02001323,6343,3661,3491,2960,724,2236,105,26,79,426,162,264,170,101,81,75,64,11,0,0,0,6,5,1,20,2581,1659,222,235,310,155
2021,Wigan 038,E02001324,6667,4012,3841,3307,811,2496,94,26,68,440,143,297,171,107,83,79,62,17,0,0,0,4,2,2,24,2548,1426,259,293,358,212
2021,Wigan 039,E02001325,7461,4647,4510,3894,825,3069,104,19,85,512,228,284,137,153,122,117,103,14,0,0,0,5,5,0,31,2661,1888,231,185,254,103
2021,Wigan 040,E02001326,6694,3965,3836,3258,758,2500,91,19,72,487,199,288,129,125,92,90,85,5,0,0,0,2,2,0,33,2604,1777,214,213,268,132
2021,Knowsley 001,E02001327,6955,3859,3595,3171,882,2289,68,10,58,356,145,211,264,117,95,86,63,23,0,0,0,9,4,5,22,2979,946,381,580,731,341
2021,Knowsley 002,E02001328,8551,5376,5186,4532,1040,3492,100,21,79,554,235,319,190,154,125,114,96,18,0,0,0,11,7,4,29,3021,1733,295,273,468,252
2021,Knowsley 003,E02001329,5977,3258,3032,2649,766,1883,61,16,45,322,121,201,226,78,60,55,41,14,1,0,1,4,2,2,18,2641,924,253,376,742,346
2021,Knowsley 004,E02001330,7240,4118,3848,3406,1009,2397,56,16,40,386,151,235,270,135,92,90,69,21,0,0,0,2,0,2,43,2987,1215,298,411,717,346
2021,Knowsley 005,E02001331,8128,4443,4160,3614,1015,2599,101,28,73,445,172,273,283,123,93,87,61,26,2,1,1,4,2,2,30,3562,1532,359,495,840,336
2021,Knowsley 006,E02001332,5943,3268,3039,2630,758,1872,63,17,46,346,118,228,229,111,77,71,51,20,2,2,0,4,4,0,34,2564,975,269,370,688,262
2021,Knowsley 007,E02001333,7679,4502,4260,3794,964,2830,73,15,58,393,165,228,242,115,83,77,57,20,1,0,1,5,3,2,32,3062,1425,281,387,686,283
2021,Knowsley 008,E02001334,5068,2679,2452,2159,656,1503,42,8,34,251,83,168,227,116,75,69,54,15,1,1,0,5,5,0,41,2273,687,240,465,617,264
2021,Knowsley 009,E02001335,6747,4282,4117,3702,864,2838,63,10,53,352,118,234,165,135,101,101,81,20,0,0,0,0,0,0,34,2330,1353,242,216,326,193
2021,Knowsley 010,E02001336,5427,2772,2531,2238,746,1492,55,11,44,238,79,159,241,85,71,67,49,18,0,0,0,4,2,2,14,2570,889,254,419,733,275
2021,Knowsley 011,E02001337,4748,2807,2637,2313,637,1676,48,10,38,276,109,167,170,95,70,68,55,13,0,0,0,2,2,0,25,1846,892,216,240,333,165
2021,Knowsley 012,E02001338,4900,2876,2743,2408,669,1739,50,17,33,285,99,186,133,82,54,53,42,11,0,0,0,1,0,1,28,1942,960,189,256,352,185
2021,Knowsley 013,E02001339,5077,2810,2653,2333,640,1693,40,7,33,280,103,177,157,103,75,71,57,14,0,0,0,4,3,1,28,2164,986,259,302,404,213
2021,Knowsley 014,E02001340,7962,5027,4867,4219,972,3247,108,22,86,540,201,339,160,141,108,105,89,16,1,1,0,2,0,2,33,2794,1791,285,233,307,178
2021,Knowsley 015,E02001341,6012,3299,3076,2698,770,1928,37,6,31,341,133,208,223,84,63,63,45,18,0,0,0,0,0,0,21,2629,1109,264,352,625,279
2021,Knowsley 016,E02001342,6660,3937,3844,3329,728,2601,109,25,84,406,160,246,93,102,79,75,58,17,0,0,0,4,0,4,23,2621,1818,226,182,234,161
2021,Knowsley 017,E02001343,6081,3699,3583,3039,749,2290,107,21,86,437,180,257,116,110,93,91,80,11,0,0,0,2,2,0,17,2272,1527,218,163,206,158
2021,Knowsley 018,E02001344,4617,2622,2503,2208,570,1638,56,14,42,239,100,139,119,77,60,58,50,8,0,0,0,2,1,1,17,1918,1032,207,184,338,157
2021,Knowsley 019,E02001345,4591,2717,2613,2330,571,1759,33,6,27,250,101,149,104,106,82,75,64,11,0,0,0,7,6,1,24,1768,1197,166,106,191,108
2021,Knowsley 020,E02001346,5932,3353,3116,2772,813,1959,57,19,38,287,109,178,237,108,84,78,67,11,0,0,0,6,5,1,24,2471,1045,249,333,587,257
2021,Liverpool 001,E02001347,6463,3750,3546,3180,858,2322,58,16,42,308,126,182,204,130,97,92,79,13,0,0,0,5,4,1,33,2583,1109,301,320,611,242
2021,Liverpool 002,E02001348,5488,3341,3135,2769,727,2042,62,13,49,304,128,176,206,140,106,98,76,22,0,0,0,8,3,5,34,2007,1048,188,229,368,174
2021,Liverpool 003,E02001349,6799,3958,3727,3274,818,2456,70,30,40,383,138,245,231,139,98,90,69,21,1,0,1,7,7,0,41,2702,1187,276,236,409,594
2021,Liverpool 004,E02001350,6345,3387,3172,2781,796,1985,51,14,37,340,135,205,215,115,83,81,67,14,1,1,0,1,1,0,32,2843,1175,284,431,693,260
2021,Liverpool 005,E02001351,7233,3669,3384,2973,964,2009,60,14,46,351,147,204,285,140,113,107,90,17,2,0,2,4,2,2,27,3424,1039,372,466,850,697
2021,Liverpool 006,E02001352,5190,2857,2657,2364,724,1640,49,9,40,244,85,159,200,113,76,74,58,16,1,1,0,1,1,0,37,2220,845,289,286,557,243
2021,Liverpool 007,E02001353,5962,3658,3510,3023,773,2250,78,17,61,409,178,231,148,123,94,88,59,29,0,0,0,6,5,1,29,2181,1177,296,210,310,188
2021,Liverpool 008,E02001354,6310,3472,3228,2855,775,2080,55,16,39,318,127,191,244,96,66,64,48,16,0,0,0,2,1,1,30,2742,1142,364,342,658,236
2021,Liverpool 009,E02001355,5174,2769,2588,2268,684,1584,42,11,31,278,107,171,181,96,77,71,56,15,0,0,0,6,4,2,19,2309,999,258,283,510,259
2021,Liverpool 010,E02001356,6543,3925,3669,3208,991,2217,63,20,43,398,150,248,256,142,119,115,89,26,0,0,0,4,3,1,23,2476,706,366,555,542,307
2021,Liverpool 011,E02001357,5594,2876,2639,2331,739,1592,31,7,24,277,113,164,237,139,104,97,72,25,1,1,0,6,3,3,35,2579,956,342,460,601,220
2021,Liverpool 012,E02001358,5573,2933,2605,2249,685,1564,47,14,33,309,106,203,328,111,89,88,67,21,0,0,0,1,1,0,22,2529,886,292,422,587,342
2021,Liverpool 013,E02001359,4635,2542,2399,2017,561,1456,78,19,59,304,123,181,143,76,75,73,58,15,0,0,0,2,1,1,1,2017,1133,223,189,318,154
2021,Liverpool 014,E02001360,7079,3548,3215,2805,885,1920,72,24,48,338,134,204,333,189,151,147,86,61,0,0,0,4,4,0,38,3342,1200,411,490,836,405
2021,Liverpool 015,E02001361,5983,3221,3007,2612,729,1883,67,17,50,328,136,192,214,113,79,75,65,10,1,0,1,3,2,1,34,2649,1190,272,331,585,271
2021,Liverpool 016,E02001362,6246,3414,3209,2778,823,1955,54,9,45,377,143,234,205,116,86,84,70,14,0,0,0,2,2,0,30,2716,1397,343,294,472,210
2021,Liverpool 017,E02001363,6196,3353,3108,2699,780,1919,60,20,40,349,157,192,245,116,83,76,59,17,1,0,1,6,0,6,33,2727,1000,378,396,630,323
2021,Liverpool 018,E02001364,4935,2493,2255,1949,572,1377,49,10,39,257,104,153,238,105,67,60,50,10,1,1,0,6,5,1,38,2337,695,332,349,668,293
2021,Liverpool 019,E02001365,7383,4064,3632,3083,977,2106,69,17,52,480,163,317,432,173,138,121,93,28,0,0,0,17,14,3,35,3146,992,510,528,678,438
2021,Liverpool 020,E02001366,7190,4016,3664,3170,866,2304,85,27,58,409,180,229,352,117,87,79,61,18,4,4,0,4,4,0,30,3057,1221,406,462,621,347
2021,Liverpool 021,E02001367,8024,4721,4528,3834,959,2875,130,34,96,564,228,336,193,155,124,119,102,17,1,0,1,4,3,1,31,3148,2003,351,238,352,204
2021,Liverpool 022,E02001368,5861,2910,2656,2320,694,1626,52,16,36,284,110,174,254,149,113,108,71,37,0,0,0,5,5,0,36,2802,985,351,374,774,318
2021,Liverpool 023,E02001369,6800,3049,2790,2434,748,1686,49,16,33,307,139,168,259,327,206,188,152,36,1,1,0,17,16,1,121,3424,1088,688,434,871,343
2021,Liverpool 024,E02001370,5656,2483,2186,1911,681,1230,47,18,29,228,95,133,297,163,121,107,82,25,0,0,0,14,14,0,42,3010,920,449,463,833,345
2021,Liverpool 025,E02001371,5981,3333,3110,2713,780,1933,56,22,34,341,129,212,223,132,102,92,80,12,6,6,0,4,2,2,30,2516,927,371,364,558,296
2021,Liverpool 026,E02001372,5055,2658,2501,2181,589,1592,49,9,40,271,117,154,157,75,52,51,46,5,0,0,0,1,1,0,23,2322,1209,276,194,469,174
2021,Liverpool 027,E02001373,7312,4135,3840,3331,917,2414,78,22,56,431,165,266,295,177,138,137,113,24,0,0,0,1,1,0,39,3000,1239,439,392,604,326
2021,Liverpool 028,E02001374,7112,3706,3312,2816,817,1999,82,31,51,414,154,260,394,308,224,204,147,57,2,2,0,18,17,1,84,3098,798,610,433,785,472
2021,Liverpool 029,E02001375,5694,3085,2910,2605,797,1808,39,13,26,266,108,158,175,156,120,120,110,10,0,0,0,0,0,0,36,2453,1191,319,284,456,203
2021,Liverpool 030,E02001376,7687,2990,2692,2237,743,1494,96,20,76,359,176,183,298,730,516,481,400,81,1,1,0,34,29,5,214,3967,762,1565,540,597,503
2021,Liverpool 031,E02001377,11366,2856,2599,2262,710,1552,51,21,30,286,144,142,257,1468,917,841,758,83,9,8,1,67,58,9,551,7042,780,5098,319,557,288
2021,Liverpool 032,E02001378,6212,3431,3242,2817,734,2083,76,23,53,349,154,195,189,129,98,94,72,22,0,0,0,4,1,3,31,2652,1242,342,286,538,244
2021,Liverpool 034,E02001380,6198,3816,3669,3194,741,2453,74,22,52,401,166,235,147,121,98,95,76,19,2,1,1,1,0,1,23,2261,1474,264,178,212,133
2021,Liverpool 035,E02001381,7888,3912,3561,3019,878,2141,74,26,48,468,221,247,351,415,299,281,237,44,2,1,1,16,15,1,116,3561,808,1144,568,591,450
2021,Liverpool 036,E02001382,5631,3451,3337,2915,722,2193,70,15,55,352,145,207,114,106,77,72,60,12,0,0,0,5,3,2,29,2074,1381,235,187,146,125
2021,Liverpool 037,E02001383,8647,3329,2979,2554,681,1873,58,20,38,367,189,178,350,841,532,481,417,64,7,6,1,44,35,9,309,4477,564,2638,307,638,330
2021,Liverpool 038,E02001384,9749,2871,2650,2272,650,1622,56,18,38,322,158,164,221,1426,1031,953,859,94,1,1,0,77,77,0,395,5452,619,3841,331,429,232
2021,Liverpool 039,E02001385,6695,2859,2419,1910,685,1225,104,43,61,405,232,173,440,273,178,162,122,40,0,0,0,16,11,5,95,3563,570,1084,677,709,523
2021,Liverpool 040,E02001386,6706,3379,3127,2764,827,1937,48,8,40,315,147,168,252,101,69,67,58,9,1,1,0,1,0,1,32,3226,1597,281,346,739,263
2021,Liverpool 041,E02001387,6521,3756,3635,3033,706,2327,143,45,98,459,228,231,121,205,155,143,121,22,2,2,0,10,8,2,50,2560,1661,436,189,158,116
2021,Liverpool 042,E02001388,7169,3589,3412,2959,569,2390,56,10,46,397,194,203,177,509,335,321,286,35,0,0,0,14,9,5,174,3071,820,1734,143,236,138
2021,Liverpool 043,E02001389,5726,3408,3094,2567,560,2007,60,21,39,467,207,260,314,227,176,161,108,53,0,0,0,15,14,1,51,2091,563,451,267,502,308
2021,Liverpool 044,E02001390,7695,3850,3475,3037,934,2103,60,24,36,378,197,181,375,203,148,135,82,53,2,2,0,11,6,5,55,3642,1078,619,655,862,428
2021,Liverpool 045,E02001391,4752,2435,2268,2008,640,1368,26,9,17,234,95,139,167,81,63,59,46,13,0,0,0,4,3,1,18,2236,966,249,309,521,191
2021,Liverpool 046,E02001392,5281,2902,2840,2329,525,1804,117,26,91,394,173,221,62,76,49,47,40,7,0,0,0,2,0,2,27,2303,1671,175,167,183,107
2021,Liverpool 047,E02001393,6307,3170,3092,2443,607,1836,221,44,177,428,203,225,78,229,154,148,134,14,0,0,0,6,4,2,75,2908,1908,555,204,109,132
2021,Liverpool 048,E02001394,7658,4169,3945,3311,673,2638,110,20,90,524,232,292,224,282,215,203,164,39,2,2,0,10,9,1,67,3207,1447,793,181,549,237
2021,Liverpool 049,E02001395,4862,2978,2889,2460,612,1848,82,24,58,347,174,173,89,72,51,48,43,5,0,0,0,3,3,0,21,1812,1213,233,146,119,101
2021,Liverpool 050,E02001396,6580,3961,3740,3270,716,2554,73,21,52,397,169,228,221,187,144,135,106,29,0,0,0,9,5,4,43,2432,1092,337,274,457,272
2021,Liverpool 051,E02001397,6133,3222,3055,2595,613,1982,87,22,65,373,172,201,167,85,58,58,51,7,0,0,0,0,0,0,27,2826,1849,180,222,391,184
2021,Liverpool 052,E02001398,6491,3751,3548,2943,643,2300,87,16,71,518,223,295,203,217,167,158,126,32,0,0,0,9,9,0,50,2523,1323,506,186,307,201
2021,Liverpool 053,E02001399,5730,3344,3234,2826,679,2147,86,18,68,322,156,166,110,83,60,53,43,10,0,0,0,7,6,1,23,2303,1623,247,143,186,104
2021,Liverpool 054,E02001400,5644,3139,2988,2564,695,1869,85,23,62,339,147,192,151,84,66,64,53,11,1,0,1,1,0,1,18,2421,1248,249,270,464,190
2021,Liverpool 055,E02001401,6603,3833,3699,3225,793,2432,98,23,75,376,169,207,134,129,88,80,67,13,3,1,2,5,5,0,41,2641,1801,256,222,228,134
2021,Liverpool 056,E02001402,7398,4286,4139,3483,763,2720,136,29,107,520,230,290,147,141,114,101,82,19,1,0,1,12,7,5,27,2971,1964,355,208,299,145
2021,Liverpool 057,E02001403,5121,3025,2836,2524,703,1821,44,13,31,268,112,156,189,99,78,74,60,14,1,1,0,3,3,0,21,1997,781,248,276,492,200
2021,Liverpool 058,E02001404,6215,3699,3478,3154,846,2308,38,11,27,286,118,168,221,90,65,60,48,12,0,0,0,5,1,4,25,2426,892,332,360,585,257
2021,Liverpool 059,E02001405,7511,4102,3742,3357,1031,2326,51,11,40,334,126,208,360,150,111,105,87,18,0,0,0,6,5,1,39,3259,1137,362,584,826,350
2021,St. Helens 001,E02001406,6677,3421,3325,2807,679,2128,95,18,77,423,186,237,96,104,71,68,61,7,0,0,0,3,2,1,33,3152,2447,183,183,238,101
2021,St. Helens 002,E02001407,5063,2531,2463,2124,536,1588,71,15,56,268,115,153,68,63,42,41,34,7,1,1,0,0,0,0,21,2469,1885,155,124,186,119
2021,St. Helens 003,E02001408,4644,2542,2449,2071,486,1585,66,22,44,312,124,188,93,86,67,63,51,12,1,1,0,3,2,1,19,2016,1461,135,140,184,96
2021,St. Helens 004,E02001409,8487,4690,4470,3937,996,2941,87,22,65,446,185,261,220,123,87,84,66,18,2,2,0,1,1,0,36,3674,2202,294,338,604,236
2021,St. Helens 005,E02001410,4697,2548,2446,2158,550,1608,38,6,32,250,88,162,102,71,55,54,40,14,0,0,0,1,0,1,16,2078,1189,168,263,334,124
2021,St. Helens 006,E02001411,4873,2697,2601,2280,525,1755,59,10,49,262,105,157,96,90,59,54,44,10,0,0,0,5,5,0,31,2086,1347,135,208,286,110
2021,St. Helens 007,E02001412,7402,4270,4096,3616,851,2765,94,16,78,386,152,234,174,143,103,100,80,20,1,1,0,2,1,1,40,2989,1839,312,288,390,160
2021,St. Helens 008,E02001413,7738,4193,3971,3529,922,2607,59,12,47,383,140,243,222,118,82,75,54,21,0,0,0,7,7,0,36,3427,2214,230,318,461,204
2021,St. Helens 009,E02001414,4612,2429,2361,1999,438,1561,71,12,59,291,123,168,68,73,62,60,54,6,1,1,0,1,1,0,11,2110,1663,164,122,102,59
2021,St. Helens 010,E02001415,5511,3366,3212,2809,647,2162,56,18,38,347,130,217,154,122,96,94,81,13,0,0,0,2,0,2,26,2023,999,229,271,370,154
2021,St. Helens 011,E02001416,5013,2713,2514,2276,634,1642,33,7,26,205,78,127,199,75,55,52,45,7,0,0,0,3,3,0,20,2225,921,187,341,527,249
2021,St. Helens 012,E02001417,6165,3370,3075,2773,715,2058,55,18,37,247,88,159,295,80,53,51,36,15,0,0,0,2,0,2,27,2715,1091,243,338,731,312
2021,St. Helens 013,E02001418,5333,3336,3178,2831,600,2231,40,9,31,307,97,210,158,70,50,48,39,9,0,0,0,2,2,0,20,1927,963,160,270,363,171
2021,St. Helens 014,E02001419,6182,3457,3181,2836,761,2075,54,12,42,291,117,174,276,86,74,71,56,15,0,0,0,3,3,0,12,2639,986,229,439,672,313
2021,St. Helens 015,E02001420,9500,5986,5735,5044,1117,3927,129,32,97,562,211,351,251,141,113,106,82,24,1,1,0,6,4,2,28,3373,1895,318,396,498,266
2021,St. Helens 016,E02001421,8753,5256,4982,4434,1091,3343,81,16,65,467,188,279,274,139,111,108,87,21,0,0,0,3,3,0,28,3358,1907,277,358,567,249
2021,St. Helens 017,E02001422,5187,2836,2644,2352,613,1739,44,8,36,248,94,154,192,77,53,52,33,19,0,0,0,1,0,1,24,2274,801,186,394,620,273
2021,St. Helens 018,E02001423,5546,3127,3024,2583,629,1954,96,17,79,345,136,209,103,89,71,69,61,8,0,0,0,2,0,2,18,2330,1646,200,173,195,116
2021,St. Helens 020,E02001425,8943,5020,4779,4211,1058,3153,84,16,68,484,186,298,241,175,135,129,102,27,0,0,0,6,5,1,40,3748,2256,296,373,565,258
2021,St. Helens 021,E02001426,4587,2463,2375,2096,549,1547,37,12,25,242,98,144,88,79,54,54,44,10,0,0,0,0,0,0,25,2045,1380,168,135,239,123
2021,St. Helens 022,E02001427,8711,5097,4801,4221,1092,3129,106,23,83,474,205,269,296,167,130,126,102,24,0,0,0,4,4,0,37,3447,1727,349,464,630,277
2021,St. Helens 023,E02001428,4784,2461,2375,2020,435,1585,82,19,63,273,113,160,86,83,65,65,52,13,0,0,0,0,0,0,18,2240,1700,174,116,149,101
2021,Sefton 001,E02001429,5687,2946,2838,2380,739,1641,63,22,41,395,183,212,108,94,71,65,55,10,0,0,0,6,6,0,23,2647,2011,146,164,214,112
2021,Sefton 002,E02001430,5860,3091,2990,2486,749,1737,82,20,62,422,202,220,101,114,98,95,88,7,0,0,0,3,2,1,16,2655,1994,214,168,175,104
2021,Sefton 003,E02001431,6662,2719,2606,2099,611,1488,87,23,64,420,194,226,113,70,53,46,39,7,1,0,1,6,3,3,17,3873,2824,155,221,547,126
2021,Sefton 004,E02001432,8497,4428,4055,3426,869,2557,86,27,59,543,261,282,373,95,84,76,60,16,2,0,2,6,3,3,11,3974,2080,255,313,871,455
2021,Sefton 005,E02001433,5882,3595,3449,2949,941,2008,59,16,43,441,223,218,146,121,90,85,80,5,0,0,0,5,5,0,31,2166,1175,241,261,282,207
2021,Sefton 006,E02001434,5909,3591,3464,2925,851,2074,79,19,60,460,185,275,127,119,109,109,97,12,0,0,0,0,0,0,10,2199,1219,258,221,349,152
2021,Sefton 007,E02001435,7242,4372,4120,3460,1031,2429,84,13,71,576,275,301,252,156,116,114,99,15,0,0,0,2,1,1,40,2714,1402,361,284,393,274
2021,Sefton 008,E02001436,7786,4580,4378,3730,1135,2595,79,18,61,569,251,318,202,162,128,123,102,21,2,0,2,3,1,2,34,3044,1805,339,323,368,209
2021,Sefton 009,E02001437,8210,3677,3489,2728,797,1931,175,40,135,586,294,292,188,120,97,87,77,10,2,1,1,8,7,1,23,4413,3353,265,268,353,174
2021,Sefton 010,E02001438,5907,3512,3400,2846,878,1968,86,21,65,468,217,251,112,111,82,81,67,14,1,0,1,0,0,0,29,2284,1444,284,185,249,122
2021,Sefton 011,E02001439,5384,2874,2732,2308,716,1592,71,18,53,353,182,171,142,100,75,74,63,11,0,0,0,1,1,0,25,2410,1461,246,210,347,146
2021,Sefton 012,E02001440,5259,2335,2265,1876,550,1326,85,18,67,304,146,158,70,92,81,77,63,14,0,0,0,4,3,1,11,2832,2311,189,147,116,69
2021,Sefton 013,E02001441,5426,2505,2456,1998,582,1416,116,31,85,342,154,188,49,78,57,56,48,8,1,1,0,0,0,0,21,2843,2205,205,161,174,98
2021,Sefton 014,E02001442,5098,2529,2425,1980,576,1404,70,14,56,375,186,189,104,86,71,70,60,10,0,0,0,1,1,0,15,2483,1945,163,159,153,63
2021,Sefton 015,E02001443,4759,2397,2319,1875,526,1349,99,22,77,345,160,185,78,87,72,68,61,7,0,0,0,4,3,1,15,2275,1725,183,165,128,74
2021,Sefton 016,E02001444,4713,2586,2494,2112,615,1497,59,13,46,323,139,184,92,105,77,76,66,10,0,0,0,1,1,0,28,2022,1459,190,138,141,94
2021,Sefton 017,E02001445,5800,3249,3147,2701,733,1968,88,20,68,358,178,180,102,95,77,74,64,10,0,0,0,3,2,1,18,2456,1865,168,137,187,99
2021,Sefton 018,E02001446,6120,3396,3280,2879,710,2169,61,19,42,340,145,195,116,114,85,83,77,6,1,0,1,1,0,1,29,2610,1803,168,155,261,223
2021,Sefton 019,E02001447,5176,2822,2711,2344,575,1769,60,11,49,307,126,181,111,83,69,66,53,13,0,0,0,3,3,0,14,2271,1711,159,116,203,82
2021,Sefton 020,E02001448,5680,3274,3172,2739,683,2056,80,21,59,353,145,208,102,115,98,97,83,14,0,0,0,1,1,0,17,2291,1681,163,143,181,123
2021,Sefton 021,E02001449,7818,4350,4211,3554,938,2616,131,31,100,526,205,321,139,116,87,85,79,6,0,0,0,2,1,1,29,3352,2275,259,250,380,188
2021,Sefton 022,E02001450,7117,3869,3757,2967,785,2182,244,64,180,546,255,291,112,115,91,90,74,16,0,0,0,1,0,1,24,3133,2306,284,194,195,154
2021,Sefton 023,E02001451,4824,2484,2338,2022,628,1394,53,9,44,263,109,154,146,97,64,62,52,10,0,0,0,2,1,1,33,2243,1061,175,281,493,233
2021,Sefton 024,E02001452,5117,2619,2428,2070,627,1443,54,13,41,304,135,169,191,74,43,42,28,14,0,0,0,1,1,0,31,2424,987,214,371,631,221
2021,Sefton 025,E02001453,7294,4350,4214,3644,905,2739,88,18,70,482,193,289,136,147,107,107,94,13,0,0,0,0,0,0,40,2797,1975,305,163,232,122
2021,Sefton 026,E02001454,6052,3466,3377,2857,706,2151,105,24,81,415,168,247,89,138,112,110,88,22,0,0,0,2,2,0,26,2448,1635,266,171,235,141
2021,Sefton 027,E02001455,5936,3603,3506,3107,814,2293,62,14,48,337,121,216,97,121,98,92,76,16,0,0,0,6,4,2,23,2212,1422,194,186,281,129
2021,Sefton 028,E02001456,6222,3692,3554,3034,768,2266,72,9,63,448,178,270,138,91,68,66,58,8,1,0,1,1,0,1,23,2439,1683,250,152,235,119
2021,Sefton 029,E02001457,5488,3126,2883,2549,789,1760,41,11,30,293,111,182,243,93,71,69,59,10,0,0,0,2,1,1,22,2269,967,230,306,513,253
2021,Sefton 030,E02001458,6357,4060,3853,3287,800,2487,77,20,57,489,208,281,207,132,113,107,81,26,0,0,0,6,5,1,19,2165,1211,270,176,287,221
2021,Sefton 031,E02001459,5549,3304,3111,2710,732,1978,57,13,44,344,133,211,193,101,79,77,66,11,0,0,0,2,2,0,22,2144,1082,244,283,349,186
2021,Sefton 032,E02001460,6669,3491,3280,2857,786,2071,75,19,56,348,158,190,211,108,78,75,57,18,0,0,0,3,3,0,30,3070,1462,287,455,616,250
2021,Sefton 033,E02001461,5685,3508,3356,3006,798,2208,52,13,39,298,128,170,152,104,75,73,68,5,0,0,0,2,2,0,29,2073,1275,191,181,290,136
2021,Sefton 034,E02001462,6027,3322,3063,2722,882,1840,50,14,36,291,102,189,259,101,69,67,54,13,0,0,0,2,2,0,32,2604,891,311,430,696,276
2021,Sefton 035,E02001463,5929,3379,3165,2775,842,1933,51,11,40,339,138,201,214,142,107,103,83,20,1,0,1,3,3,0,35,2408,1028,268,324,555,233
2021,Sefton 036,E02001464,5589,3080,2760,2396,745,1651,50,11,39,314,110,204,320,105,83,75,62,13,3,3,0,5,1,4,22,2404,804,283,403,605,309
2021,Sefton 037,E02001465,6406,3207,2920,2579,744,1835,52,12,40,289,93,196,287,84,67,62,48,14,3,1,2,2,0,2,17,3115,1056,276,430,900,453
2021,Sefton 038,E02001466,7242,4150,3830,3338,926,2412,72,21,51,420,147,273,320,128,93,91,81,10,0,0,0,2,2,0,35,2964,1304,372,390,588,310
2021,Wirral 001,E02001467,6570,3485,3323,2806,690,2116,54,12,42,463,223,240,162,64,45,45,37,8,0,0,0,0,0,0,19,3021,1843,217,219,532,210
2021,Wirral 002,E02001468,6322,3553,3358,2917,833,2084,51,17,34,390,200,190,195,82,56,55,47,8,0,0,0,1,1,0,26,2687,1408,303,235,536,205
2021,Wirral 003,E02001469,6436,3573,3440,2914,786,2128,82,17,65,444,195,249,133,115,90,83,76,7,0,0,0,7,7,0,25,2748,1915,239,171,290,133
2021,Wirral 004,E02001470,6821,4006,3876,3346,898,2448,92,17,75,438,196,242,130,115,86,84,73,11,0,0,0,2,0,2,29,2700,1810,286,208,232,164
2021,Wirral 005,E02001471,5817,3047,2814,2458,738,1720,48,13,35,308,136,172,233,95,75,65,53,12,0,0,0,10,8,2,20,2675,1181,340,342,559,253
2021,Wirral 006,E02001472,5636,3284,3148,2731,740,1991,67,14,53,350,147,203,136,89,63,61,48,13,0,0,0,2,2,0,26,2263,1206,266,296,336,159
2021,Wirral 007,E02001473,6251,3552,3394,3017,847,2170,42,14,28,335,153,182,158,109,75,71,60,11,0,0,0,4,3,1,34,2590,1446,275,240,417,212
2021,Wirral 008,E02001474,5202,2667,2436,2130,701,1429,47,12,35,259,107,152,231,82,57,53,42,11,0,0,0,4,3,1,25,2453,846,264,411,671,261
2021,Wirral 009,E02001475,4902,2544,2394,2115,626,1489,32,7,25,247,93,154,150,65,48,47,41,6,0,0,0,1,1,0,17,2293,1019,256,327,525,166
2021,Wirral 010,E02001476,6144,3408,3156,2832,823,2009,38,12,26,286,126,160,252,88,72,70,59,11,0,0,0,2,1,1,16,2648,920,317,423,724,264
2021,Wirral 011,E02001477,5704,2909,2661,2407,789,1618,46,17,29,208,88,120,248,114,90,88,70,18,0,0,0,2,2,0,24,2681,819,293,494,777,298
2021,Wirral 012,E02001478,6751,3561,3417,2991,843,2148,53,17,36,373,168,205,144,109,81,79,61,18,0,0,0,2,2,0,28,3081,1885,263,264,465,204
2021,Wirral 013,E02001479,5025,2917,2829,2412,629,1783,58,10,48,359,172,187,88,84,57,54,46,8,0,0,0,3,2,1,27,2024,1432,199,159,148,86
2021,Wirral 014,E02001480,6412,3430,3302,2662,685,1977,114,30,84,526,258,268,128,86,68,64,53,11,1,0,1,3,2,1,18,2896,1969,250,221,304,152
2021,Wirral 015,E02001481,6761,3883,3732,3143,787,2356,115,39,76,474,205,269,151,107,80,79,65,14,0,0,0,1,1,0,27,2771,1602,314,248,380,227
2021,Wirral 016,E02001482,6627,3127,2832,2470,766,1704,60,17,43,302,146,156,295,73,53,43,33,10,2,1,1,8,5,3,20,3427,1019,338,453,1097,520
2021,Wirral 017,E02001483,6087,3437,3359,2869,767,2102,84,24,60,406,197,209,78,78,60,59,41,18,0,0,0,1,1,0,18,2572,1828,234,155,215,140
2021,Wirral 018,E02001484,6656,3657,3529,3045,844,2201,86,22,64,398,156,242,128,82,70,67,50,17,2,1,1,1,1,0,12,2917,1975,225,222,305,190
2021,Wirral 019,E02001485,5296,2880,2721,2374,758,1616,71,17,54,276,128,148,159,82,62,59,52,7,0,0,0,3,3,0,20,2334,1019,328,333,412,242
2021,Wirral 020,E02001486,7060,3670,3486,2906,629,2277,112,32,80,468,194,274,184,82,62,54,43,11,0,0,0,8,7,1,20,3308,2192,227,173,508,208
2021,Wirral 021,E02001487,7178,3928,3665,3239,1023,2216,54,18,36,372,175,197,263,97,75,74,57,17,0,0,0,1,0,1,22,3153,939,355,606,873,380
2021,Wirral 022,E02001488,6800,3958,3737,3213,848,2365,87,22,65,437,196,241,221,117,92,91,75,16,0,0,0,1,1,0,25,2725,1319,335,304,495,272
2021,Wirral 023,E02001489,6904,3516,3414,2903,796,2107,94,22,72,417,197,220,102,97,72,68,46,22,0,0,0,4,4,0,25,3291,2617,245,175,142,112
2021,Wirral 024,E02001490,6805,4089,3958,3391,870,2521,95,32,63,472,196,276,131,107,85,81,69,12,0,0,0,4,3,1,22,2609,1789,256,197,225,142
2021,Wirral 025,E02001491,5318,2795,2655,2355,796,1559,35,11,24,265,104,161,140,99,71,66,56,10,1,0,1,4,1,3,28,2424,1114,224,277,590,219
2021,Wirral 026,E02001492,6298,3323,3172,2517,712,1805,139,41,98,516,264,252,151,120,100,93,66,27,0,0,0,7,7,0,20,2855,1993,247,225,229,161
2021,Wirral 027,E02001493,7019,3576,3271,2941,900,2041,37,8,29,293,133,160,305,109,79,70,51,19,0,0,0,9,7,2,30,3334,1035,440,535,1017,307
2021,Wirral 028,E02001494,5882,3074,2950,2342,678,1664,165,40,125,443,206,237,124,81,61,54,48,6,1,1,0,6,6,0,20,2727,2073,252,224,95,83
2021,Wirral 029,E02001495,6432,3665,3453,3057,866,2191,65,13,52,331,148,183,212,117,102,98,85,13,0,0,0,4,2,2,15,2650,1368,269,303,498,212
2021,Wirral 030,E02001496,5016,2804,2693,2297,615,1682,83,17,66,313,142,171,111,124,97,92,79,13,2,1,1,3,1,2,27,2088,1424,170,165,214,115
2021,Wirral 031,E02001497,6429,3520,3326,2975,825,2150,52,17,35,299,139,160,194,113,83,76,63,13,1,1,0,6,6,0,30,2796,1259,285,385,632,235
2021,Wirral 032,E02001498,5898,3472,3353,2974,778,2196,63,14,49,316,144,172,119,115,92,90,76,14,0,0,0,2,0,2,23,2311,1520,245,174,243,129
2021,Wirral 033,E02001499,5562,2916,2830,2373,684,1689,60,10,50,397,184,213,86,84,57,52,48,4,2,2,0,3,1,2,27,2562,1997,188,134,148,95
2021,Wirral 034,E02001500,6142,3329,3218,2737,778,1959,70,14,56,411,180,231,111,88,59,58,42,16,0,0,0,1,0,1,29,2725,2033,221,162,190,119
2021,Wirral 035,E02001501,6356,3707,3584,3157,825,2332,68,14,54,359,145,214,123,110,81,76,62,14,0,0,0,5,4,1,29,2539,1717,286,208,239,89
2021,Wirral 036,E02001502,7931,4820,4655,4134,988,3146,93,36,57,428,196,232,165,109,89,86,70,16,1,0,1,2,1,1,20,3002,1857,293,253,413,186
2021,Wirral 037,E02001503,6384,3256,3147,2588,699,1889,111,27,84,448,217,231,109,91,63,63,49,14,0,0,0,0,0,0,28,3037,2177,260,180,293,127
2021,Wirral 038,E02001504,5977,2915,2840,2377,611,1766,87,18,69,376,181,195,75,80,70,69,59,10,0,0,0,1,1,0,10,2982,2357,200,135,198,92
2021,Wirral 039,E02001505,5346,2986,2881,2538,645,1893,59,18,41,284,112,172,105,106,81,80,63,17,0,0,0,1,0,1,25,2254,1401,205,208,327,113
2021,Wirral 040,E02001506,7541,3698,3597,2875,858,2017,214,47,167,508,258,250,101,115,84,74,70,4,0,0,0,10,5,5,31,3728,3048,275,225,96,84
2021,Wirral 041,E02001507,5849,3156,3067,2694,656,2038,72,20,52,301,137,164,89,91,63,61,47,14,0,0,0,2,1,1,28,2602,2084,196,122,126,74
2021,Wirral 042,E02001508,6582,3855,3730,3288,867,2421,66,20,46,376,149,227,125,123,103,100,81,19,0,0,0,3,2,1,20,2604,1597,276,270,348,113
2021,Barnsley 001,E02001509,5663,3266,3146,2747,699,2048,61,8,53,338,130,208,120,77,50,50,35,15,0,0,0,0,0,0,27,2320,1429,215,243,300,133
2021,Barnsley 002,E02001510,4814,2653,2531,2160,589,1571,64,12,52,307,109,198,122,74,52,50,33,17,1,1,0,1,1,0,22,2087,1145,156,262,347,177
2021,Barnsley 003,E02001511,5056,2778,2675,2280,624,1656,69,16,53,326,110,216,103,57,43,43,39,4,0,0,0,0,0,0,14,2221,1398,145,220,306,152
2021,Barnsley 004,E02001512,7095,4160,4037,3456,859,2597,94,20,74,487,179,308,123,105,84,78,69,9,0,0,0,6,6,0,21,2830,1886,211,272,316,145
2021,Barnsley 005,E02001513,6377,3674,3562,3088,782,2306,70,16,54,404,153,251,112,79,49,46,39,7,1,0,1,2,1,1,30,2624,1804,217,216,270,117
2021,Barnsley 006,E02001514,6101,3466,3303,2857,751,2106,65,11,54,381,122,259,163,82,64,58,45,13,1,1,0,5,5,0,18,2553,1185,188,385,558,237
2021,Barnsley 007,E02001515,7497,3956,3687,3192,905,2287,72,12,60,423,155,268,269,128,82,76,58,18,1,0,1,5,4,1,46,3413,1496,317,587,719,294
2021,Barnsley 008,E02001516,4999,3010,2870,2485,686,1799,54,11,43,331,100,231,140,83,58,57,41,16,0,0,0,1,0,1,25,1906,942,189,291,328,156
2021,Barnsley 009,E02001517,6696,3686,3558,3058,807,2251,96,28,68,404,159,245,128,115,86,84,69,15,0,0,0,2,2,0,29,2895,1959,185,250,357,144
2021,Barnsley 010,E02001518,8425,5083,4834,4147,1137,3010,112,24,88,575,214,361,249,128,91,89,66,23,1,0,1,1,1,0,37,3214,1789,307,352,511,255
2021,Barnsley 011,E02001519,6268,3595,3419,2954,804,2150,77,13,64,388,129,259,176,103,64,63,48,15,0,0,0,1,1,0,39,2570,1199,220,423,507,221
2021,Barnsley 012,E02001520,9826,5595,5445,4613,1152,3461,132,33,99,700,265,435,150,163,119,114,91,23,2,0,2,3,0,3,44,4068,2932,285,299,338,214
2021,Barnsley 013,E02001521,10031,6599,6233,5512,1307,4205,109,25,84,612,235,377,366,177,135,126,91,35,1,1,0,8,4,4,42,3255,1458,340,476,564,417
2021,Barnsley 014,E02001522,7561,4001,3763,3189,924,2265,70,19,51,504,166,338,238,87,67,58,47,11,1,0,1,8,1,7,20,3473,1631,277,582,696,287
2021,Barnsley 015,E02001523,5736,3449,3317,2906,730,2176,43,3,40,368,127,241,132,112,84,78,56,22,0,0,0,6,3,3,28,2175,1378,184,196,252,165
2021,Barnsley 016,E02001524,5222,2870,2816,2282,608,1674,122,23,99,412,182,230,54,73,59,58,54,4,0,0,0,1,0,1,14,2279,1842,177,120,79,61
2021,Barnsley 017,E02001525,5567,3132,2906,2577,673,1904,48,13,35,281,84,197,226,72,55,55,35,20,0,0,0,0,0,0,17,2363,985,213,350,566,249
2021,Barnsley 018,E02001526,4765,2517,2380,2052,615,1437,39,9,30,289,99,190,137,72,54,47,34,13,2,0,2,5,3,2,18,2176,931,190,376,485,194
2021,Barnsley 019,E02001527,5009,2859,2759,2334,653,1681,81,18,63,344,140,204,100,72,56,56,47,9,0,0,0,0,0,0,16,2078,1418,149,157,260,94
2021,Barnsley 020,E02001528,8711,4680,4434,3696,994,2702,119,30,89,619,224,395,246,95,60,57,45,12,0,0,0,3,2,1,35,3936,2284,258,491,603,300
2021,Barnsley 021,E02001529,7756,4005,3784,3222,968,2254,77,24,53,485,190,295,221,125,99,95,71,24,0,0,0,4,3,1,26,3626,1975,250,409,695,297
2021,Barnsley 022,E02001530,5712,3262,3066,2649,635,2014,60,13,47,357,136,221,196,68,53,50,40,10,1,1,0,2,0,2,15,2382,1054,211,416,470,231
2021,Barnsley 023,E02001531,6360,3667,3465,3034,792,2242,68,24,44,363,112,251,202,82,65,64,45,19,1,0,1,0,0,0,17,2611,1381,167,314,503,246
2021,Barnsley 024,E02001532,8491,5140,4972,4267,1105,3162,98,20,78,607,260,347,168,143,109,107,82,25,0,0,0,2,2,0,34,3208,2174,307,262,298,167
2021,Barnsley 025,E02001533,6201,3622,3466,2972,778,2194,65,9,56,429,156,273,156,105,82,75,65,10,0,0,0,7,7,0,23,2474,1300,188,356,439,191
2021,Barnsley 026,E02001534,7728,4703,4507,3927,1024,2903,80,18,62,500,170,330,196,103,67,61,45,16,0,0,0,6,4,2,36,2922,1547,249,387,496,243
2021,Barnsley 027,E02001535,5432,3142,3066,2353,615,1738,148,20,128,565,249,316,76,73,60,56,48,8,0,0,0,4,4,0,13,2217,1628,175,160,161,93
2021,Barnsley 028,E02001536,7308,4205,4065,3462,909,2553,99,23,76,504,167,337,140,124,96,93,78,15,1,1,0,2,1,1,28,2979,2053,198,248,309,171
2021,Barnsley 029,E02001537,6912,4226,4056,3481,963,2518,104,17,87,471,164,307,170,127,109,107,89,18,0,0,0,2,1,1,18,2559,1444,207,311,417,180
2021,Barnsley 030,E02001538,6470,3505,3330,2883,816,2067,65,15,50,382,147,235,175,103,73,73,57,16,0,0,0,0,0,0,30,2862,1714,222,366,387,173
2021,Doncaster 001,E02001539,5174,2965,2806,2429,667,1762,61,13,48,316,104,212,159,95,85,85,60,25,0,0,0,0,0,0,10,2114,941,209,411,371,182
2021,Doncaster 002,E02001540,9693,5641,5387,4584,1202,3382,169,33,136,634,228,406,254,109,83,80,59,21,0,0,0,3,1,2,26,3943,2179,405,536,526,297
2021,Doncaster 003,E02001541,9480,5275,5052,4420,1139,3281,89,27,62,543,207,336,223,113,79,75,55,20,2,1,1,2,1,1,34,4092,2365,292,460,682,293
2021,Doncaster 004,E02001542,5863,3122,2859,2389,707,1682,90,14,76,380,141,239,263,74,51,51,37,14,0,0,0,0,0,0,23,2667,1312,226,477,415,237
2021,Doncaster 005,E02001543,6321,3302,3108,2713,793,1920,66,18,48,329,135,194,194,84,57,55,43,12,0,0,0,2,1,1,27,2935,1681,196,399,437,222
2021,Doncaster 006,E02001544,6649,3732,3517,3005,881,2124,83,27,56,429,151,278,215,93,60,57,49,8,0,0,0,3,0,3,33,2824,1565,291,377,386,205
2021,Doncaster 007,E02001545,7112,3961,3858,3355,922,2433,80,25,55,423,171,252,103,110,84,77,55,22,1,1,0,6,5,1,26,3041,2295,197,221,205,123
2021,Doncaster 008,E02001546,7778,3574,3361,2796,779,2017,128,37,91,437,156,281,213,43,29,29,23,6,0,0,0,0,0,0,14,4161,1852,270,225,296,1518
2021,Doncaster 009,E02001547,8573,5134,4843,4254,1099,3155,98,20,78,491,177,314,291,156,108,104,79,25,2,0,2,2,1,1,48,3283,1537,330,538,589,289
2021,Doncaster 010,E02001548,6204,3520,3214,2804,801,2003,57,10,47,353,92,261,306,90,62,59,35,24,1,1,0,2,2,0,28,2594,1108,200,468,524,294
2021,Doncaster 011,E02001549,5088,2945,2857,2491,667,1824,67,19,48,299,104,195,88,54,40,39,34,5,0,0,0,1,1,0,14,2089,1399,148,211,218,113
2021,Doncaster 012,E02001550,6233,3832,3677,3230,913,2317,68,15,53,379,156,223,155,113,90,85,66,19,0,0,0,5,5,0,23,2288,1346,176,242,336,188
2021,Doncaster 013,E02001551,4851,2907,2738,2414,657,1757,47,12,35,277,104,173,169,70,57,55,42,13,1,1,0,1,0,1,13,1874,1043,152,239,254,186
2021,Doncaster 014,E02001552,6089,3784,3609,3186,863,2323,66,15,51,357,139,218,175,110,81,77,60,17,1,1,0,3,1,2,29,2195,1184,209,319,315,168
2021,Doncaster 015,E02001553,8127,4717,4470,3919,1110,2809,95,39,56,456,188,268,247,139,111,102,76,26,3,1,2,6,5,1,28,3271,1708,322,502,485,254
2021,Doncaster 016,E02001554,5063,2998,2890,2518,702,1816,60,11,49,312,119,193,108,102,79,74,58,16,1,0,1,4,4,0,23,1963,1367,181,171,147,97
2021,Doncaster 017,E02001555,4509,2423,2358,2032,578,1454,52,13,39,274,114,160,65,38,22,21,16,5,0,0,0,1,1,0,16,2048,1568,94,135,149,102
2021,Doncaster 018,E02001556,7249,4107,3845,3399,997,2402,65,22,43,381,154,227,262,135,105,101,78,23,0,0,0,4,4,0,30,3007,1367,340,491,496,313
2021,Doncaster 019,E02001557,8476,5277,5011,4262,956,3306,144,42,102,605,249,356,266,165,132,117,70,47,3,3,0,12,5,7,33,3034,1412,359,453,392,418
2021,Doncaster 020,E02001558,5197,2691,2604,2102,594,1508,100,30,70,402,144,258,87,56,35,33,28,5,1,0,1,1,0,1,21,2450,1794,154,193,182,127
2021,Doncaster 021,E02001559,6310,3665,3549,2980,754,2226,107,28,79,462,187,275,116,83,63,61,48,13,0,0,0,2,1,1,20,2562,1844,217,180,162,159
2021,Doncaster 022,E02001560,9582,5425,4838,4158,1053,3105,122,41,81,558,232,326,587,156,122,104,57,47,3,0,3,15,6,9,34,4001,980,429,691,679,1222
2021,Doncaster 023,E02001561,5026,2933,2633,2293,648,1645,60,14,46,280,109,171,300,93,72,67,41,26,0,0,0,5,3,2,21,2000,741,194,352,405,308
2021,Doncaster 024,E02001562,4699,2536,2367,2023,584,1439,52,15,37,292,124,168,169,58,49,46,32,14,0,0,0,3,1,2,9,2105,1268,161,263,275,138
2021,Doncaster 025,E02001563,6676,3649,3523,2896,771,2125,152,46,106,475,209,266,126,83,65,64,49,15,0,0,0,1,0,1,18,2944,2063,230,294,192,165
2021,Doncaster 026,E02001564,6838,3891,3790,3166,781,2385,133,32,101,491,196,295,101,103,81,75,65,10,1,0,1,5,2,3,22,2844,2189,207,200,137,111
2021,Doncaster 027,E02001565,6585,3761,3643,3086,703,2383,131,32,99,426,187,239,118,110,96,91,70,21,1,1,0,4,4,0,14,2714,1940,227,235,163,149
2021,Doncaster 028,E02001566,6754,4486,4239,3677,862,2815,111,21,90,451,152,299,247,102,72,69,50,19,0,0,0,3,1,2,30,2166,875,262,381,349,299
2021,Doncaster 029,E02001567,6917,3752,3516,3040,898,2142,67,17,50,409,144,265,236,126,91,89,66,23,1,1,0,1,0,1,35,3039,1637,269,420,460,253
2021,Doncaster 030,E02001568,5472,3141,2984,2543,719,1824,59,7,52,382,119,263,157,70,50,48,32,16,0,0,0,2,2,0,20,2261,1208,159,312,414,168
2021,Doncaster 031,E02001569,7011,3803,3500,3011,818,2193,80,11,69,409,135,274,303,102,69,67,45,22,1,0,1,1,1,0,33,3106,1440,259,517,569,321
2021,Doncaster 032,E02001570,5639,2815,2645,2307,638,1669,50,10,40,288,104,184,170,80,56,55,40,15,0,0,0,1,1,0,24,2744,1327,212,384,630,191
2021,Doncaster 033,E02001571,4989,2862,2746,2292,555,1737,88,15,73,366,138,228,116,68,55,52,46,6,1,0,1,2,0,2,13,2059,1376,177,212,166,128
2021,Doncaster 034,E02001572,6222,3637,3420,3025,821,2204,56,14,42,339,118,221,217,93,69,66,44,22,0,0,0,3,1,2,24,2492,1229,182,377,455,249
2021,Doncaster 035,E02001573,6095,3486,3291,2829,792,2037,63,12,51,399,126,273,195,62,45,44,35,9,0,0,0,1,1,0,17,2547,1291,228,393,429,206
2021,Doncaster 036,E02001574,5017,2929,2838,2451,637,1814,70,14,56,317,109,208,91,73,61,59,46,13,1,1,0,1,0,1,12,2015,1409,139,189,173,105
2021,Doncaster 037,E02001575,6156,3612,3402,2981,821,2160,59,11,48,362,110,252,210,89,67,62,53,9,0,0,0,5,4,1,22,2455,1158,228,397,429,243
2021,Doncaster 038,E02001576,5622,3605,3495,2995,706,2289,117,25,92,383,164,219,110,101,79,73,63,10,0,0,0,6,5,1,22,1916,1202,179,211,189,135
2021,Doncaster 039,E02001577,5604,2713,2624,2117,557,1560,109,26,83,398,178,220,89,68,49,48,41,7,0,0,0,1,1,0,19,2823,2148,135,203,215,122
2021,Rotherham 001,E02001578,9121,5746,5543,4793,1232,3561,118,26,92,632,193,439,203,175,135,128,104,24,1,0,1,6,6,0,40,3200,1659,330,433,538,240
2021,Rotherham 002,E02001579,8052,4279,4088,3519,984,2535,82,18,64,487,179,308,191,119,90,82,70,12,1,1,0,7,4,3,29,3654,2029,318,401,630,276
2021,Rotherham 003,E02001580,7133,3932,3786,3271,929,2342,67,9,58,448,170,278,146,108,70,64,48,16,1,1,0,5,3,2,38,3093,2014,216,271,394,198
2021,Rotherham 004,E02001581,5055,2857,2739,2401,680,1721,41,4,37,297,103,194,118,65,47,42,28,14,1,0,1,4,3,1,18,2133,1289,156,262,288,138
2021,Rotherham 005,E02001582,6314,3608,3429,3018,827,2191,63,12,51,348,125,223,179,119,84,79,60,19,0,0,0,5,5,0,35,2587,1484,237,313,374,179
2021,Rotherham 006,E02001583,4423,2653,2513,2209,604,1605,39,5,34,265,106,159,140,62,39,38,30,8,0,0,0,1,1,0,23,1708,895,154,275,253,131
2021,Rotherham 007,E02001584,5752,3359,3266,2754,771,1983,115,29,86,397,145,252,93,86,65,64,52,12,0,0,0,1,1,0,21,2307,1696,189,166,155,101
2021,Rotherham 008,E02001585,5043,2686,2477,2167,614,1553,49,14,35,261,108,153,209,74,49,47,39,8,1,0,1,1,1,0,25,2283,1086,171,332,483,211
2021,Rotherham 009,E02001586,6693,3438,3195,2751,796,1955,64,24,40,380,142,238,243,65,47,45,36,9,0,0,0,2,1,1,18,3190,1723,205,326,634,302
2021,Rotherham 010,E02001587,4783,2466,2303,1944,590,1354,61,13,48,298,97,201,163,60,54,50,38,12,0,0,0,4,1,3,6,2257,1116,135,363,442,201
2021,Rotherham 011,E02001588,5680,3179,2971,2625,842,1783,51,6,45,295,99,196,208,81,56,53,40,13,1,0,1,2,1,1,25,2420,1153,239,374,463,191
2021,Rotherham 012,E02001589,6554,3949,3834,3288,834,2454,83,21,62,463,163,300,115,123,91,89,71,18,0,0,0,2,0,2,32,2482,1699,227,193,230,133
2021,Rotherham 013,E02001590,5667,2888,2604,2290,740,1550,45,16,29,269,102,167,284,96,64,64,51,13,0,0,0,0,0,0,32,2683,875,312,579,612,305
2021,Rotherham 014,E02001591,6288,3230,2919,2461,776,1685,72,30,42,386,171,215,311,92,76,74,61,13,0,0,0,2,1,1,16,2966,994,364,664,561,383
2021,Rotherham 015,E02001592,7163,4085,3919,3424,996,2428,79,11,68,416,140,276,166,115,96,93,70,23,0,0,0,3,2,1,19,2963,1876,254,322,332,179
2021,Rotherham 016,E02001593,5575,2825,2569,2159,648,1511,59,18,41,351,161,190,256,123,98,94,69,25,0,0,0,4,4,0,25,2627,710,337,570,552,458
2021,Rotherham 017,E02001594,5750,2786,2473,2071,603,1468,76,32,44,326,142,184,313,111,81,71,46,25,4,0,4,6,5,1,30,2853,716,352,648,585,552
2021,Rotherham 018,E02001595,7013,4151,4005,3418,873,2545,112,24,88,475,152,323,146,126,88,88,71,17,0,0,0,0,0,0,38,2736,1900,195,225,244,172
2021,Rotherham 019,E02001596,6933,3634,3506,3063,880,2183,67,11,56,376,135,241,128,114,77,75,57,18,0,0,0,2,0,2,37,3185,2215,233,270,308,159
2021,Rotherham 020,E02001597,7481,4082,3779,3276,925,2351,79,14,65,424,117,307,303,116,77,74,60,14,0,0,0,3,0,3,39,3283,1679,250,508,568,278
2021,Rotherham 021,E02001598,7828,4228,4072,3450,999,2451,112,23,89,510,228,282,156,121,84,79,60,19,1,0,1,4,4,0,37,3479,2123,303,414,442,197
2021,Rotherham 023,E02001600,8932,4622,4371,3427,965,2462,192,69,123,752,340,412,251,173,137,133,106,27,0,0,0,4,4,0,36,4137,2151,579,651,356,400
2021,Rotherham 025,E02001602,7456,4331,4155,3562,1036,2526,77,16,61,516,164,352,176,82,59,57,49,8,0,0,0,2,1,1,23,3043,1947,260,315,317,204
2021,Rotherham 026,E02001603,5966,3439,3265,2791,751,2040,83,21,62,391,126,265,174,65,43,41,27,14,0,0,0,2,1,1,22,2462,1354,184,340,399,185
2021,Rotherham 027,E02001604,9291,6365,6118,5427,1173,4254,119,14,105,572,179,393,247,182,141,136,108,28,1,0,1,4,0,4,41,2744,1451,322,350,382,239
2021,Rotherham 028,E02001605,6204,3700,3555,3012,775,2237,97,24,73,446,179,267,145,82,56,55,46,9,1,1,0,0,0,0,26,2422,1512,172,247,300,191
2021,Rotherham 029,E02001606,6542,3550,3381,2915,745,2170,56,12,44,410,158,252,169,111,87,84,66,18,0,0,0,3,3,0,24,2881,1695,258,331,391,206
2021,Rotherham 030,E02001607,7211,4068,3877,3370,994,2376,96,21,75,411,167,244,191,111,79,77,67,10,1,0,1,1,1,0,32,3032,1890,252,317,367,206
2021,Rotherham 031,E02001608,5715,3542,3434,2917,757,2160,97,26,71,420,160,260,108,93,68,68,54,14,0,0,0,0,0,0,25,2080,1398,167,218,174,123
2021,Rotherham 032,E02001609,7144,3799,3687,3092,865,2227,123,22,101,472,188,284,112,109,87,85,71,14,1,0,1,1,1,0,22,3236,2429,219,248,223,117
2021,Rotherham 033,E02001610,7154,4236,4113,3454,899,2555,130,33,97,529,222,307,123,112,86,81,62,19,3,3,0,2,2,0,26,2806,1993,223,228,234,128
2021,Sheffield 001,E02001611,6383,3551,3398,2929,883,2046,61,12,49,408,157,251,153,86,69,68,54,14,0,0,0,1,1,0,17,2746,1872,220,221,300,133
2021,Sheffield 002,E02001612,4755,2715,2607,2212,600,1612,43,10,33,352,150,202,108,75,62,61,49,12,0,0,0,1,1,0,13,1965,1380,169,147,164,105
2021,Sheffield 003,E02001613,8412,4700,4480,3867,1125,2742,98,27,71,515,206,309,220,109,84,80,66,14,1,1,0,3,3,0,25,3603,2438,270,323,397,175
2021,Sheffield 004,E02001614,9374,5478,5287,4610,1224,3386,97,23,74,580,217,363,191,158,126,121,106,15,1,1,0,4,1,3,32,3738,2764,310,233,266,165
2021,Sheffield 005,E02001615,6213,3382,3293,2753,728,2025,108,31,77,432,169,263,89,74,53,53,44,9,0,0,0,0,0,0,21,2757,2186,160,143,162,106
2021,Sheffield 006,E02001616,6000,3333,3163,2727,809,1918,57,9,48,379,130,249,170,96,77,69,47,22,1,1,0,7,7,0,19,2571,1481,237,254,449,150
2021,Sheffield 007,E02001617,4334,2559,2377,2103,731,1372,32,10,22,242,97,145,182,68,44,44,38,6,0,0,0,0,0,0,24,1707,626,249,360,311,161
2021,Sheffield 008,E02001618,7954,4871,4748,3931,1113,2818,159,32,127,658,277,381,123,149,112,105,86,19,1,0,1,6,3,3,37,2934,1983,325,211,243,172
2021,Sheffield 009,E02001619,7899,4361,4107,3637,1171,2466,59,10,49,411,141,270,254,130,78,76,58,18,0,0,0,2,2,0,52,3408,1466,393,549,653,347
2021,Sheffield 010,E02001620,5243,2787,2582,2237,725,1512,33,5,28,312,145,167,205,111,85,81,65,16,1,0,1,3,3,0,26,2345,862,308,477,466,232
2021,Sheffield 011,E02001621,4571,2470,2279,2045,705,1340,35,13,22,199,73,126,191,94,60,58,39,19,1,1,0,1,1,0,34,2007,727,272,365,421,222
2021,Sheffield 012,E02001622,7103,3923,3639,3190,1008,2182,62,20,42,387,157,230,284,104,71,70,61,9,1,1,0,0,0,0,33,3076,1413,328,492,552,291
2021,Sheffield 013,E02001623,6248,2777,2504,2125,757,1368,53,13,40,326,157,169,273,190,137,132,98,34,0,0,0,5,4,1,53,3281,1024,540,656,672,389
2021,Sheffield 014,E02001624,7611,4337,4098,3531,994,2537,102,30,72,465,212,253,239,127,91,84,68,16,1,0,1,6,6,0,36,3147,1537,409,455,411,335
2021,Sheffield 015,E02001625,6049,3099,2862,2526,917,1609,39,15,24,297,131,166,237,109,75,70,61,9,0,0,0,5,3,2,34,2841,1149,388,470,554,280
2021,Sheffield 016,E02001626,4818,2963,2869,2521,723,1798,41,6,35,307,114,193,94,79,61,58,52,6,0,0,0,3,1,2,18,1776,1198,211,120,151,96
2021,Sheffield 017,E02001627,5019,3353,3201,2849,731,2118,34,11,23,318,137,181,152,98,79,77,61,16,0,0,0,2,2,0,19,1568,807,219,200,182,160
2021,Sheffield 018,E02001628,4765,2200,1991,1574,528,1046,74,33,41,343,166,177,209,116,84,74,62,12,4,3,1,6,6,0,32,2449,706,413,687,303,340
2021,Sheffield 019,E02001629,5063,2580,2377,2055,726,1329,65,19,46,257,121,136,203,112,82,82,66,16,0,0,0,0,0,0,30,2371,864,345,420,432,310
2021,Sheffield 020,E02001630,6787,3117,2819,2216,744,1472,65,20,45,538,297,241,298,196,126,121,95,26,1,1,0,4,4,0,70,3474,864,657,890,470,593
2021,Sheffield 021,E02001631,6279,3971,3840,3343,923,2420,74,20,54,423,190,233,131,112,84,79,61,18,0,0,0,5,3,2,28,2196,1391,242,198,234,131
2021,Sheffield 022,E02001632,8870,4159,3749,3093,1071,2022,140,55,85,516,278,238,410,278,200,184,127,57,3,0,3,13,10,3,78,4433,803,900,1227,683,820
2021,Sheffield 023,E02001633,6384,3582,3502,2910,862,2048,117,19,98,475,214,261,80,106,85,80,70,10,0,0,0,5,4,1,21,2696,2052,210,161,156,117
2021,Sheffield 024,E02001634,7722,5086,4894,4265,1019,3246,83,20,63,546,234,312,192,207,164,151,114,37,1,1,0,12,10,2,43,2429,1432,422,183,243,149
2021,Sheffield 025,E02001635,5001,2772,2627,2259,681,1578,56,13,43,312,116,196,145,88,67,62,48,14,0,0,0,5,5,0,21,2141,1392,178,172,264,135
2021,Sheffield 026,E02001636,7755,3472,3157,2674,732,1942,60,21,39,423,212,211,315,332,212,196,155,41,2,2,0,14,12,2,120,3951,1119,1336,485,621,390
2021,Sheffield 027,E02001637,6067,2714,2415,1954,783,1171,92,36,56,369,217,152,299,172,101,95,68,27,0,0,0,6,5,1,71,3181,635,661,937,441,507
2021,Sheffield 028,E02001638,5197,2235,2132,1873,401,1472,33,5,28,226,101,125,103,625,477,437,378,59,0,0,0,40,39,1,148,2337,480,1680,52,56,69
2021,Sheffield 029,E02001639,5101,3037,2947,2609,632,1977,47,6,41,291,132,159,90,191,145,128,107,21,0,0,0,17,17,0,46,1873,954,603,99,127,90
2021,Sheffield 030,E02001640,7572,2476,2337,2001,486,1515,65,18,47,271,150,121,139,997,748,692,628,64,8,8,0,48,46,2,249,4099,735,2895,135,184,150
2021,Sheffield 032,E02001642,8387,4917,4695,3989,1132,2857,99,24,75,607,233,374,222,166,134,129,105,24,0,0,0,5,1,4,32,3304,1650,467,496,347,344
2021,Sheffield 033,E02001643,5044,2806,2724,2300,668,1632,96,18,78,328,163,165,82,85,59,53,42,11,0,0,0,6,4,2,26,2153,1585,219,159,111,79
2021,Sheffield 036,E02001646,7036,2355,2254,1882,425,1457,76,20,56,296,146,150,101,1065,742,697,613,84,1,0,1,44,42,2,323,3616,790,2558,101,83,84
2021,Sheffield 037,E02001647,5087,2863,2782,2382,750,1632,51,5,46,349,114,235,81,90,65,63,46,17,0,0,0,2,0,2,25,2134,1309,213,221,229,162
2021,Sheffield 038,E02001648,7303,2766,2694,2168,584,1584,127,20,107,399,214,185,72,529,284,250,233,17,4,4,0,30,30,0,245,4008,1277,2395,158,94,84
2021,Sheffield 039,E02001649,8380,4598,4224,3709,1133,2576,93,27,66,422,149,273,374,215,131,116,84,32,0,0,0,15,7,8,84,3567,1096,511,727,810,423
2021,Sheffield 040,E02001650,8512,3142,2938,2495,621,1874,73,28,45,370,189,181,204,1239,804,761,680,81,4,4,0,39,37,2,435,4131,514,2541,354,382,340
2021,Sheffield 041,E02001651,6515,3559,3460,2838,846,1992,123,21,102,499,254,245,99,109,78,68,58,10,0,0,0,10,10,0,31,2847,2152,345,195,55,100
2021,Sheffield 042,E02001652,11531,4068,3768,3159,834,2325,103,38,65,506,276,230,300,2064,1296,1234,1104,130,8,6,2,54,46,8,768,5399,562,3758,471,240,368
2021,Sheffield 043,E02001653,5953,3384,3133,2772,807,1965,71,25,46,290,135,155,251,200,144,138,109,29,0,0,0,6,6,0,56,2369,800,440,398,422,309
2021,Sheffield 044,E02001654,5208,2923,2778,2418,673,1745,68,14,54,292,91,201,145,95,68,64,49,15,1,1,0,3,1,2,27,2190,1393,193,207,261,136
2021,Sheffield 045,E02001655,6080,3417,3194,2726,854,1872,73,19,54,395,135,260,223,89,66,60,47,13,3,2,1,3,0,3,23,2574,1364,228,364,393,225
2021,Sheffield 046,E02001656,6458,4013,3896,3241,802,2439,106,24,82,549,267,282,117,321,238,227,195,32,2,2,0,9,9,0,83,2124,1057,612,183,124,148
2021,Sheffield 047,E02001657,7155,4637,4514,3807,998,2809,107,22,85,600,302,298,123,183,137,121,101,20,1,1,0,15,13,2,46,2335,1567,406,167,100,95
2021,Sheffield 048,E02001658,3982,2035,1850,1615,593,1022,29,7,22,206,65,141,185,91,65,61,36,25,0,0,0,4,3,1,26,1856,612,234,398,439,173
2021,Sheffield 049,E02001659,4866,2561,2374,2046,603,1443,57,4,53,271,94,177,187,98,71,65,48,17,0,0,0,6,3,3,27,2207,1157,157,244,476,173
2021,Sheffield 050,E02001660,8114,4944,4742,3846,980,2866,140,38,102,756,402,354,202,225,171,148,115,33,0,0,0,23,18,5,54,2945,1423,530,407,280,305
2021,Sheffield 051,E02001661,6151,3286,3028,2594,792,1802,55,9,46,379,171,208,258,143,98,92,69,23,0,0,0,6,6,0,45,2722,1165,351,416,494,296
2021,Sheffield 052,E02001662,6231,3524,3372,2905,820,2085,47,13,34,420,136,284,152,101,68,66,58,8,0,0,0,2,1,1,33,2606,1619,212,265,334,176
2021,Sheffield 053,E02001663,6048,4221,4097,3415,959,2456,80,21,59,602,301,301,124,124,91,82,62,20,2,2,0,7,6,1,33,1703,893,262,190,190,168
2021,Sheffield 054,E02001664,5158,2871,2736,2360,712,1648,68,24,44,308,129,179,135,89,62,61,51,10,0,0,0,1,1,0,27,2198,1452,189,193,199,165
2021,Sheffield 055,E02001665,7888,4396,4284,3488,987,2501,194,33,161,602,328,274,112,108,86,82,66,16,0,0,0,4,4,0,22,3384,2553,401,238,96,96
2021,Sheffield 056,E02001666,4816,2983,2847,2407,716,1691,60,19,41,380,123,257,136,83,64,63,52,11,0,0,0,1,0,1,19,1750,928,141,252,302,127
2021,Sheffield 059,E02001669,6464,4332,4141,3582,945,2637,73,11,62,486,214,272,191,103,90,84,67,17,1,1,0,5,4,1,13,2029,1193,256,203,214,163
2021,Sheffield 060,E02001670,4661,2463,2237,1956,642,1314,29,7,22,252,87,165,226,63,41,39,31,8,0,0,0,2,2,0,22,2135,873,267,375,423,197
2021,Sheffield 061,E02001671,4923,2645,2526,2170,597,1573,59,23,36,297,104,193,119,74,57,55,45,10,1,1,0,1,1,0,17,2204,1633,129,152,200,90
2021,Sheffield 062,E02001672,5021,2904,2796,2405,682,1723,52,10,42,339,126,213,108,85,61,58,50,8,0,0,0,3,3,0,24,2032,1343,201,164,239,85
2021,Sheffield 063,E02001673,4319,2814,2738,2366,647,1719,70,14,56,302,113,189,76,74,58,57,50,7,0,0,0,1,1,0,16,1431,1032,128,126,84,61
2021,Sheffield 064,E02001674,7608,4242,4120,3404,995,2409,120,27,93,596,267,329,122,121,92,86,74,12,1,1,0,5,5,0,29,3245,2399,254,217,224,151
2021,Sheffield 065,E02001675,7119,3697,3440,3043,904,2139,55,8,47,342,128,214,257,81,58,52,40,12,0,0,0,6,6,0,23,3341,2117,243,303,435,243
2021,Sheffield 066,E02001676,4923,2830,2758,2311,665,1646,79,14,65,368,158,210,72,80,55,52,45,7,1,0,1,2,2,0,25,2013,1553,184,99,110,67
2021,Sheffield 068,E02001678,8546,4528,4419,3447,1037,2410,252,52,200,720,381,339,109,123,95,91,70,21,0,0,0,4,4,0,28,3895,2907,364,296,186,142
2021,Sheffield 069,E02001679,4967,2742,2529,2189,711,1478,38,14,24,302,130,172,213,92,74,69,56,13,0,0,0,5,3,2,18,2133,1080,231,297,386,139
2021,Sheffield 070,E02001680,4901,2545,2274,1975,705,1270,51,9,42,248,95,153,271,80,55,52,45,7,0,0,0,3,3,0,25,2276,875,286,378,511,226
2021,Sheffield 071,E02001681,6254,3447,3322,2760,777,1983,93,17,76,469,231,238,125,123,90,81,69,12,0,0,0,9,7,2,33,2684,1960,261,181,170,112
2021,Gateshead 001,E02001682,7036,4148,3953,3447,880,2567,95,14,81,411,189,222,195,103,65,61,49,12,1,1,0,3,3,0,38,2785,1916,237,212,248,172
2021,Gateshead 002,E02001683,7856,4662,4463,3857,963,2894,99,22,77,507,211,296,199,97,78,73,60,13,0,0,0,5,4,1,19,3097,2174,223,200,281,219
2021,Gateshead 003,E02001684,5391,3024,2776,2489,623,1866,49,11,38,238,87,151,248,100,59,56,36,20,1,1,0,2,2,0,41,2267,1089,227,300,418,233
2021,Gateshead 004,E02001685,6456,3735,3514,3180,828,2352,53,12,41,281,104,177,221,108,74,71,59,12,0,0,0,3,3,0,34,2613,1341,259,325,475,213
2021,Gateshead 005,E02001686,5745,3189,3051,2682,684,1998,72,17,55,297,109,188,138,89,73,70,58,12,0,0,0,3,2,1,16,2467,1757,158,178,208,166
2021,Gateshead 007,E02001688,6290,3838,3571,3203,772,2431,68,19,49,300,128,172,267,109,81,74,61,13,1,1,0,6,5,1,28,2343,924,289,329,499,302
2021,Gateshead 008,E02001689,5835,3146,2861,2498,1003,1495,51,22,29,312,151,161,285,138,107,102,81,21,1,0,1,4,4,0,31,2551,1006,367,355,524,299
2021,Gateshead 009,E02001690,5891,3382,3200,2867,776,2091,53,9,44,280,119,161,182,108,66,64,53,11,0,0,0,2,1,1,42,2401,1519,206,197,321,158
2021,Gateshead 010,E02001691,6729,4199,3911,3440,955,2485,74,20,54,397,176,221,288,134,110,109,78,31,0,0,0,1,0,1,24,2396,900,397,393,409,297
2021,Gateshead 011,E02001692,4892,2639,2398,2176,703,1473,43,18,25,179,68,111,241,87,63,60,42,18,1,0,1,2,2,0,24,2166,799,291,390,447,239
2021,Gateshead 012,E02001693,4364,2173,2012,1813,522,1291,25,7,18,174,65,109,161,54,40,33,26,7,3,1,2,4,4,0,14,2137,1111,191,243,386,206
2021,Gateshead 013,E02001694,5207,3005,2851,2501,631,1870,55,13,42,295,112,183,154,99,69,66,54,12,0,0,0,3,3,0,30,2103,1352,162,191,267,131
2021,Gateshead 014,E02001695,4900,2762,2681,2400,600,1800,54,13,41,227,91,136,81,87,64,61,54,7,0,0,0,3,3,0,23,2051,1406,163,154,202,126
2021,Gateshead 015,E02001696,7383,3978,3736,3408,959,2449,47,16,31,281,118,163,242,110,69,65,47,18,0,0,0,4,4,0,41,3295,1719,333,439,547,257
2021,Gateshead 016,E02001697,6213,3822,3703,3267,791,2476,75,17,58,361,146,215,119,96,74,71,61,10,0,0,0,3,2,1,22,2295,1574,219,161,221,120
2021,Gateshead 017,E02001698,5974,2880,2792,2410,636,1774,72,13,59,310,144,166,88,97,71,67,58,9,0,0,0,4,4,0,26,2997,2494,163,103,166,71
2021,Gateshead 018,E02001699,5448,2884,2727,2478,642,1836,45,9,36,204,73,131,157,73,51,49,39,10,0,0,0,2,2,0,22,2491,1471,196,264,390,170
2021,Gateshead 019,E02001700,8462,4899,4729,4173,1059,3114,144,20,124,412,173,239,170,154,107,102,81,21,0,0,0,5,4,1,47,3409,2230,348,302,340,189
2021,Gateshead 020,E02001701,5269,2959,2860,2519,598,1921,63,15,48,278,116,162,99,96,64,60,47,13,0,0,0,4,4,0,32,2214,1686,177,129,129,93
2021,Gateshead 021,E02001702,6210,3142,2877,2600,814,1786,46,13,33,231,91,140,265,109,68,64,48,16,0,0,0,4,3,1,41,2959,1244,334,476,623,282
2021,Gateshead 022,E02001703,4710,2458,2347,1991,534,1457,62,14,48,294,143,151,111,68,51,47,41,6,1,1,0,3,3,0,17,2184,1552,169,181,182,100
2021,Gateshead 023,E02001704,5683,3045,2840,2542,717,1825,49,12,37,249,105,144,205,104,63,59,47,12,0,0,0,4,3,1,41,2534,1421,206,261,441,205
2021,Gateshead 025,E02001706,6251,3680,3506,3056,763,2293,108,27,81,342,133,209,174,76,66,64,53,11,1,0,1,1,0,1,10,2495,1385,226,295,382,207
2021,Gateshead 026,E02001707,6922,3690,3501,3120,818,2302,73,17,56,308,124,184,189,88,64,58,48,10,0,0,0,6,2,4,24,3144,1909,252,293,442,248
2021,Newcastle upon Tyne 002,E02001709,8470,4936,4786,4073,900,3173,162,32,130,551,266,285,150,154,105,95,64,31,1,1,0,9,7,2,49,3380,2404,403,274,168,131
2021,Newcastle upon Tyne 003,E02001710,8198,4350,4014,3550,1125,2425,70,26,44,394,166,228,336,172,126,117,96,21,0,0,0,9,8,1,46,3676,1687,501,476,651,361
2021,Newcastle upon Tyne 004,E02001711,7906,4369,4114,3626,1054,2572,117,38,79,371,151,220,255,107,75,72,53,19,0,0,0,3,3,0,32,3430,1682,347,472,567,362
2021,Newcastle upon Tyne 005,E02001712,7815,4510,4363,3751,770,2981,132,21,111,480,241,239,147,223,158,148,121,27,1,0,1,9,8,1,65,3082,1837,621,230,205,189
2021,Newcastle upon Tyne 006,E02001713,8237,4786,4639,3825,837,2988,203,50,153,611,315,296,147,165,113,105,81,24,0,0,0,8,7,1,52,3286,2052,498,325,236,175
2021,Newcastle upon Tyne 007,E02001714,7905,4927,4774,4168,978,3190,143,30,113,463,210,253,153,142,111,103,88,15,2,2,0,6,6,0,31,2836,1868,414,268,153,133
2021,Newcastle upon Tyne 008,E02001715,9036,4920,4611,3981,1186,2795,114,30,84,516,261,255,309,190,132,124,108,16,0,0,0,8,5,3,58,3926,1596,582,659,691,398
2021,Newcastle upon Tyne 011,E02001718,5277,2972,2806,2497,770,1727,53,14,39,256,114,142,166,85,64,63,45,18,1,1,0,0,0,0,21,2220,987,226,316,479,212
2021,Newcastle upon Tyne 012,E02001719,7247,4341,4154,3600,881,2719,91,21,70,463,190,273,187,185,149,143,122,21,2,2,0,4,4,0,36,2721,1687,413,259,188,174
2021,Newcastle upon Tyne 013,E02001720,9032,2394,2302,1919,330,1589,111,21,90,272,136,136,92,1388,989,926,798,128,5,5,0,58,54,4,399,5250,858,4055,108,98,131
2021,Newcastle upon Tyne 014,E02001721,8858,4890,4665,4072,1074,2998,87,15,72,506,195,311,225,138,104,100,83,17,1,0,1,3,3,0,34,3830,2280,356,368,524,302
2021,Newcastle upon Tyne 015,E02001722,7521,4064,3821,3423,1029,2394,62,18,44,336,136,200,243,125,88,87,71,16,1,1,0,0,0,0,37,3332,1868,313,384,521,246
2021,Newcastle upon Tyne 016,E02001723,5470,3125,2935,2430,780,1650,116,27,89,389,166,223,190,118,91,85,71,14,1,1,0,5,4,1,27,2227,855,355,397,340,280
2021,Newcastle upon Tyne 017,E02001724,8517,3037,2907,2537,385,2152,79,14,65,291,127,164,130,1230,928,867,757,110,0,0,0,61,57,4,302,4250,858,3064,75,142,111
2021,Newcastle upon Tyne 018,E02001725,8362,4892,4598,4134,786,3348,46,16,30,418,191,227,294,730,545,507,435,72,3,2,1,35,28,7,185,2740,714,1017,273,483,253
2021,Newcastle upon Tyne 019,E02001726,9322,5178,4848,4102,1374,2728,151,57,94,595,298,297,330,240,170,159,139,20,4,4,0,7,7,0,70,3904,1703,582,634,545,440
2021,Newcastle upon Tyne 020,E02001727,7266,4068,3836,3364,954,2410,84,21,63,388,168,220,232,103,74,68,47,21,0,0,0,6,5,1,29,3095,1788,285,378,410,234
2021,Newcastle upon Tyne 021,E02001728,7713,4425,4188,3710,1044,2666,70,17,53,408,166,242,237,163,128,126,108,18,0,0,0,2,2,0,35,3125,1827,303,358,422,215
2021,Newcastle upon Tyne 022,E02001729,9773,4196,3743,2992,1018,1974,178,57,121,573,315,258,453,888,573,532,465,67,3,0,3,38,34,4,315,4689,740,2043,818,440,648
2021,Newcastle upon Tyne 025,E02001732,4469,2490,2345,2035,600,1435,49,14,35,261,105,156,145,90,56,53,42,11,1,1,0,2,2,0,34,1889,885,237,292,316,159
2021,Newcastle upon Tyne 027,E02001734,6285,3223,2960,2611,883,1728,59,21,38,290,142,148,263,129,100,92,73,19,0,0,0,8,7,1,29,2933,1191,410,500,452,380
2021,Newcastle upon Tyne 028,E02001735,5092,2528,2295,2045,737,1308,32,11,21,218,91,127,233,96,71,70,42,28,0,0,0,1,0,1,25,2468,889,320,441,538,280
2021,Newcastle upon Tyne 030,E02001737,4812,2334,2062,1835,627,1208,38,13,25,189,91,98,272,56,36,35,28,7,0,0,0,1,1,0,20,2422,889,230,449,550,304
2021,North Tyneside 001,E02001738,5089,2475,2432,2091,560,1531,86,17,69,255,111,144,43,87,66,61,57,4,0,0,0,5,4,1,21,2527,2050,194,134,69,80
2021,North Tyneside 002,E02001739,6141,3454,3279,2907,789,2118,58,17,41,314,124,190,175,83,54,52,43,9,0,0,0,2,2,0,29,2604,1617,193,256,367,171
2021,North Tyneside 003,E02001740,4642,2702,2623,2218,587,1631,76,13,63,329,169,160,79,112,79,75,68,7,0,0,0,4,4,0,33,1828,1393,200,120,62,53
2021,North Tyneside 004,E02001741,6555,3579,3468,3043,781,2262,69,13,56,356,155,201,111,116,93,87,67,20,0,0,0,6,4,2,23,2860,2229,199,187,157,88
2021,North Tyneside 005,E02001742,4846,2685,2621,2345,606,1739,51,11,40,225,103,122,64,82,63,62,57,5,0,0,0,1,1,0,19,2079,1617,153,108,88,113
2021,North Tyneside 006,E02001743,6200,3797,3655,3118,766,2352,94,16,78,443,198,245,142,101,77,69,60,9,0,0,0,8,7,1,24,2302,1394,271,187,275,175
2021,North Tyneside 007,E02001744,6593,4294,4147,3658,825,2833,83,15,68,406,159,247,147,119,93,88,66,22,0,0,0,5,0,5,26,2180,1406,222,203,226,123
2021,North Tyneside 008,E02001745,5394,3338,3197,2884,758,2126,57,18,39,256,107,149,141,100,79,77,66,11,0,0,0,2,2,0,21,1956,1232,178,196,217,133
2021,North Tyneside 009,E02001746,6669,3859,3707,3208,879,2329,86,24,62,413,203,210,152,131,86,76,66,10,1,1,0,9,8,1,45,2679,1723,297,238,283,138
2021,North Tyneside 010,E02001747,5270,2741,2648,2297,599,1698,72,17,55,279,127,152,93,87,63,61,50,11,1,0,1,1,1,0,24,2442,1936,122,134,154,96
2021,North Tyneside 011,E02001748,6842,4417,4238,3768,910,2858,73,23,50,397,167,230,179,130,88,86,70,16,0,0,0,2,1,1,42,2295,1278,270,269,299,179
2021,North Tyneside 012,E02001749,5294,3035,2918,2585,660,1925,66,15,51,267,102,165,117,78,54,50,40,10,1,0,1,3,1,2,24,2181,1539,183,181,181,97
2021,North Tyneside 013,E02001750,5618,3220,3121,2709,705,2004,92,20,72,320,136,184,99,103,72,70,58,12,0,0,0,2,2,0,31,2295,1709,192,156,162,76
2021,North Tyneside 014,E02001751,5446,3310,3172,2789,680,2109,69,13,56,314,117,197,138,84,60,59,53,6,0,0,0,1,1,0,24,2052,1335,177,198,217,125
2021,North Tyneside 015,E02001752,5049,2795,2611,2337,677,1660,43,18,25,231,97,134,184,120,84,79,65,14,0,0,0,5,3,2,36,2134,1115,250,291,328,150
2021,North Tyneside 016,E02001753,5242,2942,2822,2361,595,1766,92,25,67,369,177,192,120,67,47,44,38,6,0,0,0,3,2,1,20,2233,1577,162,139,203,152
2021,North Tyneside 017,E02001754,4907,2922,2823,2398,613,1785,95,22,73,330,159,171,99,80,60,57,37,20,0,0,0,3,2,1,20,1905,1419,132,115,130,109
2021,North Tyneside 018,E02001755,8050,5043,4869,4315,957,3358,122,29,93,432,172,260,174,132,98,96,81,15,1,0,1,1,0,1,34,2875,1854,285,251,314,171
2021,North Tyneside 019,E02001756,7571,4658,4411,3996,1001,2995,70,21,49,345,124,221,247,107,79,78,59,19,0,0,0,1,1,0,28,2806,1391,297,373,506,239
2021,North Tyneside 020,E02001757,4949,2733,2619,2337,687,1650,48,10,38,234,106,128,114,54,37,36,36,0,0,0,0,1,1,0,17,2162,1432,181,204,236,109
2021,North Tyneside 021,E02001758,4562,2699,2570,2305,659,1646,47,11,36,218,102,116,129,56,34,34,30,4,0,0,0,0,0,0,22,1807,1188,139,172,213,95
2021,North Tyneside 022,E02001759,5338,3189,2994,2620,593,2027,37,11,26,337,149,188,195,75,53,50,36,14,0,0,0,3,3,0,22,2074,1303,160,150,283,178
2021,North Tyneside 023,E02001760,5927,3333,3051,2752,955,1797,37,13,24,262,106,156,282,109,73,72,60,12,0,0,0,1,0,1,36,2485,938,250,424,547,326
2021,North Tyneside 024,E02001761,4611,2568,2443,2208,603,1605,29,7,22,206,94,112,125,66,44,44,33,11,0,0,0,0,0,0,22,1977,1326,133,149,235,134
2021,North Tyneside 025,E02001762,5535,3523,3377,3064,757,2307,52,12,40,261,112,149,146,97,72,70,50,20,0,0,0,2,2,0,25,1915,1316,130,200,163,106
2021,North Tyneside 026,E02001763,5278,2976,2746,2495,701,1794,41,12,29,210,68,142,230,87,56,55,47,8,1,1,0,0,0,0,31,2215,1101,198,263,422,231
2021,North Tyneside 027,E02001764,6244,3419,3091,2723,796,1927,67,12,55,301,125,176,328,86,59,57,44,13,1,1,0,1,1,0,27,2739,1201,237,390,600,311
2021,North Tyneside 028,E02001765,6052,3405,3162,2835,805,2030,41,16,25,286,109,177,243,107,76,74,54,20,0,0,0,2,0,2,31,2540,1153,279,388,447,273
2021,North Tyneside 029,E02001766,5844,3635,3346,2914,785,2129,79,18,61,353,140,213,289,90,68,62,43,19,0,0,0,6,5,1,22,2119,966,231,285,420,217
2021,North Tyneside 030,E02001767,5758,3280,3064,2715,749,1966,47,13,34,302,132,170,216,92,70,64,53,11,0,0,0,6,6,0,22,2386,1265,215,271,415,220
2021,South Tyneside 001,E02001768,6664,3622,3312,2833,817,2016,104,34,70,375,165,210,310,127,93,80,62,18,0,0,0,13,12,1,34,2915,1432,370,459,405,249
2021,South Tyneside 002,E02001769,6211,3133,2752,2435,704,1731,54,19,35,263,111,152,381,109,77,69,53,16,1,0,1,7,6,1,32,2969,1151,306,425,733,354
2021,South Tyneside 003,E02001770,5192,2972,2798,2474,604,1870,47,15,32,277,115,162,174,115,91,86,55,31,0,0,0,5,4,1,24,2105,1325,238,174,230,138
2021,South Tyneside 004,E02001771,5015,2476,2313,2057,653,1404,43,13,30,213,79,134,163,88,57,56,44,12,0,0,0,1,0,1,31,2451,1510,229,265,299,148
2021,South Tyneside 005,E02001772,4223,2272,2091,1847,486,1361,49,16,33,195,84,111,181,77,53,52,39,13,0,0,0,1,1,0,24,1874,1152,146,179,258,139
2021,South Tyneside 006,E02001773,4488,2289,2176,1912,523,1389,63,16,47,201,75,126,113,70,53,52,41,11,0,0,0,1,1,0,17,2129,1620,170,166,87,86
2021,South Tyneside 007,E02001774,4332,2267,2098,1892,539,1353,29,8,21,177,62,115,169,72,49,47,41,6,0,0,0,2,0,2,23,1993,1003,182,242,379,187
2021,South Tyneside 008,E02001775,4363,2282,2093,1884,589,1295,34,8,26,175,73,102,189,66,44,41,33,8,0,0,0,3,3,0,22,2015,1074,224,280,301,136
2021,South Tyneside 009,E02001776,7281,4277,3989,3659,923,2736,45,9,36,285,104,181,288,96,66,62,53,9,1,0,1,3,3,0,30,2908,1446,291,391,519,261
2021,South Tyneside 010,E02001777,5643,3588,3404,3031,611,2420,51,14,37,322,121,201,184,93,74,70,56,14,0,0,0,4,4,0,19,1962,1124,187,179,293,179
2021,South Tyneside 011,E02001778,4732,2571,2337,2104,562,1542,41,12,29,192,87,105,234,90,58,54,45,9,1,1,0,3,1,2,32,2071,989,179,294,390,219
2021,South Tyneside 012,E02001779,4399,2235,1982,1756,507,1249,29,6,23,197,82,115,253,59,39,38,32,6,0,0,0,1,1,0,20,2105,1051,180,272,371,231
2021,South Tyneside 013,E02001780,4891,2558,2371,2086,580,1506,38,10,28,247,92,155,187,77,45,42,33,9,2,2,0,1,1,0,32,2256,1290,223,285,307,151
2021,South Tyneside 014,E02001781,4245,2287,2111,1892,559,1333,35,10,25,184,79,105,176,68,42,39,33,6,0,0,0,3,3,0,26,1890,843,178,294,380,195
2021,South Tyneside 015,E02001782,8101,4622,4390,3983,1069,2914,59,10,49,348,121,227,232,115,88,81,60,21,1,0,1,6,6,0,27,3364,1853,327,395,535,254
2021,South Tyneside 016,E02001783,5423,2978,2634,2370,777,1593,39,7,32,225,94,131,344,68,33,32,24,8,0,0,0,1,1,0,35,2377,973,248,486,446,224
2021,South Tyneside 017,E02001784,5356,2856,2657,2375,658,1717,48,10,38,234,81,153,199,94,50,49,42,7,0,0,0,1,1,0,44,2406,1323,237,298,365,183
2021,South Tyneside 018,E02001785,6354,3276,3102,2662,716,1946,109,33,76,331,147,184,174,100,64,61,48,13,0,0,0,3,3,0,36,2978,1963,222,293,328,172
2021,South Tyneside 019,E02001786,5444,2928,2730,2467,741,1726,35,4,31,228,96,132,198,78,57,52,39,13,0,0,0,5,4,1,21,2438,1274,208,313,411,232
2021,South Tyneside 020,E02001787,4393,2316,2161,1967,547,1420,25,7,18,169,60,109,155,77,53,50,42,8,0,0,0,3,3,0,24,2000,1243,161,187,283,126
2021,South Tyneside 021,E02001788,4779,2648,2484,2180,592,1588,67,18,49,237,73,164,164,73,51,49,40,9,0,0,0,2,1,1,22,2058,1190,178,245,295,150
2021,South Tyneside 022,E02001789,4884,2673,2593,2156,576,1580,138,27,111,299,129,170,80,95,71,66,50,16,0,0,0,5,5,0,24,2116,1671,178,147,59,61
2021,South Tyneside 023,E02001790,4877,2672,2563,2214,560,1654,80,18,62,269,112,157,109,94,61,54,50,4,1,0,1,6,3,3,33,2111,1485,194,205,150,77
2021,Sunderland 001,E02001791,4696,2785,2711,2384,560,1824,58,11,47,269,118,151,74,65,49,49,42,7,0,0,0,0,0,0,16,1846,1412,127,121,87,99
2021,Sunderland 002,E02001792,5978,3126,3029,2587,647,1940,79,21,58,363,182,181,97,95,76,70,56,14,1,1,0,5,3,2,19,2757,2096,204,154,182,121
2021,Sunderland 003,E02001793,6542,3507,3237,2990,929,2061,41,7,34,206,77,129,270,100,71,70,56,14,0,0,0,1,1,0,29,2935,1168,284,524,682,277
2021,Sunderland 004,E02001794,7050,3509,3256,2954,972,1982,48,8,40,254,91,163,253,107,69,67,50,17,1,1,0,1,1,0,38,3434,1614,300,463,706,351
2021,Sunderland 005,E02001795,6013,3048,2790,2502,739,1763,51,16,35,237,113,124,258,103,70,65,52,13,1,1,0,4,3,1,33,2862,1374,203,354,675,256
2021,Sunderland 006,E02001796,7442,3865,3651,3194,840,2354,72,19,53,385,154,231,214,229,135,119,90,29,1,1,0,15,12,3,94,3348,2119,380,247,371,231
2021,Sunderland 007,E02001797,4985,2798,2673,2359,521,1838,68,22,46,246,107,139,125,97,60,59,47,12,0,0,0,1,0,1,37,2090,1474,186,143,182,105
2021,Sunderland 008,E02001798,6681,3722,3505,3186,929,2257,51,12,39,268,112,156,217,100,75,72,62,10,1,1,0,2,2,0,25,2859,1405,284,384,523,263
2021,Sunderland 009,E02001799,7420,3911,3547,3223,865,2358,50,10,40,274,97,177,364,119,69,69,56,13,0,0,0,0,0,0,50,3390,1583,341,518,662,286
2021,Sunderland 010,E02001800,5539,3116,2957,2676,714,1962,39,8,31,242,98,144,159,79,53,52,46,6,0,0,0,1,0,1,26,2344,1425,222,264,302,131
2021,Sunderland 011,E02001801,4781,2337,2166,1923,569,1354,40,16,24,203,91,112,171,394,215,205,183,22,0,0,0,10,9,1,179,2050,761,452,318,321,198
2021,Sunderland 012,E02001802,5680,3063,2789,2537,763,1774,37,10,27,215,81,134,274,88,71,66,52,14,0,0,0,5,3,2,17,2529,1017,279,443,514,276
2021,Sunderland 013,E02001803,7468,3288,2981,2635,678,1957,63,20,43,283,112,171,307,672,382,370,313,57,2,2,0,10,9,1,290,3508,1071,1285,314,493,345
2021,Sunderland 014,E02001804,5111,2767,2576,2257,667,1590,52,18,34,267,116,151,191,56,35,34,25,9,0,0,0,1,1,0,21,2288,1238,202,259,395,194
2021,Sunderland 015,E02001805,4722,2474,2359,2106,569,1537,41,9,32,212,89,123,115,68,58,55,50,5,0,0,0,3,0,3,10,2180,1420,172,205,244,139
2021,Sunderland 016,E02001806,6300,2914,2555,2213,690,1523,62,16,46,280,116,164,359,152,98,94,75,19,1,0,1,3,2,1,54,3234,1263,352,491,709,419
2021,Sunderland 017,E02001807,6811,4047,3857,3466,820,2646,75,16,59,316,118,198,190,142,101,96,81,15,0,0,0,5,4,1,41,2622,1493,261,330,380,158
2021,Sunderland 018,E02001808,4490,2485,2354,2054,570,1484,46,14,32,254,115,139,131,164,104,99,79,20,0,0,0,5,4,1,60,1841,920,307,273,175,166
2021,Sunderland 019,E02001809,5413,2836,2702,2406,641,1765,56,14,42,240,110,130,134,82,59,56,48,8,0,0,0,3,2,1,23,2495,1744,168,192,284,107
2021,Sunderland 020,E02001810,6875,3894,3683,3350,812,2538,55,12,43,278,105,173,211,113,77,74,58,16,0,0,0,3,2,1,36,2868,1801,235,274,364,194
2021,Sunderland 021,E02001811,7048,3625,3320,2943,883,2060,63,13,50,314,140,174,305,67,47,46,36,10,0,0,0,1,0,1,20,3356,1604,333,478,617,324
2021,Sunderland 022,E02001812,8562,4409,4248,3606,915,2691,154,37,117,488,219,269,161,140,115,106,91,15,1,0,1,8,7,1,25,4013,2864,375,295,296,183
2021,Sunderland 023,E02001813,7601,4032,3685,3326,1075,2251,45,13,32,314,132,182,347,110,77,75,58,17,0,0,0,2,1,1,33,3459,1342,385,631,747,354
2021,Sunderland 024,E02001814,5079,2768,2567,2253,657,1596,48,13,35,266,113,153,201,95,70,70,61,9,0,0,0,0,0,0,25,2216,1199,225,260,351,181
2021,Sunderland 025,E02001815,8258,4444,4270,3653,965,2688,180,49,131,437,207,230,174,104,81,78,62,16,2,0,2,1,1,0,23,3710,2638,298,307,328,139
2021,Sunderland 026,E02001816,5699,2864,2684,2409,684,1725,44,12,32,231,98,133,180,73,54,52,47,5,2,0,2,0,0,0,19,2762,1515,194,292,533,228
2021,Sunderland 027,E02001817,5466,2949,2777,2509,720,1789,53,11,42,215,93,122,172,98,74,71,58,13,1,1,0,2,2,0,24,2419,1348,223,244,393,211
2021,Sunderland 028,E02001818,7595,4380,4146,3728,927,2801,86,22,64,332,125,207,234,160,116,114,91,23,1,1,0,1,1,0,44,3055,1569,320,367,535,264
2021,Sunderland 029,E02001819,5961,3176,3070,2652,632,2020,94,27,67,324,132,192,106,86,74,73,59,14,0,0,0,1,1,0,12,2699,2118,169,160,139,113
2021,Sunderland 030,E02001820,7802,4641,4389,3912,951,2961,75,15,60,402,170,232,252,123,82,78,66,12,0,0,0,4,4,0,41,3038,1793,313,343,382,207
2021,Sunderland 031,E02001821,4746,2720,2621,2341,587,1754,50,10,40,230,89,141,99,100,74,70,62,8,2,0,2,2,2,0,26,1926,1227,178,164,248,109
2021,Sunderland 032,E02001822,6438,3758,3598,3129,736,2393,86,13,73,383,149,234,160,87,69,67,53,14,0,0,0,2,1,1,18,2593,1593,240,259,329,172
2021,Sunderland 033,E02001823,6477,3876,3697,3295,800,2495,63,19,44,339,140,199,179,81,63,60,50,10,1,0,1,2,1,1,18,2520,1349,242,313,425,191
2021,Sunderland 034,E02001824,7003,3645,3409,3018,785,2233,80,14,66,311,125,186,236,96,67,65,53,12,0,0,0,2,2,0,29,3262,2036,260,344,446,176
2021,Sunderland 035,E02001825,6509,3384,3211,2825,723,2102,67,18,49,319,99,220,173,74,50,48,40,8,0,0,0,2,2,0,24,3051,1878,208,292,423,250
2021,Sunderland 036,E02001826,5806,3158,2966,2621,715,1906,61,11,50,284,95,189,192,90,61,58,47,11,0,0,0,3,2,1,29,2558,1282,211,361,477,227
2021,Birmingham 001,E02001827,5188,2877,2763,2278,555,1723,99,13,86,386,162,224,114,101,69,65,58,7,0,0,0,4,4,0,32,2210,1512,254,189,150,105
2021,Birmingham 002,E02001828,5859,3173,3048,2484,666,1818,139,27,112,425,205,220,125,86,54,49,42,7,0,0,0,5,4,1,32,2600,1862,272,191,167,108
2021,Birmingham 003,E02001829,7139,4403,4259,3561,888,2673,152,34,118,546,248,298,144,96,75,69,60,9,1,1,0,5,1,4,21,2640,1855,339,240,96,110
2021,Birmingham 004,E02001830,8122,4516,4396,3497,884,2613,259,53,206,640,303,337,120,112,82,77,60,17,1,1,0,4,3,1,30,3494,2473,390,301,146,184
2021,Birmingham 005,E02001831,8333,4946,4650,4043,1020,3023,73,13,60,534,206,328,296,150,113,106,81,25,3,1,2,4,4,0,37,3237,1737,350,390,472,288
2021,Birmingham 006,E02001832,6582,3898,3745,3185,795,2390,101,17,84,459,187,272,153,97,74,73,63,10,1,1,0,0,0,0,23,2587,1846,278,199,140,124
2021,Birmingham 007,E02001833,4813,2926,2794,2342,588,1754,79,15,64,373,139,234,132,67,45,43,33,10,1,1,0,1,1,0,22,1820,1165,230,186,112,127
2021,Birmingham 008,E02001834,4648,2758,2560,2225,632,1593,37,8,29,298,95,203,198,113,79,66,53,13,0,0,0,13,12,1,34,1777,754,257,299,288,179
2021,Birmingham 009,E02001835,6964,4300,4148,3499,743,2756,130,21,109,519,244,275,152,121,86,80,59,21,1,1,0,5,4,1,35,2543,1617,286,224,286,130
2021,Birmingham 010,E02001836,7462,4299,4140,3523,848,2675,118,29,89,499,203,296,159,120,85,77,57,20,1,1,0,7,5,2,35,3043,2071,367,251,186,168
2021,Birmingham 011,E02001837,8005,4386,3903,3407,1055,2352,74,13,61,422,156,266,483,168,113,101,75,26,0,0,0,12,6,6,55,3451,1093,568,625,734,431
2021,Birmingham 012,E02001838,6340,3740,3634,3094,753,2341,103,20,83,437,193,244,106,97,77,76,64,12,1,1,0,0,0,0,20,2503,1855,229,178,127,114
2021,Birmingham 013,E02001839,5181,3044,2856,2454,647,1807,46,12,34,356,131,225,188,77,59,55,43,12,0,0,0,4,3,1,18,2060,1153,261,235,260,151
2021,Birmingham 014,E02001840,7271,3763,3394,2985,881,2104,78,19,59,331,131,200,369,169,94,80,53,27,1,1,0,13,6,7,75,3339,1161,552,544,739,343
2021,Birmingham 015,E02001841,5016,2683,2612,2137,502,1635,112,27,85,363,171,192,71,69,43,41,32,9,1,1,0,1,0,1,26,2264,1671,228,152,116,97
2021,Birmingham 016,E02001842,6425,3865,3641,3180,794,2386,74,21,53,387,163,224,224,135,96,88,68,20,0,0,0,8,7,1,39,2425,1243,368,308,206,300
2021,Birmingham 017,E02001843,5299,3140,2927,2518,651,1867,64,25,39,345,116,229,213,78,60,56,41,15,0,0,0,4,2,2,18,2081,1146,277,291,164,203
2021,Birmingham 018,E02001844,8177,4671,4451,3826,847,2979,88,15,73,537,249,288,220,111,80,73,48,25,2,1,1,5,3,2,31,3395,2209,273,281,398,234
2021,Birmingham 019,E02001845,5196,3346,3152,2775,699,2076,73,18,55,304,114,190,194,92,67,61,44,17,0,0,0,6,3,3,25,1758,878,288,231,182,179
2021,Birmingham 020,E02001846,6318,3569,3233,2806,810,1996,75,21,54,352,148,204,336,181,148,135,82,53,3,1,2,10,5,5,33,2568,956,367,436,473,336
2021,Birmingham 021,E02001847,4574,2625,2503,2117,544,1573,66,14,52,320,132,188,122,68,55,51,41,10,1,1,0,3,2,1,13,1881,1309,159,161,146,106
2021,Birmingham 022,E02001848,5374,2853,2537,2184,632,1552,54,19,35,299,143,156,316,173,123,106,76,30,1,1,0,16,16,0,50,2348,743,488,463,405,249
2021,Birmingham 023,E02001849,6491,3753,3398,2973,751,2222,63,22,41,362,166,196,355,186,164,147,85,62,8,1,7,9,8,1,22,2552,823,416,562,368,383
2021,Birmingham 024,E02001850,6631,3729,3420,2902,794,2108,100,40,60,418,192,226,309,208,162,153,118,35,1,1,0,8,7,1,46,2694,1167,547,499,226,255
2021,Birmingham 025,E02001851,7239,4194,3936,3392,845,2547,86,20,66,458,171,287,258,137,109,96,68,28,0,0,0,13,7,6,28,2908,1412,377,406,442,271
2021,Birmingham 026,E02001852,5592,3082,2769,2391,646,1745,63,13,50,315,137,178,313,173,129,115,78,37,2,1,1,12,11,1,44,2337,910,342,366,384,335
2021,Birmingham 029,E02001855,7736,4099,3666,3328,975,2353,46,9,37,292,107,185,433,139,103,100,68,32,0,0,0,3,1,2,36,3498,1401,432,555,746,364
2021,Birmingham 030,E02001856,7345,4161,3715,3119,892,2227,112,37,75,484,235,249,446,223,157,142,90,52,0,0,0,15,9,6,66,2961,834,567,616,405,539
2021,Birmingham 031,E02001857,11133,5937,5249,4473,1150,3323,103,37,66,673,305,368,688,363,279,262,169,93,2,2,0,15,10,5,84,4833,1294,784,819,1058,878
2021,Birmingham 032,E02001858,7380,3612,3200,2638,739,1899,116,35,81,446,220,226,412,616,475,459,155,304,0,0,0,16,16,0,141,3152,860,775,579,449,489
2021,Birmingham 033,E02001859,7668,3607,3164,2646,1047,1599,86,29,57,432,245,187,443,297,188,173,141,32,1,1,0,14,8,6,109,3764,773,800,1104,419,668
2021,Birmingham 034,E02001860,6339,3092,2711,2255,794,1461,91,40,51,365,184,181,381,227,147,134,98,36,6,6,0,7,7,0,80,3020,712,627,799,340,542
2021,Birmingham 035,E02001861,8296,3922,3377,2755,1010,1745,122,63,59,500,282,218,545,280,174,162,114,48,1,1,0,11,7,4,106,4094,760,978,1057,562,737
2021,Birmingham 036,E02001862,7511,3879,3377,2835,931,1904,124,45,79,418,220,198,502,263,135,130,88,42,1,1,0,4,4,0,128,3369,877,724,818,407,543
2021,Birmingham 037,E02001863,6173,2742,2277,1887,793,1094,83,35,48,307,165,142,465,249,148,139,104,35,2,1,1,7,7,0,101,3182,601,737,888,445,511
2021,Birmingham 039,E02001865,8596,4068,3397,2847,1072,1775,124,56,68,426,203,223,671,301,199,180,140,40,6,6,0,13,10,3,102,4227,842,1006,1111,459,809
2021,Birmingham 040,E02001866,7159,3271,2626,2084,859,1225,104,47,57,438,274,164,645,259,178,165,139,26,2,1,1,11,6,5,81,3629,597,781,948,581,722
2021,Birmingham 041,E02001867,6221,2758,2329,1977,825,1152,75,45,30,277,173,104,429,259,165,159,134,25,1,1,0,5,0,5,94,3204,579,794,891,397,543
2021,Birmingham 042,E02001868,7197,3697,3362,2644,894,1750,145,49,96,573,321,252,335,252,178,169,142,27,1,1,0,8,4,4,74,3248,988,778,868,278,336
2021,Birmingham 043,E02001869,4650,2156,1778,1481,667,814,49,28,21,248,156,92,378,203,117,111,81,30,0,0,0,6,5,1,86,2291,454,562,583,325,367
2021,Birmingham 044,E02001870,9175,4360,3878,3082,1201,1881,133,53,80,663,379,284,482,368,237,212,160,52,8,5,3,17,17,0,131,4447,991,1023,1324,473,636
2021,Birmingham 045,E02001871,6388,3361,3029,2632,715,1917,42,12,30,355,156,199,332,125,77,71,46,25,1,0,1,5,5,0,48,2902,1250,335,521,528,268
2021,Birmingham 046,E02001872,5637,3148,2874,2532,672,1860,56,20,36,286,111,175,274,84,48,46,37,9,0,0,0,2,2,0,36,2405,1038,300,437,400,230
2021,Birmingham 047,E02001873,8420,4058,3462,2887,1000,1887,139,48,91,436,244,192,596,371,233,214,151,63,3,3,0,16,13,3,138,3991,758,970,931,563,769
2021,Birmingham 048,E02001874,7028,3024,2579,2035,837,1198,86,36,50,458,264,194,445,262,171,157,134,23,1,1,0,13,8,5,91,3742,560,859,1214,459,650
2021,Birmingham 049,E02001875,6477,3406,2908,2501,809,1692,82,39,43,325,172,153,498,301,189,175,134,41,1,1,0,13,7,6,112,2770,440,747,754,326,503
2021,Birmingham 050,E02001876,13702,3414,2865,2462,752,1710,75,32,43,328,219,109,549,2502,1291,1197,1022,175,14,14,0,80,76,4,1211,7786,422,5866,735,329,434
2021,Birmingham 051,E02001877,8743,3498,2955,2368,1019,1349,118,56,62,469,287,182,543,330,221,199,159,40,6,3,3,16,14,2,109,4915,739,1194,1601,554,827
2021,Birmingham 052,E02001878,6811,3037,2570,2096,772,1324,75,28,47,399,219,180,467,318,226,208,154,54,3,3,0,15,11,4,92,3456,482,887,1136,413,538
2021,Birmingham 053,E02001879,7677,3497,3022,2476,785,1691,94,47,47,452,237,215,475,344,215,208,141,67,0,0,0,7,6,1,129,3836,767,824,886,493,866
2021,Birmingham 054,E02001880,7086,3795,3356,2861,905,1956,78,24,54,417,205,212,439,170,112,102,76,26,2,1,1,8,2,6,58,3121,794,586,787,542,412
2021,Birmingham 055,E02001881,7332,3258,2859,2219,862,1357,111,49,62,529,319,210,399,272,158,138,120,18,0,0,0,20,14,6,114,3802,629,884,1179,531,579
2021,Birmingham 056,E02001882,6675,3316,3001,2482,777,1705,94,29,65,425,210,215,315,199,152,131,107,24,1,0,1,20,15,5,47,3160,1053,528,746,425,408
2021,Birmingham 057,E02001883,6391,3485,3084,2723,766,1957,44,13,31,317,119,198,401,109,69,65,49,16,0,0,0,4,3,1,40,2797,1048,350,565,534,300
2021,Birmingham 058,E02001884,6911,3002,2588,2065,917,1148,81,49,32,442,275,167,414,273,176,157,129,28,5,4,1,14,14,0,97,3636,460,928,1238,375,635
2021,Birmingham 060,E02001886,8067,4522,4124,3470,857,2613,139,43,96,515,246,269,398,323,221,186,117,69,2,1,1,33,24,9,102,3222,990,718,553,447,514
2021,Birmingham 062,E02001888,5315,2744,2466,2170,590,1580,46,16,30,250,107,143,278,136,85,78,59,19,0,0,0,7,7,0,51,2435,904,429,485,369,248
2021,Birmingham 063,E02001889,6471,2811,2426,1931,831,1100,89,42,47,406,251,155,385,250,186,172,139,33,8,8,0,6,6,0,64,3410,597,806,1056,498,453
2021,Birmingham 064,E02001890,8503,4703,4277,3444,705,2739,203,45,158,630,316,314,426,488,349,303,199,104,8,5,3,38,27,11,139,3312,1192,957,428,310,425
2021,Birmingham 066,E02001892,7981,3845,3405,2792,1054,1738,112,55,57,501,294,207,440,254,174,159,125,34,3,1,2,12,10,2,80,3882,769,921,1135,475,582
2021,Birmingham 067,E02001893,6878,3621,3329,2794,811,1983,96,28,68,439,203,236,292,180,128,113,93,20,3,3,0,12,11,1,52,3077,1350,489,578,372,288
2021,Birmingham 069,E02001895,6912,3659,3314,2926,829,2097,51,11,40,337,130,207,345,166,115,105,73,32,1,0,1,9,6,3,51,3087,1287,446,499,556,299
2021,Birmingham 070,E02001896,7208,2982,2582,2053,942,1111,120,54,66,409,262,147,400,258,181,164,133,31,3,3,0,14,10,4,77,3968,659,899,1296,422,692
2021,Birmingham 071,E02001897,6264,2561,2132,1785,767,1018,65,34,31,282,155,127,429,193,113,97,80,17,4,4,0,12,9,3,80,3510,594,911,923,508,574
2021,Birmingham 072,E02001898,5328,3113,2950,2580,694,1886,56,18,38,314,130,184,163,117,81,76,67,9,0,0,0,5,4,1,36,2098,1268,237,278,148,167
2021,Birmingham 073,E02001899,6947,3986,3815,3039,676,2363,245,58,187,531,247,284,171,116,93,83,55,28,2,1,1,8,5,3,23,2845,1869,349,244,177,206
2021,Birmingham 074,E02001900,5391,2603,2275,1819,508,1311,136,46,90,320,170,150,328,301,187,163,122,41,1,0,1,23,23,0,114,2487,843,602,414,343,285
2021,Birmingham 075,E02001901,6804,4423,4253,3631,634,2997,125,27,98,497,229,268,170,207,170,151,102,49,3,2,1,16,14,2,37,2174,1111,492,222,170,179
2021,Birmingham 076,E02001902,4890,2974,2775,2383,647,1736,53,9,44,339,155,184,199,118,84,77,59,18,1,0,1,6,3,3,34,1798,897,245,277,209,170
2021,Birmingham 077,E02001903,5843,2427,2025,1638,717,921,73,32,41,314,183,131,402,208,132,118,91,27,4,3,1,10,8,2,76,3208,527,725,1009,434,513
2021,Birmingham 078,E02001904,5618,2920,2569,2096,721,1375,87,40,47,386,205,181,351,159,108,92,77,15,0,0,0,16,16,0,51,2539,718,444,638,350,389
2021,Birmingham 079,E02001905,9187,2945,2794,2265,441,1824,160,39,121,369,183,186,151,856,494,442,373,69,1,0,1,51,47,4,362,5386,963,3850,258,131,184
2021,Birmingham 080,E02001906,7667,4555,4244,3639,937,2702,84,24,60,521,227,294,311,164,108,93,71,22,1,1,0,14,6,8,56,2948,1527,463,423,262,273
2021,Birmingham 081,E02001907,8452,5113,4777,4186,1092,3094,68,17,51,523,199,324,336,172,110,100,71,29,1,1,0,9,5,4,62,3167,1760,381,403,323,300
2021,Birmingham 082,E02001908,6526,2754,2410,1959,823,1136,86,42,44,365,202,163,344,235,153,145,104,41,0,0,0,8,8,0,82,3537,536,819,1183,427,572
2021,Birmingham 083,E02001909,6015,2573,2206,1821,708,1113,65,30,35,320,205,115,367,151,115,109,80,29,1,1,0,5,4,1,36,3291,545,788,951,472,535
2021,Birmingham 084,E02001910,5429,2324,1979,1635,628,1007,57,25,32,287,151,136,345,161,110,102,90,12,1,1,0,7,7,0,51,2944,598,635,809,409,493
2021,Birmingham 085,E02001911,6384,3201,2825,2436,706,1730,70,26,44,319,141,178,376,192,119,104,74,30,1,1,0,14,8,6,73,2991,1030,546,596,465,354
2021,Birmingham 087,E02001913,6278,2790,2519,2155,488,1667,77,26,51,287,122,165,271,445,320,291,219,72,4,3,1,25,23,2,125,3043,1002,1115,299,332,295
2021,Birmingham 088,E02001914,5579,2943,2703,2155,536,1619,146,53,93,402,219,183,240,158,108,95,71,24,2,0,2,11,9,2,50,2478,725,522,511,348,372
2021,Birmingham 089,E02001915,9530,5492,5037,4274,1130,3144,91,25,66,672,302,370,455,194,148,141,107,34,1,0,1,6,5,1,46,3844,1578,532,643,600,491
2021,Birmingham 090,E02001916,7269,3740,3334,2707,881,1826,103,41,62,524,251,273,406,227,149,138,108,30,0,0,0,11,7,4,78,3302,884,692,839,395,492
2021,Birmingham 092,E02001918,7252,4188,3845,3160,716,2444,124,39,85,561,284,277,343,157,117,106,74,32,1,1,0,10,6,4,40,2907,1140,447,384,585,351
2021,Birmingham 093,E02001919,5720,3086,2831,2254,614,1640,134,43,91,443,238,205,255,133,107,99,82,17,0,0,0,8,8,0,26,2501,904,438,524,297,338
2021,Birmingham 094,E02001920,5933,3094,2794,2439,682,1757,50,12,38,305,124,181,300,118,69,68,52,16,1,1,0,0,0,0,49,2721,1137,427,406,459,292
2021,Birmingham 095,E02001921,6024,3337,3075,2650,685,1965,59,12,47,366,158,208,262,181,139,119,78,41,4,4,0,16,6,10,42,2506,1065,441,413,343,244
2021,Birmingham 096,E02001922,15230,1685,1474,1289,319,970,27,3,24,158,77,81,211,2691,1797,1557,1368,189,11,10,1,229,219,10,894,10854,324,9756,251,261,262
2021,Birmingham 097,E02001923,8518,4138,3771,2967,959,2008,145,57,88,659,331,328,367,242,179,162,124,38,2,0,2,15,10,5,63,4138,1326,836,999,497,480
2021,Birmingham 098,E02001924,5442,3017,2795,2329,714,1615,88,38,50,378,163,215,222,148,114,110,90,20,3,3,0,1,1,0,34,2277,875,439,450,284,229
2021,Birmingham 099,E02001925,5493,2796,2617,2243,549,1694,46,17,29,328,168,160,179,205,155,138,113,25,2,1,1,15,15,0,50,2492,1239,623,236,211,183
2021,Birmingham 100,E02001926,6547,3395,3166,2640,648,1992,83,24,59,443,209,234,229,348,242,215,169,46,0,0,0,27,24,3,106,2804,1053,834,282,374,261
2021,Birmingham 101,E02001927,5819,3237,2889,2526,738,1788,53,16,37,310,120,190,348,161,107,94,72,22,6,0,6,7,4,3,54,2421,1027,365,415,391,223
2021,Birmingham 102,E02001928,5380,2846,2558,2225,645,1580,45,24,21,288,101,187,288,120,92,88,72,16,1,1,0,3,1,2,28,2414,1227,262,295,413,217
2021,Birmingham 103,E02001929,7518,4213,3794,3261,1050,2211,77,33,44,456,226,230,419,188,132,120,93,27,6,5,1,6,6,0,56,3117,876,549,787,540,365
2021,Birmingham 104,E02001930,6232,3901,3684,3049,707,2342,83,23,60,552,305,247,217,131,89,86,64,22,0,0,0,3,3,0,42,2200,1100,332,317,212,239
2021,Birmingham 105,E02001931,6832,3753,3501,2879,802,2077,133,45,88,489,215,274,252,127,103,94,76,18,1,0,1,8,7,1,24,2952,1472,476,508,238,258
2021,Birmingham 106,E02001932,5567,3002,2703,2407,651,1756,45,13,32,251,98,153,299,160,106,98,78,20,2,2,0,6,6,0,54,2405,907,443,389,477,189
2021,Birmingham 107,E02001933,6067,3563,3306,2769,768,2001,56,16,40,481,232,249,257,126,90,83,65,18,0,0,0,7,6,1,36,2378,1049,407,355,347,220
2021,Birmingham 108,E02001934,5554,3113,2949,2419,741,1678,94,33,61,436,191,245,164,156,99,91,78,13,2,1,1,6,6,0,57,2285,1034,443,424,151,233
2021,Birmingham 109,E02001935,6346,3512,3269,2867,800,2067,68,16,52,334,136,198,243,93,61,58,45,13,0,0,0,3,3,0,32,2741,1571,397,320,256,197
2021,Birmingham 110,E02001936,5119,2875,2716,2295,585,1710,80,19,61,341,160,181,159,81,64,57,46,11,1,1,0,6,6,0,17,2163,1353,301,212,154,143
2021,Birmingham 111,E02001937,6352,3364,3054,2573,790,1783,73,18,55,408,179,229,310,122,98,92,75,17,2,0,2,4,3,1,24,2866,1036,471,587,440,332
2021,Birmingham 112,E02001938,6451,4257,4030,3535,803,2732,55,10,45,440,199,241,227,130,95,87,44,43,0,0,0,8,8,0,35,2064,1064,341,238,238,183
2021,Birmingham 113,E02001939,5199,2475,2278,2045,526,1519,40,10,30,193,85,108,197,92,65,63,43,20,1,1,0,1,1,0,27,2632,1583,247,265,351,186
2021,Birmingham 115,E02001941,4886,2607,2344,1964,555,1409,61,18,43,319,132,187,263,88,59,53,41,12,0,0,0,6,2,4,29,2191,884,333,433,338,203
2021,Birmingham 116,E02001942,5447,3162,2953,2604,639,1965,43,11,32,306,147,159,209,130,97,90,67,23,0,0,0,7,4,3,33,2155,1186,290,259,248,172
2021,Birmingham 117,E02001943,5128,2998,2805,2371,668,1703,58,19,39,376,165,211,193,75,53,52,40,12,0,0,0,1,1,0,22,2055,952,285,310,311,197
2021,Birmingham 118,E02001944,6479,3902,3692,3217,747,2470,80,21,59,395,174,221,210,91,61,59,45,14,0,0,0,2,2,0,30,2486,1172,374,343,373,224
2021,Birmingham 119,E02001945,5907,3347,3029,2667,811,1856,59,9,50,303,111,192,318,140,90,85,64,21,0,0,0,5,5,0,50,2420,848,388,488,413,283
2021,Birmingham 120,E02001946,6218,3603,3424,2961,734,2227,68,15,53,395,188,207,179,105,70,64,48,16,0,0,0,6,5,1,35,2510,1541,313,234,246,176
2021,Birmingham 121,E02001947,4657,2238,1927,1679,543,1136,34,14,20,214,91,123,311,109,75,69,42,27,5,4,1,1,1,0,34,2310,846,274,509,430,251
2021,Birmingham 122,E02001948,5908,3609,3408,2944,795,2149,57,14,43,407,146,261,201,91,71,71,57,14,0,0,0,0,0,0,20,2208,1212,235,278,267,216
2021,Birmingham 123,E02001949,4736,2880,2664,2357,652,1705,30,7,23,277,117,160,216,67,50,46,32,14,1,1,0,3,3,0,17,1789,860,222,260,257,190
2021,Birmingham 124,E02001950,6966,4144,3934,3467,837,2630,64,21,43,403,125,278,210,122,85,78,60,18,1,0,1,6,6,0,37,2700,1581,326,330,284,179
2021,Birmingham 125,E02001951,7122,3686,3298,2971,845,2126,26,4,22,301,136,165,388,163,116,109,79,30,0,0,0,7,6,1,47,3273,1257,440,562,671,343
2021,Birmingham 126,E02001952,6955,3642,3239,2846,871,1975,46,13,33,347,118,229,403,150,103,97,71,26,1,1,0,5,5,0,47,3163,1191,466,523,646,337
2021,Birmingham 127,E02001953,5787,3212,3018,2598,661,1937,69,20,49,351,148,203,194,103,67,64,50,14,0,0,0,3,3,0,36,2472,1536,298,257,240,141
2021,Birmingham 128,E02001954,5692,2881,2579,2241,676,1565,46,16,30,292,125,167,302,103,72,64,44,20,0,0,0,8,7,1,31,2708,1081,370,469,514,274
2021,Birmingham 129,E02001955,6329,3816,3551,3115,730,2385,62,19,43,374,132,242,265,111,76,69,48,21,0,0,0,7,4,3,35,2402,1223,291,350,348,190
2021,Birmingham 130,E02001956,5404,3341,3145,2762,685,2077,51,6,45,332,119,213,196,105,69,67,55,12,0,0,0,2,0,2,36,1958,1034,214,250,275,185
2021,Birmingham 131,E02001957,6337,3810,3623,3191,783,2408,41,12,29,391,163,228,187,133,103,100,69,31,0,0,0,3,0,3,30,2394,1436,282,293,193,190
2021,Coventry 001,E02001958,6427,3918,3701,3255,771,2484,64,13,51,382,155,227,217,172,123,121,86,35,0,0,0,2,2,0,49,2337,1074,319,334,376,234
2021,Coventry 002,E02001959,5463,3308,3106,2707,630,2077,77,24,53,322,131,191,202,137,97,86,58,28,2,1,1,9,4,5,40,2018,1118,263,275,182,180
2021,Coventry 004,E02001961,6091,3391,3102,2743,747,1996,47,14,33,312,120,192,289,191,148,146,86,60,0,0,0,2,2,0,43,2509,962,321,456,498,272
2021,Coventry 005,E02001962,5404,3248,3005,2626,646,1980,78,17,61,301,110,191,243,194,151,139,95,44,2,0,2,10,5,5,43,1962,625,358,433,272,274
2021,Coventry 006,E02001963,5047,2928,2800,2440,599,1841,50,9,41,310,134,176,128,144,110,106,62,44,0,0,0,4,0,4,34,1975,1171,182,217,267,138
2021,Coventry 007,E02001964,7821,4439,4109,3652,947,2705,88,24,64,369,146,223,330,305,224,210,149,61,1,1,0,13,6,7,81,3077,927,485,619,628,418
2021,Coventry 008,E02001965,6544,3898,3736,3301,803,2498,64,13,51,371,133,238,162,140,107,101,77,24,0,0,0,6,5,1,33,2506,1506,254,258,283,205
2021,Coventry 009,E02001966,5416,2846,2587,2107,577,1530,69,28,41,411,188,223,259,225,174,151,85,66,1,0,1,22,22,0,51,2345,471,563,648,352,311
2021,Coventry 010,E02001967,5759,3276,3161,2647,639,2008,105,21,84,409,156,253,115,96,66,64,54,10,2,1,1,0,0,0,30,2387,1744,216,162,167,98
2021,Coventry 011,E02001968,6009,3689,3458,2956,766,2190,87,26,61,415,181,234,231,169,118,111,81,30,0,0,0,7,7,0,51,2151,828,389,403,284,247
2021,Coventry 012,E02001969,5316,2992,2804,2420,621,1799,57,20,37,327,126,201,188,165,151,137,80,57,1,0,1,13,1,12,14,2159,944,282,338,367,228
2021,Coventry 013,E02001970,4695,2710,2560,2265,529,1736,44,11,33,251,85,166,150,87,66,64,42,22,1,1,0,1,1,0,21,1898,1217,178,179,183,141
2021,Coventry 014,E02001971,4925,3071,2947,2550,608,1942,43,9,34,354,161,193,124,103,77,75,59,16,0,0,0,2,1,1,26,1751,1038,246,175,172,120
2021,Coventry 015,E02001972,8506,4544,4037,3406,967,2439,119,40,79,512,241,271,507,432,322,291,184,107,12,4,8,19,14,5,110,3530,692,772,1007,544,515
2021,Coventry 016,E02001973,6633,3847,3520,3036,767,2269,76,19,57,408,157,251,327,287,232,217,110,107,11,1,10,4,4,0,55,2499,902,387,403,509,298
2021,Coventry 017,E02001974,7697,4868,4664,4034,868,3166,87,20,67,543,204,339,204,171,133,129,90,39,2,2,0,2,0,2,38,2658,1713,357,231,181,176
2021,Coventry 018,E02001975,5996,3883,3715,3251,783,2468,67,15,52,397,166,231,168,175,127,125,94,31,2,0,2,0,0,0,48,1938,1052,282,244,181,179
2021,Coventry 019,E02001976,5960,3411,3235,2860,649,2211,67,15,52,308,111,197,176,145,111,105,79,26,0,0,0,6,3,3,34,2404,1318,261,259,311,255
2021,Coventry 020,E02001977,8169,4312,3875,3374,784,2590,84,22,62,417,181,236,437,516,349,323,235,88,6,6,0,20,13,7,167,3341,829,896,559,545,512
2021,Coventry 021,E02001978,5326,3285,3119,2700,649,2051,54,19,35,365,138,227,166,146,104,99,75,24,0,0,0,5,5,0,42,1895,898,273,274,218,232
2021,Coventry 022,E02001979,4633,2796,2686,2342,554,1788,39,7,32,305,129,176,110,80,66,63,48,15,0,0,0,3,2,1,14,1757,1243,186,106,141,81
2021,Coventry 023,E02001980,4926,2670,2593,2256,511,1745,52,11,41,285,104,181,77,74,48,42,36,6,0,0,0,6,5,1,26,2182,1761,143,127,83,68
2021,Coventry 024,E02001981,10420,4083,3547,3053,946,2107,98,32,66,396,200,196,536,1286,745,690,543,147,4,4,0,51,43,8,541,5051,577,2296,1025,519,634
2021,Coventry 025,E02001982,6818,4270,4117,3621,733,2888,75,13,62,421,158,263,153,133,99,94,69,25,1,0,1,4,3,1,34,2415,1493,313,239,239,131
2021,Coventry 026,E02001983,6249,3794,3601,3142,684,2458,48,9,39,411,174,237,193,151,105,93,68,25,1,1,0,11,8,3,46,2304,1295,360,205,275,169
2021,Coventry 027,E02001984,8287,5110,4825,4214,986,3228,78,17,61,533,206,327,285,332,246,231,176,55,1,0,1,14,10,4,86,2845,1332,528,362,268,355
2021,Coventry 028,E02001985,8218,2707,2351,2114,478,1636,41,18,23,196,74,122,356,1414,943,886,720,166,7,7,0,50,41,9,471,4097,358,2912,318,243,266
2021,Coventry 029,E02001986,6363,3611,3329,2964,710,2254,42,7,35,323,107,216,282,136,101,92,66,26,2,0,2,7,7,0,35,2616,1174,308,348,538,248
2021,Coventry 030,E02001987,5207,2679,2520,2188,413,1775,36,11,25,296,124,172,159,400,330,303,226,77,2,1,1,25,21,4,70,2128,767,917,147,159,138
2021,Coventry 031,E02001988,10343,2741,2487,2211,444,1767,46,13,33,230,108,122,254,1881,1043,952,775,177,19,13,6,72,67,5,838,5721,656,4138,239,424,264
2021,Coventry 032,E02001989,5037,2972,2834,2505,548,1957,46,11,35,283,106,177,138,188,127,115,100,15,0,0,0,12,12,0,61,1877,898,491,230,133,125
2021,Coventry 033,E02001990,7541,4574,4401,3826,835,2991,101,21,80,474,192,282,173,142,111,108,86,22,0,0,0,3,1,2,31,2825,1992,278,224,193,138
2021,Coventry 034,E02001991,7276,3904,3774,3165,697,2468,120,21,99,489,248,241,130,211,156,133,109,24,1,1,0,22,18,4,55,3161,1986,684,192,154,145
2021,Coventry 035,E02001992,8115,4657,4327,3787,939,2848,98,20,78,442,176,266,330,254,189,181,137,44,0,0,0,8,8,0,65,3204,1315,542,525,528,294
2021,Coventry 036,E02001993,7397,3388,3141,2693,711,1982,95,21,74,353,152,201,247,446,306,253,215,38,14,13,1,39,34,5,140,3563,1092,1591,324,338,218
2021,Coventry 037,E02001994,6449,3791,3579,3076,677,2399,94,30,64,409,159,250,212,162,130,107,82,25,4,2,2,19,15,4,32,2496,1380,419,300,220,177
2021,Coventry 038,E02001995,7610,4653,4359,3884,753,3131,66,17,49,409,156,253,294,353,242,226,150,76,2,0,2,14,9,5,111,2604,1148,571,395,255,235
2021,Coventry 039,E02001996,5744,3192,2892,2600,651,1949,54,6,48,238,88,150,300,179,132,122,86,36,4,3,1,6,5,1,47,2373,788,344,406,562,273
2021,Coventry 040,E02001997,7015,4026,3854,3295,804,2491,111,20,91,448,162,286,172,125,91,88,74,14,1,1,0,2,1,1,34,2864,2026,325,200,174,139
2021,Coventry 041,E02001998,4896,2839,2750,2334,548,1786,66,15,51,350,155,195,89,88,60,54,45,9,2,2,0,4,4,0,28,1969,1319,291,158,100,101
2021,Coventry 042,E02001999,8240,2317,2227,1815,478,1337,112,30,82,300,153,147,90,695,443,358,315,43,5,5,0,80,77,3,252,5228,1195,3624,158,122,129
2021,Dudley 001,E02002000,6808,3841,3560,3067,884,2183,68,17,51,425,159,266,281,139,88,86,68,18,0,0,0,2,1,1,51,2828,1439,285,475,390,239
2021,Dudley 002,E02002001,5016,3007,2856,2430,633,1797,48,4,44,378,155,223,151,73,59,58,43,15,0,0,0,1,1,0,14,1936,1129,188,219,244,156
2021,Dudley 003,E02002002,5948,3024,2908,2507,661,1846,74,17,57,327,127,200,116,68,52,50,42,8,1,0,1,1,0,1,16,2856,2285,192,174,126,79
2021,Dudley 004,E02002003,7435,4257,4044,3493,969,2524,74,22,52,477,162,315,213,90,58,51,39,12,0,0,0,7,4,3,32,3088,1908,245,350,363,222
2021,Dudley 005,E02002004,6037,3467,3236,2792,809,1983,73,12,61,371,109,262,231,88,58,55,35,20,0,0,0,3,2,1,30,2482,1274,249,350,397,212
2021,Dudley 006,E02002005,7277,4072,3721,3227,934,2293,64,23,41,430,142,288,351,162,117,102,72,30,1,1,0,14,14,0,45,3043,1159,444,640,501,299
2021,Dudley 007,E02002006,5190,3030,2838,2443,663,1780,49,13,36,346,131,215,192,82,61,60,48,12,0,0,0,1,1,0,21,2078,1059,193,296,330,200
2021,Dudley 008,E02002007,7511,4221,4060,3518,1010,2508,90,15,75,452,149,303,161,96,63,57,47,10,0,0,0,6,6,0,33,3194,2235,237,271,289,162
2021,Dudley 009,E02002008,6735,4457,4286,3764,947,2817,90,20,70,432,158,274,171,124,90,89,77,12,0,0,0,1,1,0,34,2154,1320,274,218,174,168
2021,Dudley 010,E02002009,5305,2878,2588,2210,672,1538,72,32,40,306,139,167,290,112,86,80,60,20,1,0,1,5,4,1,26,2315,735,396,511,400,273
2021,Dudley 011,E02002010,6581,3652,3270,2813,731,2082,72,16,56,385,159,226,382,155,112,105,64,41,0,0,0,7,4,3,43,2774,1069,373,486,405,441
2021,Dudley 012,E02002011,4980,2825,2718,2346,634,1712,66,12,54,306,126,180,107,83,59,56,39,17,0,0,0,3,0,3,24,2072,1579,157,137,107,92
2021,Dudley 013,E02002012,6720,3572,3265,2868,800,2068,51,18,33,346,112,234,307,175,135,133,93,40,0,0,0,2,1,1,40,2973,1407,279,474,561,252
2021,Dudley 014,E02002013,5632,2951,2839,2403,673,1730,82,20,62,354,157,197,112,69,46,44,36,8,0,0,0,2,1,1,23,2612,1943,245,163,173,88
2021,Dudley 015,E02002014,6312,3536,3265,2732,752,1980,89,34,55,444,196,248,271,152,108,97,72,25,0,0,0,11,7,4,44,2624,862,425,624,352,361
2021,Dudley 016,E02002015,5708,3537,3389,2929,745,2184,66,19,47,394,137,257,148,66,42,40,33,7,1,0,1,1,0,1,24,2105,1289,208,287,199,122
2021,Dudley 017,E02002016,6198,3424,3133,2739,846,1893,55,15,40,339,124,215,291,102,67,67,53,14,0,0,0,0,0,0,35,2672,1183,278,497,482,232
2021,Dudley 018,E02002017,6442,3567,3301,2869,757,2112,66,21,45,366,157,209,266,113,84,82,67,15,0,0,0,2,1,1,29,2762,1363,273,497,372,257
2021,Dudley 019,E02002018,7496,4077,3924,3385,951,2434,94,21,73,445,180,265,153,138,97,94,87,7,0,0,0,3,1,2,41,3281,2466,266,227,168,154
2021,Dudley 020,E02002019,6054,3393,3148,2727,781,1946,61,18,43,360,138,222,245,112,78,77,55,22,0,0,0,1,1,0,34,2549,1211,287,459,368,224
2021,Dudley 021,E02002020,7970,4685,4515,3888,973,2915,73,13,60,554,226,328,170,110,85,78,66,12,1,1,0,6,5,1,25,3175,2280,266,234,232,163
2021,Dudley 022,E02002021,6238,3621,3209,2789,734,2055,62,17,45,358,118,240,412,125,84,82,60,22,1,1,0,1,1,0,41,2492,1051,246,458,443,294
2021,Dudley 023,E02002022,6937,4404,4136,3646,980,2666,53,6,47,437,161,276,268,108,69,68,49,19,1,1,0,0,0,0,39,2425,1214,276,396,342,197
2021,Dudley 024,E02002023,4484,2629,2529,2204,597,1607,32,6,26,293,103,190,100,73,54,52,37,15,0,0,0,2,1,1,19,1782,1227,142,168,161,84
2021,Dudley 025,E02002024,7057,4265,4055,3443,922,2521,74,20,54,538,207,331,210,111,74,70,57,13,1,0,1,3,2,1,37,2681,1522,263,363,345,188
2021,Dudley 026,E02002025,7055,4231,4005,3439,843,2596,73,22,51,493,195,298,226,151,113,102,78,24,2,1,1,9,9,0,38,2673,1351,338,413,335,236
2021,Dudley 027,E02002026,5669,3364,3229,2820,776,2044,56,11,45,353,144,209,135,77,43,43,37,6,0,0,0,0,0,0,34,2228,1540,200,212,166,110
2021,Dudley 028,E02002027,4574,2953,2862,2484,675,1809,53,13,40,325,153,172,91,86,64,61,55,6,1,1,0,2,2,0,22,1535,1132,143,125,67,68
2021,Dudley 029,E02002028,4842,2737,2613,2182,595,1587,54,6,48,377,144,233,124,64,42,40,34,6,0,0,0,2,2,0,22,2041,1512,117,155,172,85
2021,Dudley 030,E02002029,5115,2895,2765,2360,590,1770,65,9,56,340,146,194,130,78,57,53,44,9,0,0,0,4,4,0,21,2142,1459,214,174,131,164
2021,Dudley 031,E02002030,5501,3200,3010,2587,717,1870,51,11,40,372,186,186,190,78,60,59,52,7,0,0,0,1,0,1,18,2223,1237,274,280,285,147
2021,Dudley 032,E02002031,5108,2941,2776,2323,604,1719,74,21,53,379,184,195,165,96,73,71,54,17,1,1,0,1,1,0,23,2071,1073,242,351,214,191
2021,Dudley 033,E02002032,8106,4763,4496,3905,997,2908,91,20,71,500,169,331,267,146,110,100,86,14,1,0,1,9,7,2,36,3197,1601,378,527,452,239
2021,Dudley 034,E02002033,6369,3728,3569,3122,782,2340,65,9,56,382,162,220,159,96,69,69,63,6,0,0,0,0,0,0,27,2545,1718,265,227,182,153
2021,Dudley 035,E02002034,6812,4093,3866,3232,860,2372,75,21,54,559,257,302,227,90,62,61,49,12,0,0,0,1,0,1,28,2629,1559,285,278,315,192
2021,Dudley 036,E02002035,5077,2801,2714,2304,647,1657,84,22,62,326,137,189,87,52,31,31,26,5,0,0,0,0,0,0,21,2224,1624,208,167,118,107
2021,Dudley 037,E02002036,5312,2881,2588,2107,579,1528,53,15,38,428,179,249,293,68,50,46,32,14,2,2,0,2,2,0,18,2363,1074,302,426,353,208
2021,Dudley 038,E02002037,4902,2780,2625,2232,631,1601,45,12,33,348,157,191,155,84,35,31,23,8,1,1,0,3,2,1,49,2038,1379,177,171,208,103
2021,Dudley 039,E02002038,7942,4471,4206,3672,1010,2662,71,16,55,463,187,276,265,140,102,100,83,17,1,1,0,1,1,0,38,3331,2027,346,336,405,217
2021,Dudley 040,E02002039,5135,2887,2758,2259,528,1731,106,29,77,393,180,213,129,90,58,52,43,9,0,0,0,6,5,1,32,2158,1480,238,188,166,86
2021,Dudley 041,E02002040,5030,2628,2561,2107,592,1515,98,19,79,356,152,204,67,61,41,39,30,9,1,0,1,1,0,1,20,2341,1838,166,186,91,60
2021,Dudley 042,E02002041,5206,2597,2487,2062,577,1485,84,18,66,341,147,194,110,70,48,46,40,6,0,0,0,2,1,1,22,2539,1817,214,253,141,114
2021,Dudley 043,E02002042,6645,3793,3644,3123,822,2301,77,16,61,444,180,264,149,108,84,79,70,9,1,1,0,4,3,1,24,2744,2035,242,197,140,130
2021,Sandwell 001,E02002043,6805,3814,3550,3106,874,2232,66,24,42,378,124,254,264,164,87,83,66,17,0,0,0,4,4,0,77,2827,1202,354,495,555,221
2021,Sandwell 002,E02002044,6185,3740,3472,3040,809,2231,68,19,49,364,123,241,268,135,101,95,77,18,2,2,0,4,0,4,34,2310,931,402,433,336,208
2021,Sandwell 003,E02002045,6128,3527,3311,2949,788,2161,53,9,44,309,109,200,216,88,63,59,45,14,0,0,0,4,4,0,25,2513,1260,323,382,366,182
2021,Sandwell 004,E02002046,4152,2192,1965,1746,570,1176,37,8,29,182,50,132,227,70,47,45,29,16,1,0,1,1,1,0,23,1890,672,221,437,350,210
2021,Sandwell 005,E02002047,6152,3018,2739,2411,699,1712,56,12,44,272,102,170,279,77,56,53,38,15,1,0,1,2,2,0,21,3057,1485,313,440,434,385
2021,Sandwell 006,E02002048,5716,3298,3150,2695,661,2034,100,21,79,355,144,211,148,96,79,78,61,17,0,0,0,1,0,1,17,2322,1491,265,235,177,154
2021,Sandwell 007,E02002049,4976,2964,2712,2417,636,1781,39,7,32,256,94,162,252,82,59,54,48,6,0,0,0,5,5,0,23,1930,946,216,334,250,184
2021,Sandwell 009,E02002051,4504,2425,2175,1946,545,1401,34,8,26,195,70,125,250,107,69,66,44,22,2,2,0,1,0,1,38,1972,712,234,439,356,231
2021,Sandwell 010,E02002052,8803,4910,4488,3949,1141,2808,104,26,78,435,140,295,422,206,143,136,101,35,0,0,0,7,4,3,63,3687,1481,557,622,620,407
2021,Sandwell 011,E02002053,5067,2861,2686,2324,613,1711,56,13,43,306,132,174,175,125,95,87,68,19,0,0,0,8,4,4,30,2081,1133,329,266,184,169
2021,Sandwell 012,E02002054,4732,2647,2496,2188,532,1656,51,13,38,257,96,161,151,97,66,66,50,16,0,0,0,0,0,0,31,1988,1087,321,244,160,176
2021,Sandwell 013,E02002055,8635,4816,4459,3847,1046,2801,138,50,88,474,165,309,357,205,159,150,114,36,2,0,2,7,7,0,46,3614,1366,560,700,560,428
2021,Sandwell 014,E02002056,7463,4173,3774,3380,950,2430,71,29,42,323,115,208,399,192,109,101,78,23,1,0,1,7,4,3,83,3098,1136,355,658,586,363
2021,Sandwell 015,E02002057,8406,4641,4171,3603,984,2619,94,28,66,474,182,292,470,190,126,120,91,29,2,1,1,4,4,0,64,3575,1439,506,628,618,384
2021,Sandwell 016,E02002058,10589,6381,5911,5203,1299,3904,152,45,107,556,218,338,470,255,189,168,117,51,2,1,1,19,14,5,66,3953,1439,696,785,555,478
2021,Sandwell 017,E02002059,9410,5097,4651,4037,1085,2952,129,35,94,485,199,286,446,199,117,111,89,22,3,2,1,3,3,0,82,4114,1636,627,770,617,464
2021,Sandwell 018,E02002060,5487,2837,2538,2193,638,1555,80,25,55,265,108,157,299,167,99,93,62,31,1,0,1,5,5,0,68,2483,820,380,577,396,310
2021,Sandwell 019,E02002061,5477,2678,2427,2081,669,1412,82,35,47,264,119,145,251,180,96,92,64,28,1,0,1,3,1,2,84,2619,782,502,539,341,455
2021,Sandwell 020,E02002062,7050,3660,3211,2812,832,1980,98,33,65,301,132,169,449,190,146,135,110,25,2,1,1,9,3,6,44,3200,1027,533,628,475,537
2021,Sandwell 021,E02002063,7944,4819,4490,3899,958,2941,100,27,73,491,199,292,329,213,142,133,104,29,0,0,0,9,6,3,71,2912,1092,435,617,405,363
2021,Sandwell 022,E02002064,9662,5911,5506,4901,1264,3637,102,22,80,503,161,342,405,197,137,135,112,23,1,1,0,1,1,0,60,3554,1639,536,583,446,350
2021,Sandwell 023,E02002065,10566,5344,4789,4064,1343,2721,167,51,116,558,262,296,555,471,332,301,237,64,5,5,0,26,17,9,139,4751,1124,1041,1280,552,754
2021,Sandwell 024,E02002066,6257,3208,2870,2389,691,1698,77,24,53,404,160,244,338,201,140,139,86,53,0,0,0,1,1,0,61,2848,872,467,655,383,471
2021,Sandwell 025,E02002067,5021,2866,2710,2378,617,1761,50,11,39,282,95,187,156,69,49,47,39,8,0,0,0,2,1,1,20,2086,1190,247,271,203,175
2021,Sandwell 027,E02002069,5676,3046,2786,2465,593,1872,62,13,49,259,91,168,260,229,178,170,74,96,1,1,0,7,0,7,51,2401,1112,243,353,441,252
2021,Sandwell 028,E02002070,7720,3805,3427,2932,917,2015,98,28,70,397,185,212,378,293,202,190,146,44,1,1,0,11,7,4,91,3622,1118,663,851,477,513
2021,Sandwell 029,E02002071,5256,2893,2673,2349,641,1708,59,14,45,265,101,164,220,76,40,37,26,11,2,1,1,1,0,1,36,2287,1149,262,353,336,187
2021,Sandwell 030,E02002072,7158,4241,3905,3395,857,2538,85,22,63,425,172,253,336,157,111,104,70,34,1,1,0,6,5,1,46,2760,1307,383,368,391,311
2021,Sandwell 031,E02002073,6376,3392,3113,2708,801,1907,60,20,40,345,133,212,279,187,138,125,100,25,1,0,1,12,7,5,49,2797,1127,403,567,445,255
2021,Sandwell 032,E02002074,6515,3679,3424,2966,768,2198,89,30,59,369,141,228,255,132,97,95,72,23,1,0,1,1,1,0,35,2704,1284,379,417,395,229
2021,Sandwell 033,E02002075,7082,4026,3732,3271,829,2442,75,20,55,386,145,241,294,128,102,95,56,39,2,1,1,5,5,0,26,2928,1467,359,418,438,246
2021,Sandwell 034,E02002076,8496,5580,5164,4413,1035,3378,113,28,85,638,280,358,416,201,137,120,81,39,4,4,0,13,5,8,64,2715,1262,421,446,246,340
2021,Sandwell 035,E02002077,8674,4924,4566,3971,1050,2921,92,19,73,503,200,303,358,149,92,84,62,22,1,1,0,7,6,1,57,3601,1675,463,608,516,339
2021,Sandwell 036,E02002078,5291,3119,2962,2554,643,1911,66,16,50,342,144,198,157,136,94,88,69,19,1,1,0,5,3,2,42,2036,1271,256,207,170,132
2021,Sandwell 037,E02002079,6853,3888,3671,3196,828,2368,77,28,49,398,172,226,217,114,65,59,40,19,1,1,0,5,5,0,49,2851,1466,401,409,352,223
2021,Sandwell 038,E02002080,5786,3390,3140,2722,712,2010,62,12,50,356,127,229,250,92,64,56,38,18,2,2,0,6,6,0,28,2304,1160,261,384,346,153
2021,Solihull 001,E02002081,4599,2476,2364,2017,521,1496,64,14,50,283,123,160,112,64,45,39,29,10,2,2,0,4,2,2,19,2059,1414,180,198,157,110
2021,Solihull 002,E02002082,4403,2449,2218,2006,563,1443,35,11,24,177,65,112,231,69,45,43,33,10,0,0,0,2,0,2,24,1885,748,261,344,333,199
2021,Solihull 003,E02002083,5042,2969,2838,2466,637,1829,58,17,41,314,124,190,131,80,57,55,47,8,0,0,0,2,1,1,23,1993,1414,180,178,103,118
2021,Solihull 004,E02002084,5103,2861,2628,2347,638,1709,48,11,37,233,75,158,233,78,57,57,43,14,0,0,0,0,0,0,21,2164,943,229,412,360,220
2021,Solihull 005,E02002085,5073,2880,2644,2362,606,1756,40,11,29,242,78,164,236,99,69,64,44,20,0,0,0,5,4,1,30,2094,982,268,350,308,186
2021,Solihull 006,E02002086,4598,2460,2233,2031,572,1459,30,2,28,172,68,104,227,60,40,38,28,10,0,0,0,2,2,0,20,2078,927,201,331,401,218
2021,Solihull 007,E02002087,4742,2664,2405,2179,595,1584,28,4,24,198,72,126,259,72,47,43,29,14,0,0,0,4,4,0,25,2006,829,211,362,411,193
2021,Solihull 008,E02002088,7324,4001,3585,3238,913,2325,42,5,37,305,103,202,416,127,95,89,69,20,0,0,0,6,6,0,32,3196,1330,319,578,672,297
2021,Solihull 009,E02002089,6666,3909,3698,3163,750,2413,109,28,81,426,182,244,211,88,68,66,54,12,0,0,0,2,2,0,20,2669,1550,299,270,326,224
2021,Solihull 010,E02002090,4801,2991,2857,2468,583,1885,59,17,42,330,140,190,134,81,63,63,50,13,0,0,0,0,0,0,18,1729,970,229,270,142,118
2021,Solihull 011,E02002091,6242,3703,3534,3005,781,2224,80,18,62,449,183,266,169,115,86,86,67,19,0,0,0,0,0,0,29,2424,1594,230,272,172,156
2021,Solihull 012,E02002092,5912,3377,3213,2742,648,2094,60,10,50,411,173,238,164,94,67,67,50,17,0,0,0,0,0,0,27,2441,1427,273,268,285,188
2021,Solihull 013,E02002093,5585,3171,3002,2551,602,1949,82,21,61,369,168,201,169,93,76,71,58,13,0,0,0,5,5,0,17,2321,1417,260,222,253,169
2021,Solihull 014,E02002094,4993,2750,2653,2160,544,1616,107,18,89,386,165,221,97,84,63,61,57,4,1,1,0,1,1,0,21,2159,1571,253,163,88,84
2021,Solihull 015,E02002095,7079,4163,3982,3303,880,2423,163,30,133,516,222,294,181,111,82,80,62,18,0,0,0,2,2,0,29,2805,1867,312,266,194,166
2021,Solihull 016,E02002096,8448,4619,4442,3693,894,2799,159,34,125,590,255,335,177,121,85,75,65,10,0,0,0,10,9,1,36,3708,2609,367,362,210,160
2021,Solihull 017,E02002097,6110,3592,3472,2791,707,2084,145,27,118,536,244,292,120,70,53,46,40,6,0,0,0,7,6,1,17,2448,1693,236,218,177,124
2021,Solihull 018,E02002098,7773,4590,4421,3729,966,2763,127,23,104,565,220,345,169,124,102,100,86,14,0,0,0,2,2,0,22,3059,1977,367,327,223,165
2021,Solihull 019,E02002099,5704,3144,3046,2523,640,1883,155,26,129,368,190,178,98,75,60,56,50,6,0,0,0,4,4,0,15,2485,1775,261,278,55,116
2021,Solihull 021,E02002101,5188,3019,2870,2480,636,1844,47,12,35,343,128,215,149,53,38,37,35,2,0,0,0,1,0,1,15,2116,1458,156,206,172,124
2021,Solihull 022,E02002102,7026,4183,4021,3392,874,2518,121,28,93,508,204,304,162,89,67,65,55,10,0,0,0,2,2,0,22,2754,1817,327,277,180,153
2021,Solihull 023,E02002103,5114,2797,2698,2296,575,1721,67,16,51,335,143,192,99,56,41,40,29,11,0,0,0,1,0,1,15,2261,1675,164,179,158,85
2021,Solihull 024,E02002104,4879,2876,2787,2343,602,1741,93,19,74,351,183,168,89,66,46,41,33,8,0,0,0,5,5,0,20,1937,1434,234,164,37,68
2021,Solihull 025,E02002105,6791,3909,3788,3077,747,2330,154,36,118,557,260,297,121,128,110,103,87,16,0,0,0,7,5,2,18,2754,2032,291,238,102,91
2021,Solihull 026,E02002106,7986,4182,4062,3368,891,2477,149,26,123,545,277,268,120,118,83,70,55,15,0,0,0,13,10,3,35,3686,2777,342,265,173,129
2021,Solihull 027,E02002107,4491,2669,2579,2191,542,1649,82,18,64,306,132,174,90,71,52,51,45,6,0,0,0,1,0,1,19,1751,1305,168,140,60,78
2021,Solihull 028,E02002108,7849,4400,4256,3469,973,2496,207,41,166,580,274,306,144,133,89,85,68,17,1,1,0,3,1,2,44,3316,2445,372,272,119,108
2021,Solihull 029,E02002109,9633,6567,6365,5334,1163,4171,204,39,165,827,352,475,202,146,107,104,78,26,1,1,0,2,2,0,39,2920,1824,395,337,171,193
2021,Walsall 001,E02002110,5635,3499,3358,2878,763,2115,79,15,64,401,116,285,141,92,57,56,46,10,0,0,0,1,1,0,35,2044,1138,232,279,272,123
2021,Walsall 002,E02002111,5123,2765,2554,2158,610,1548,53,15,38,343,94,249,211,82,56,53,41,12,1,1,0,2,1,1,26,2276,1256,201,302,353,164
2021,Walsall 003,E02002112,4372,2487,2379,2051,535,1516,37,10,27,291,104,187,108,71,53,49,38,11,0,0,0,4,3,1,18,1814,1173,181,175,180,105
2021,Walsall 004,E02002113,5169,3031,2872,2449,677,1772,65,16,49,358,118,240,159,89,63,54,45,9,1,0,1,8,8,0,26,2049,1179,202,258,257,153
2021,Walsall 005,E02002114,5099,2769,2643,2252,576,1676,59,15,44,332,117,215,126,60,44,42,32,10,0,0,0,2,1,1,16,2270,1590,157,193,218,112
2021,Walsall 006,E02002115,5468,2903,2636,2253,630,1623,69,14,55,314,92,222,267,83,52,50,42,8,0,0,0,2,2,0,31,2482,1340,231,370,371,170
2021,Walsall 007,E02002116,5716,3187,3082,2618,623,1995,88,26,62,376,147,229,105,80,64,64,54,10,0,0,0,0,0,0,16,2449,1754,200,165,211,119
2021,Walsall 008,E02002117,5216,2962,2814,2437,640,1797,55,17,38,322,126,196,148,83,60,59,46,13,0,0,0,1,0,1,23,2171,1226,185,275,330,155
2021,Walsall 009,E02002118,5740,3180,2867,2502,719,1783,55,11,44,310,99,211,313,100,69,63,47,16,0,0,0,6,6,0,31,2460,1166,256,442,389,207
2021,Walsall 010,E02002119,4902,2873,2734,2350,635,1715,56,13,43,328,126,202,139,73,54,48,37,11,0,0,0,6,5,1,19,1956,1161,180,212,255,148
2021,Walsall 011,E02002120,4954,2901,2754,2369,638,1731,77,19,58,308,114,194,147,91,55,54,47,7,1,0,1,0,0,0,36,1962,1139,224,258,190,151
2021,Walsall 012,E02002121,5044,2661,2401,2059,616,1443,41,8,33,301,95,206,260,73,42,40,32,8,0,0,0,2,1,1,31,2310,950,272,439,418,231
2021,Walsall 013,E02002122,5051,2854,2593,2258,638,1620,50,13,37,285,108,177,261,116,77,71,49,22,0,0,0,6,6,0,39,2081,621,383,508,337,232
2021,Walsall 014,E02002123,5202,2956,2752,2366,608,1758,59,11,48,327,103,224,204,83,65,61,46,15,2,1,1,2,2,0,18,2163,1171,190,356,291,155
2021,Walsall 015,E02002124,5784,3103,2938,2505,715,1790,70,17,53,363,144,219,165,61,37,34,26,8,0,0,0,3,2,1,24,2620,1772,181,241,288,138
2021,Walsall 016,E02002125,5134,2970,2817,2449,650,1799,53,12,41,315,118,197,153,67,55,53,38,15,0,0,0,2,1,1,12,2097,1073,223,303,286,212
2021,Walsall 017,E02002126,4967,2628,2382,2121,612,1509,38,8,30,223,76,147,246,79,54,49,35,14,2,2,0,3,3,0,25,2260,855,212,495,467,231
2021,Walsall 018,E02002127,7134,3862,3503,3005,813,2192,74,20,54,424,174,250,359,228,140,129,87,42,0,0,0,11,5,6,88,3044,911,548,745,486,354
2021,Walsall 019,E02002128,4635,2459,2329,2057,520,1537,39,7,32,233,75,158,130,68,44,41,29,12,2,0,2,1,1,0,24,2108,1351,159,265,223,110
2021,Walsall 020,E02002129,5011,2786,2635,2302,573,1729,69,13,56,264,92,172,151,78,57,53,43,10,0,0,0,4,2,2,21,2147,1290,200,252,224,181
2021,Walsall 021,E02002130,5144,2794,2571,2208,671,1537,61,19,42,302,113,189,223,104,80,79,52,27,1,1,0,0,0,0,24,2246,849,337,476,369,215
2021,Walsall 022,E02002131,6525,3726,3591,3024,830,2194,128,34,94,439,179,260,135,107,76,76,60,16,0,0,0,0,0,0,31,2692,2008,249,175,151,109
2021,Walsall 023,E02002132,4938,2735,2512,2245,679,1566,49,7,42,218,77,141,223,97,65,62,48,14,0,0,0,3,3,0,32,2106,1021,244,341,325,175
2021,Walsall 024,E02002133,5718,3177,2922,2469,608,1861,85,21,64,368,160,208,255,98,73,70,44,26,1,0,1,2,0,2,25,2443,1281,288,315,375,184
2021,Walsall 025,E02002134,7101,4081,3739,3259,849,2410,77,19,58,403,151,252,342,160,117,110,85,25,0,0,0,7,5,2,43,2860,1171,378,575,436,300
2021,Walsall 026,E02002135,5983,3135,2807,2384,681,1703,81,27,54,342,150,192,328,191,149,137,96,41,0,0,0,12,7,5,42,2657,703,471,680,490,313
2021,Walsall 027,E02002136,6277,3692,3411,2985,767,2218,70,24,46,356,120,236,281,129,105,105,82,23,0,0,0,0,0,0,24,2456,1015,360,437,373,271
2021,Walsall 028,E02002137,5104,2866,2780,2260,599,1661,124,26,98,396,178,218,86,68,48,42,36,6,1,0,1,5,4,1,20,2170,1663,183,155,81,88
2021,Walsall 029,E02002138,5063,2852,2674,2150,587,1563,131,44,87,393,179,214,178,121,95,89,68,21,1,0,1,5,0,5,26,2090,982,398,377,167,166
2021,Walsall 030,E02002139,8425,4187,3691,3123,985,2138,136,39,97,432,207,225,496,377,260,235,171,64,3,0,3,22,12,10,117,3861,1028,795,870,656,512
2021,Walsall 031,E02002140,6361,3225,2930,2464,818,1646,83,39,44,383,186,197,295,202,152,140,101,39,0,0,0,12,3,9,50,2934,940,494,764,401,335
2021,Walsall 032,E02002141,5291,3201,3088,2609,636,1973,107,23,84,372,142,230,113,64,45,44,37,7,0,0,0,1,1,0,19,2026,1475,206,141,116,88
2021,Walsall 033,E02002142,5543,2989,2667,2301,742,1559,56,21,35,310,147,163,322,148,112,78,55,23,11,11,0,23,11,12,36,2406,777,412,568,396,253
2021,Walsall 034,E02002143,7361,3546,3128,2593,1112,1481,103,43,60,432,251,181,418,210,147,136,108,28,0,0,0,11,8,3,63,3605,803,748,1081,514,459
2021,Walsall 035,E02002144,5666,3189,3053,2430,605,1825,214,54,160,409,181,228,136,83,65,61,54,7,1,1,0,3,2,1,18,2394,1563,327,250,106,148
2021,Walsall 036,E02002145,6174,3586,3252,2873,812,2061,88,29,59,291,95,196,334,150,101,91,65,26,2,1,1,8,2,6,49,2438,843,321,539,442,293
2021,Walsall 037,E02002146,4973,2644,2457,2061,697,1364,97,32,65,299,124,175,187,136,95,86,61,25,0,0,0,9,9,0,41,2193,861,458,411,268,195
2021,Walsall 038,E02002147,6814,3860,3539,3119,803,2316,78,14,64,342,112,230,321,122,80,79,54,25,0,0,0,1,1,0,42,2832,1061,393,591,439,348
2021,Walsall 039,E02002148,9321,5691,5496,4716,1213,3503,133,30,103,647,246,401,195,186,137,130,89,41,1,0,1,6,5,1,49,3444,2273,403,331,234,203
2021,Wolverhampton 001,E02002149,8180,4582,4274,3752,968,2784,76,21,55,446,161,285,308,160,122,113,79,34,3,2,1,6,4,2,38,3438,1990,398,413,422,215
2021,Wolverhampton 002,E02002150,4580,2681,2483,2132,559,1573,64,15,49,287,105,182,198,115,76,75,50,25,0,0,0,1,0,1,39,1784,912,246,278,206,142
2021,Wolverhampton 003,E02002151,4416,2609,2356,2098,536,1562,26,11,15,232,100,132,253,81,60,55,39,16,2,2,0,3,3,0,21,1726,805,197,288,287,149
2021,Wolverhampton 004,E02002152,4677,2532,2268,1999,594,1405,50,8,42,219,88,131,264,97,61,60,47,13,0,0,0,1,0,1,36,2048,763,292,385,385,223
2021,Wolverhampton 005,E02002153,6109,3429,3218,2866,810,2056,39,6,33,313,104,209,211,103,77,72,60,12,0,0,0,5,5,0,26,2577,1454,250,321,368,184
2021,Wolverhampton 006,E02002154,5730,3705,3471,3056,649,2407,61,13,48,354,121,233,234,137,83,78,57,21,0,0,0,5,0,5,54,1888,824,317,326,242,179
2021,Wolverhampton 007,E02002155,4521,2451,2160,1920,676,1244,41,20,21,199,71,128,291,140,86,80,65,15,1,1,0,5,5,0,54,1930,643,323,448,325,191
2021,Wolverhampton 008,E02002156,6665,3987,3755,3283,878,2405,87,15,72,385,140,245,232,129,78,76,58,18,0,0,0,2,1,1,51,2549,1399,294,356,285,215
2021,Wolverhampton 009,E02002157,6374,3886,3705,3171,801,2370,101,23,78,433,210,223,181,106,69,68,51,17,0,0,0,1,0,1,37,2382,1463,329,251,177,162
2021,Wolverhampton 010,E02002158,6138,3400,3136,2762,782,1980,65,13,52,309,99,210,264,78,56,53,44,9,0,0,0,3,1,2,22,2660,1639,232,312,295,182
2021,Wolverhampton 011,E02002159,4533,2569,2282,2034,606,1428,43,10,33,205,80,125,287,168,114,110,70,40,1,0,1,3,0,3,54,1796,539,331,390,278,258
2021,Wolverhampton 012,E02002160,6089,3532,3338,2903,715,2188,88,18,70,347,126,221,194,85,55,54,44,10,0,0,0,1,0,1,30,2472,1278,304,379,249,262
2021,Wolverhampton 013,E02002161,5261,3055,2788,2317,560,1757,111,28,83,360,180,180,267,194,139,124,75,49,0,0,0,15,7,8,55,2012,523,430,493,280,286
2021,Wolverhampton 014,E02002162,6567,3408,3248,2653,684,1969,185,47,138,410,183,227,160,102,78,73,60,13,1,1,0,4,3,1,24,3057,2166,278,237,246,130
2021,Wolverhampton 015,E02002163,8948,5074,4452,3943,1020,2923,96,33,63,413,146,267,622,284,201,181,114,67,5,4,1,15,7,8,83,3590,1140,510,781,664,495
2021,Wolverhampton 016,E02002164,5288,2467,2058,1720,437,1283,64,26,38,274,126,148,409,509,327,296,205,91,5,5,0,26,14,12,182,2312,421,734,515,250,392
2021,Wolverhampton 017,E02002165,6559,3879,3411,2925,683,2242,61,24,37,425,198,227,468,220,128,116,72,44,3,1,2,9,3,6,92,2460,962,379,386,333,400
2021,Wolverhampton 018,E02002166,7253,3843,3418,3009,842,2167,72,16,56,337,101,236,425,167,122,112,75,37,1,0,1,9,3,6,45,3243,1314,468,592,558,311
2021,Wolverhampton 019,E02002167,5527,3145,2969,2474,650,1824,121,30,91,374,161,213,176,71,48,45,29,16,1,1,0,2,0,2,23,2311,1540,221,190,191,169
2021,Wolverhampton 020,E02002168,9262,4703,4044,3482,914,2568,98,36,62,464,179,285,659,698,446,422,319,103,5,5,0,19,11,8,252,3861,931,1114,718,549,549
2021,Wolverhampton 021,E02002169,7322,3991,3819,3220,786,2434,138,31,107,461,190,271,172,133,101,94,70,24,2,1,1,5,0,5,32,3198,2197,328,273,204,196
2021,Wolverhampton 022,E02002170,4985,2736,2534,2226,623,1603,60,8,52,248,81,167,202,105,68,64,53,11,2,1,1,2,1,1,37,2144,980,277,372,278,237
2021,Wolverhampton 023,E02002171,6030,3233,2944,2613,706,1907,56,10,46,275,91,184,289,129,90,84,64,20,0,0,0,6,6,0,39,2668,1268,289,487,395,229
2021,Wolverhampton 026,E02002174,6349,3732,3504,2952,735,2217,113,25,88,439,192,247,228,109,71,65,52,13,1,1,0,5,3,2,38,2508,1427,329,289,273,190
2021,Wolverhampton 027,E02002175,6079,3273,2933,2598,707,1891,69,14,55,266,114,152,340,159,104,99,66,33,0,0,0,5,5,0,55,2647,1050,331,528,399,339
2021,Wolverhampton 028,E02002176,6240,3571,3318,2882,802,2080,64,14,50,372,141,231,253,104,62,57,41,16,2,1,1,3,3,0,42,2565,1400,292,310,307,256
2021,Wolverhampton 029,E02002177,8788,5287,4757,4203,986,3217,114,29,85,440,159,281,530,251,191,173,121,52,3,1,2,15,13,2,60,3250,1161,446,705,520,418
2021,Wolverhampton 030,E02002178,6746,3795,3540,2998,740,2258,148,42,106,394,150,244,255,136,94,90,66,24,0,0,0,4,4,0,42,2815,1605,327,356,272,255
2021,Wolverhampton 031,E02002179,5325,3131,2992,2571,677,1894,86,21,65,335,139,196,139,52,37,36,29,7,0,0,0,1,1,0,15,2142,1360,274,218,143,147
2021,Wolverhampton 032,E02002180,5242,2908,2706,2358,613,1745,57,16,41,291,96,195,202,126,91,86,67,19,0,0,0,5,4,1,35,2208,1225,268,285,268,162
2021,Wolverhampton 033,E02002181,6442,3785,3494,3122,785,2337,70,11,59,302,89,213,291,137,98,93,70,23,1,0,1,4,4,0,39,2520,1039,317,504,420,240
2021,Wolverhampton 034,E02002182,5342,3044,2808,2442,654,1788,62,11,51,304,95,209,236,108,68,64,53,11,0,0,0,4,4,0,40,2190,1095,280,305,321,189
2021,Bradford 001,E02002183,4970,2406,2324,1794,530,1264,101,26,75,429,221,208,82,64,50,49,43,6,0,0,0,1,0,1,14,2500,2057,151,129,97,66
2021,Bradford 002,E02002184,10925,5843,5666,4441,1261,3180,250,43,207,975,512,463,177,184,133,125,111,14,0,0,0,8,6,2,51,4898,3738,446,326,174,214
2021,Bradford 003,E02002185,4749,2828,2747,2272,614,1658,83,12,71,392,204,188,81,64,39,37,35,2,1,0,1,1,1,0,25,1857,1418,171,97,106,65
2021,Bradford 005,E02002187,5019,2932,2851,2296,669,1627,125,20,105,430,206,224,81,88,69,67,53,14,0,0,0,2,1,1,19,1999,1562,169,145,63,60
2021,Bradford 006,E02002188,6303,3797,3640,2986,835,2151,123,35,88,531,252,279,157,127,110,106,90,16,1,1,0,3,3,0,17,2379,1609,244,268,125,133
2021,Bradford 007,E02002189,5469,2690,2507,1956,672,1284,102,46,56,449,238,211,183,170,125,116,102,14,0,0,0,9,4,5,45,2609,1085,415,578,254,277
2021,Bradford 008,E02002190,8981,4755,4356,3573,1218,2355,140,74,66,643,363,280,399,287,187,181,150,31,1,0,1,5,3,2,100,3939,1347,549,978,540,525
2021,Bradford 009,E02002191,7133,3820,3548,2994,969,2025,91,32,59,463,217,246,272,174,123,120,100,20,0,0,0,3,2,1,51,3139,1061,453,726,558,341
2021,Bradford 010,E02002192,7638,4312,4221,3496,899,2597,130,25,105,595,259,336,91,112,85,77,64,13,0,0,0,8,6,2,27,3214,2513,227,177,151,146
2021,Bradford 011,E02002193,5127,2767,2570,2260,660,1600,43,10,33,267,114,153,197,79,64,62,50,12,0,0,0,2,2,0,15,2281,1051,264,341,395,230
2021,Bradford 012,E02002194,5912,3335,3193,2825,830,1995,53,9,44,315,125,190,142,93,75,73,58,15,0,0,0,2,0,2,18,2484,1444,243,262,340,195
2021,Bradford 013,E02002195,5387,2944,2882,2367,624,1743,101,18,83,414,191,223,62,74,47,42,39,3,0,0,0,5,2,3,27,2369,1843,194,129,121,82
2021,Bradford 014,E02002196,5176,3162,3052,2543,667,1876,82,17,65,427,176,251,110,89,61,55,41,14,1,1,0,5,2,3,28,1925,1243,203,185,160,134
2021,Bradford 015,E02002197,7201,4458,4271,3690,888,2802,101,22,79,480,203,277,187,105,70,66,58,8,1,1,0,3,2,1,35,2638,1736,264,202,294,142
2021,Bradford 016,E02002198,6911,4092,3918,3326,861,2465,82,16,66,510,232,278,174,76,59,59,49,10,0,0,0,0,0,0,17,2743,1928,176,226,257,156
2021,Bradford 017,E02002199,6010,3915,3801,3260,757,2503,90,18,72,451,222,229,114,81,72,64,55,9,0,0,0,8,7,1,9,2014,1498,180,112,133,91
2021,Bradford 018,E02002200,7458,4270,4134,3447,861,2586,140,31,109,547,264,283,136,124,99,80,61,19,0,0,0,19,6,13,25,3064,2040,298,256,280,190
2021,Bradford 019,E02002201,9913,6252,5969,5199,1214,3985,132,23,109,638,251,387,283,138,107,99,84,15,1,1,0,7,7,0,31,3523,2075,351,400,414,283
2021,Bradford 020,E02002202,6194,3853,3593,3135,751,2384,63,19,44,395,177,218,260,92,61,53,44,9,0,0,0,8,7,1,31,2249,1088,249,259,363,290
2021,Bradford 021,E02002203,6132,3595,3361,2986,803,2183,57,11,46,318,117,201,234,75,45,38,25,13,2,2,0,5,2,3,30,2462,1188,248,320,451,255
2021,Bradford 022,E02002204,9493,5418,5256,4405,1175,3230,156,26,130,695,306,389,162,132,110,109,89,20,1,0,1,0,0,0,22,3943,2823,379,279,251,211
2021,Bradford 023,E02002205,8312,5007,4840,3801,1038,2763,181,41,140,858,394,464,167,110,89,88,77,11,1,0,1,0,0,0,21,3195,2259,278,211,256,191
2021,Bradford 024,E02002206,6973,4043,3822,3315,971,2344,74,20,54,433,190,243,221,109,82,82,68,14,0,0,0,0,0,0,27,2821,1535,320,402,318,246
2021,Bradford 025,E02002207,5683,3012,2778,2230,794,1436,105,36,69,443,227,216,234,143,101,96,75,21,0,0,0,5,5,0,42,2528,721,565,622,323,297
2021,Bradford 026,E02002208,6326,3591,3364,2973,866,2107,65,18,47,326,128,198,227,102,79,76,66,10,1,1,0,2,2,0,23,2633,1361,296,418,341,217
2021,Bradford 027,E02002209,4965,2819,2603,2282,719,1563,44,15,29,277,120,157,216,132,108,105,76,29,1,0,1,2,2,0,24,2014,580,337,453,372,272
2021,Bradford 028,E02002210,5958,3395,3167,2678,897,1781,82,32,50,407,206,201,228,122,92,91,76,15,0,0,0,1,1,0,30,2441,1133,370,465,262,211
2021,Bradford 029,E02002211,5910,2811,2573,2006,731,1275,140,57,83,427,229,198,238,157,110,108,85,23,0,0,0,2,2,0,47,2942,852,619,696,359,416
2021,Bradford 030,E02002212,6380,3155,2838,2217,896,1321,129,40,89,492,264,228,317,177,130,121,94,27,1,1,0,8,7,1,47,3048,580,643,1039,406,380
2021,Bradford 031,E02002213,6229,3772,3655,2976,772,2204,127,15,112,552,221,331,117,92,66,64,51,13,0,0,0,2,0,2,26,2365,1589,210,214,231,121
2021,Bradford 032,E02002214,4957,2993,2815,2392,708,1684,60,20,40,363,171,192,178,98,78,76,63,13,0,0,0,2,2,0,20,1866,870,289,361,185,161
2021,Bradford 033,E02002215,8043,3800,3419,2709,1018,1691,136,64,72,574,322,252,381,292,179,161,127,34,1,1,0,17,16,1,113,3951,748,886,1216,501,600
2021,Bradford 034,E02002216,7624,3480,3064,2495,1014,1481,139,61,78,430,234,196,416,229,178,156,116,40,1,1,0,21,19,2,51,3915,800,721,1139,597,658
2021,Bradford 035,E02002217,7436,3508,3157,2558,939,1619,121,60,61,478,242,236,351,248,155,149,126,23,1,1,0,5,5,0,93,3680,818,817,1055,522,468
2021,Bradford 036,E02002218,7605,4120,3831,3239,1030,2209,107,43,64,485,219,266,289,158,111,102,75,27,1,1,0,8,8,0,47,3327,1283,521,676,518,329
2021,Bradford 037,E02002219,5858,2798,2447,1963,786,1177,106,42,64,378,246,132,351,150,86,84,64,20,0,0,0,2,1,1,64,2910,436,661,937,359,517
2021,Bradford 038,E02002220,6818,3327,3029,2399,1020,1379,143,65,78,487,261,226,298,206,150,145,117,28,0,0,0,5,3,2,56,3285,575,753,1119,382,456
2021,Bradford 040,E02002222,6607,3390,3105,2641,951,1690,87,29,58,377,205,172,285,125,90,86,70,16,0,0,0,4,4,0,35,3092,1026,562,761,422,321
2021,Bradford 041,E02002223,5585,2570,2256,1871,778,1093,85,47,38,300,155,145,314,182,116,107,91,16,1,1,0,8,5,3,66,2833,473,632,885,402,441
2021,Bradford 042,E02002224,7700,3259,2899,2271,986,1285,137,65,72,491,281,210,360,241,152,145,124,21,0,0,0,7,7,0,89,4200,608,864,1437,542,749
2021,Bradford 043,E02002225,6855,3979,3826,3241,897,2344,86,23,63,499,227,272,153,121,85,77,66,11,1,1,0,7,5,2,36,2755,1599,294,282,329,251
2021,Bradford 044,E02002226,10694,4220,3639,2922,1147,1775,153,79,74,564,300,264,581,976,582,533,433,100,7,3,4,42,36,6,394,5498,735,1952,1478,553,780
2021,Bradford 045,E02002227,4595,2218,1912,1622,561,1061,45,17,28,245,112,133,306,98,57,53,42,11,0,0,0,4,4,0,41,2279,517,360,613,358,431
2021,Bradford 046,E02002228,5606,3016,2696,2347,691,1656,64,22,42,285,151,134,320,83,58,54,44,10,0,0,0,4,3,1,25,2507,771,443,494,464,335
2021,Bradford 047,E02002229,6475,3630,3439,2920,775,2145,85,27,58,434,179,255,191,95,72,67,54,13,0,0,0,5,3,2,23,2750,1426,482,300,340,202
2021,Bradford 048,E02002230,6053,2836,2433,2087,757,1330,77,30,47,269,154,115,403,181,124,119,94,25,0,0,0,5,3,2,57,3036,469,653,983,437,494
2021,Bradford 049,E02002231,9994,5425,5045,4244,1404,2840,153,54,99,648,305,343,380,285,217,208,165,43,2,1,1,7,4,3,68,4284,1515,785,965,574,445
2021,Bradford 050,E02002232,5264,2609,2308,1942,714,1228,67,22,45,299,132,167,301,132,89,86,50,36,0,0,0,3,3,0,43,2523,681,448,693,370,331
2021,Bradford 051,E02002233,6829,3089,2693,2150,856,1294,127,67,60,416,229,187,396,192,114,108,85,23,0,0,0,6,2,4,78,3548,503,946,1207,454,438
2021,Bradford 052,E02002234,5465,2748,2416,2195,663,1532,23,4,19,198,67,131,332,112,59,55,38,17,0,0,0,4,3,1,53,2605,713,439,558,604,291
2021,Bradford 053,E02002235,5097,2581,2287,1931,653,1278,63,24,39,293,151,142,294,133,89,86,69,17,0,0,0,3,3,0,44,2383,595,491,676,338,283
2021,Bradford 054,E02002236,5009,2846,2688,2297,719,1578,66,29,37,325,150,175,158,104,73,72,50,22,0,0,0,1,1,0,31,2059,968,290,415,203,183
2021,Bradford 055,E02002237,6641,3881,3645,3146,923,2223,71,28,43,428,165,263,236,151,108,107,90,17,1,1,0,0,0,0,43,2609,1099,371,474,395,270
2021,Bradford 056,E02002238,4862,2614,2383,2082,666,1416,44,10,34,257,101,156,231,102,67,66,52,14,0,0,0,1,1,0,35,2146,836,321,429,338,222
2021,Bradford 057,E02002239,8280,5084,4789,4174,1149,3025,127,30,97,488,215,273,295,135,100,97,74,23,0,0,0,3,3,0,35,3061,1307,362,540,508,344
2021,Bradford 058,E02002240,9359,5988,5770,4954,1241,3713,134,31,103,682,259,423,218,148,122,121,84,37,0,0,0,1,1,0,26,3223,1978,353,323,333,236
2021,Bradford 059,E02002241,9353,5473,5204,4601,1285,3316,84,23,61,519,208,311,269,149,118,113,84,29,1,1,0,4,4,0,31,3731,1681,441,538,645,426
2021,Bradford 060,E02002242,6541,3805,3611,3135,734,2401,78,21,57,398,178,220,194,86,48,47,36,11,1,1,0,0,0,0,38,2650,1748,250,226,253,173
2021,Bradford 061,E02002243,7629,4322,4067,3547,872,2675,75,17,58,445,182,263,255,123,98,93,71,22,1,0,1,4,1,3,25,3184,1729,327,418,480,230
2021,Calderdale 001,E02002244,4999,2939,2826,2425,620,1805,72,16,56,329,120,209,113,65,44,43,35,8,0,0,0,1,1,0,21,1995,1365,176,154,192,108
2021,Calderdale 002,E02002245,4061,2174,1993,1724,508,1216,38,9,29,231,90,141,181,82,55,53,33,20,0,0,0,2,1,1,27,1805,701,211,327,376,190
2021,Calderdale 003,E02002246,8032,4761,4656,3863,1039,2824,157,42,115,636,274,362,105,133,102,101,88,13,0,0,0,1,0,1,31,3138,2338,242,173,214,171
2021,Calderdale 004,E02002247,7510,4616,4428,3263,1008,2255,136,34,102,1029,553,476,188,95,73,61,54,7,1,0,1,11,10,1,22,2799,1868,265,219,300,147
2021,Calderdale 005,E02002248,6090,3508,3302,2907,838,2069,68,13,55,327,121,206,206,72,55,54,47,7,0,0,0,1,1,0,17,2510,1223,286,341,446,214
2021,Calderdale 006,E02002249,4235,2416,2224,1982,575,1407,41,14,27,201,83,118,192,71,47,44,34,10,1,1,0,2,0,2,24,1748,752,183,289,339,185
2021,Calderdale 007,E02002250,6906,3860,3711,2883,799,2084,140,36,104,688,329,359,149,103,81,75,64,11,0,0,0,6,6,0,22,2943,1961,242,248,288,204
2021,Calderdale 008,E02002251,6718,3813,3520,3071,727,2344,75,24,51,374,156,218,293,100,81,78,52,26,1,1,0,2,1,1,19,2805,1432,216,298,533,326
2021,Calderdale 009,E02002252,5381,3075,2964,2550,706,1844,79,19,60,335,140,195,111,83,59,53,46,7,1,1,0,5,3,2,24,2223,1347,204,278,227,167
2021,Calderdale 010,E02002253,6167,3260,2982,2476,869,1607,98,26,72,408,223,185,278,142,92,88,69,19,1,1,0,3,3,0,50,2765,862,518,712,379,294
2021,Calderdale 011,E02002254,5129,3083,2981,2516,641,1875,94,19,75,371,173,198,102,78,57,56,48,8,0,0,0,1,1,0,21,1968,1438,189,117,111,113
2021,Calderdale 012,E02002255,5677,2445,2134,1745,720,1025,85,44,41,304,175,129,311,147,85,81,66,15,1,1,0,3,3,0,62,3085,643,538,865,526,513
2021,Calderdale 013,E02002256,7614,4368,4145,3323,1042,2281,91,19,72,731,372,359,223,124,103,96,80,16,0,0,0,7,5,2,21,3122,1728,306,352,498,238
2021,Calderdale 014,E02002257,4714,2354,2095,1671,653,1018,85,42,43,339,184,155,259,135,95,93,80,13,2,0,2,0,0,0,40,2225,468,432,713,302,310
2021,Calderdale 015,E02002258,7288,4419,4255,3637,893,2744,119,28,91,499,229,270,164,122,92,86,74,12,2,2,0,4,1,3,30,2747,1816,246,265,261,159
2021,Calderdale 016,E02002259,5793,3408,3236,2723,692,2031,90,26,64,423,200,223,172,106,88,83,63,20,0,0,0,5,4,1,18,2279,1384,253,262,218,162
2021,Calderdale 017,E02002260,7526,4627,4406,3777,967,2810,85,26,59,544,236,308,221,81,55,52,47,5,0,0,0,3,3,0,26,2818,1746,243,249,380,200
2021,Calderdale 018,E02002261,6482,3911,3725,3183,815,2368,84,25,59,458,169,289,186,109,81,76,60,16,0,0,0,5,4,1,28,2462,1495,218,258,300,191
2021,Calderdale 019,E02002262,6437,3641,3467,2969,820,2149,99,18,81,399,172,227,174,86,68,61,54,7,0,0,0,7,5,2,18,2710,1832,204,219,290,165
2021,Calderdale 020,E02002263,5199,3084,2946,2418,675,1743,91,26,65,437,209,228,138,55,43,40,30,10,0,0,0,3,1,2,12,2060,1198,180,243,283,156
2021,Calderdale 021,E02002264,5733,3248,3165,2648,725,1923,102,29,73,415,202,213,83,83,72,65,59,6,1,0,1,6,5,1,11,2402,1681,243,200,146,132
2021,Calderdale 022,E02002265,4660,2707,2583,2068,580,1488,87,23,64,428,206,222,124,77,66,63,54,9,1,1,0,2,2,0,11,1876,1217,173,137,208,141
2021,Calderdale 023,E02002266,4783,2713,2614,2241,572,1669,62,15,47,311,146,165,99,50,43,42,40,2,0,0,0,1,0,1,7,2020,1395,163,166,191,105
2021,Calderdale 024,E02002267,6542,3710,3553,3059,840,2219,80,18,62,414,165,249,157,94,86,85,76,9,0,0,0,1,1,0,8,2738,1696,290,219,349,184
2021,Calderdale 025,E02002268,8309,4838,4619,3993,995,2998,109,28,81,517,227,290,219,146,114,113,92,21,1,1,0,0,0,0,32,3325,1932,341,353,443,256
2021,Calderdale 026,E02002269,7697,4725,4576,3858,948,2910,134,22,112,584,238,346,149,133,102,102,84,18,0,0,0,0,0,0,31,2839,1881,312,232,263,151
2021,Calderdale 027,E02002270,6937,4357,4236,3363,828,2535,169,19,150,704,333,371,121,114,94,86,72,14,0,0,0,8,6,2,20,2466,1737,293,185,114,137
2021,Kirklees 001,E02002271,6103,3809,3694,3135,751,2384,106,25,81,453,171,282,115,110,84,83,83,0,0,0,0,1,0,1,26,2184,1591,186,142,151,114
2021,Kirklees 002,E02002272,7716,4729,4525,3931,991,2940,97,24,73,497,163,334,204,97,76,75,61,14,0,0,0,1,1,0,21,2890,1762,255,299,358,216
2021,Kirklees 003,E02002273,5387,3394,3293,2845,731,2114,86,20,66,362,147,215,101,94,74,73,66,7,1,1,0,0,0,0,20,1899,1324,150,172,154,99
2021,Kirklees 004,E02002274,5532,3398,3285,2836,698,2138,71,12,59,378,166,212,113,89,63,62,50,12,0,0,0,1,0,1,26,2045,1417,181,146,175,126
2021,Kirklees 005,E02002275,7005,4206,4011,3513,834,2679,76,10,66,422,181,241,195,108,81,79,65,14,0,0,0,2,0,2,27,2691,1688,213,239,310,241
2021,Kirklees 006,E02002276,6062,3560,3390,2919,796,2123,80,25,55,391,165,226,170,106,69,67,51,16,0,0,0,2,0,2,37,2396,1289,297,334,267,209
2021,Kirklees 007,E02002277,5369,3023,2840,2426,778,1648,102,27,75,312,140,172,183,97,76,74,52,22,0,0,0,2,1,1,21,2249,978,342,522,228,179
2021,Kirklees 008,E02002278,5316,3134,2978,2554,653,1901,73,16,57,351,165,186,156,99,77,75,59,16,0,0,0,2,1,1,22,2083,1219,219,245,250,150
2021,Kirklees 009,E02002279,4997,2895,2740,2392,662,1730,48,12,36,300,129,171,155,70,46,44,40,4,0,0,0,2,1,1,24,2032,1077,209,281,299,166
2021,Kirklees 010,E02002280,5284,2641,2442,2053,726,1327,78,24,54,311,164,147,199,117,77,75,66,9,0,0,0,2,0,2,40,2526,710,385,669,436,326
2021,Kirklees 011,E02002281,9016,4916,4644,3893,1165,2728,127,46,81,624,282,342,272,144,111,100,77,23,0,0,0,11,9,2,33,3956,1690,504,811,508,443
2021,Kirklees 012,E02002282,5582,3097,2871,2411,859,1552,102,47,55,358,173,185,226,136,105,105,89,16,0,0,0,0,0,0,31,2349,713,445,630,291,270
2021,Kirklees 013,E02002283,5621,2864,2659,2234,920,1314,92,40,52,333,194,139,205,146,98,97,83,14,0,0,0,1,0,1,48,2611,750,417,797,339,308
2021,Kirklees 014,E02002284,5070,3005,2856,2457,669,1788,78,17,61,321,121,200,149,99,76,72,62,10,2,2,0,2,2,0,23,1966,1202,187,247,195,135
2021,Kirklees 015,E02002285,6529,3863,3738,3125,806,2319,107,34,73,506,193,313,125,101,73,69,55,14,0,0,0,4,4,0,28,2565,1749,229,221,236,130
2021,Kirklees 016,E02002286,4714,2578,2437,2068,699,1369,87,33,54,282,129,153,141,85,64,64,45,19,0,0,0,0,0,0,21,2051,712,305,494,295,245
2021,Kirklees 017,E02002287,5621,3082,2839,2314,748,1566,106,37,69,419,215,204,243,116,101,95,82,13,1,0,1,5,2,3,15,2423,751,395,596,357,324
2021,Kirklees 018,E02002288,7885,4715,4478,3939,1079,2860,83,24,59,456,172,284,237,139,100,96,83,13,0,0,0,4,3,1,39,3031,1443,365,461,481,281
2021,Kirklees 019,E02002289,5055,2571,2369,1943,790,1153,94,43,51,332,166,166,202,122,103,97,84,13,0,0,0,6,5,1,19,2362,501,482,690,347,342
2021,Kirklees 020,E02002290,5224,2940,2842,2420,631,1789,91,17,74,331,145,186,98,89,71,68,59,9,1,0,1,2,2,0,18,2195,1654,167,141,162,71
2021,Kirklees 021,E02002291,5316,3089,2975,2584,655,1929,60,20,40,331,144,187,114,100,83,81,76,5,0,0,0,2,0,2,17,2127,1403,224,200,179,121
2021,Kirklees 022,E02002292,4626,2576,2473,2055,563,1492,91,26,65,327,148,179,103,88,63,59,52,7,2,2,0,2,2,0,25,1962,1282,192,187,182,119
2021,Kirklees 023,E02002293,6281,3049,2731,2246,907,1339,108,62,46,377,191,186,318,142,104,97,81,16,4,3,1,3,2,1,38,3090,532,654,1009,462,433
2021,Kirklees 024,E02002294,8412,4066,3766,3011,1253,1758,202,74,128,553,300,253,300,231,155,147,131,16,2,1,1,6,5,1,76,4115,1023,856,1241,493,502
2021,Kirklees 025,E02002295,5408,2977,2722,2424,703,1721,52,12,40,246,105,141,255,162,109,100,78,22,1,1,0,8,8,0,53,2269,801,345,422,419,282
2021,Kirklees 026,E02002296,5823,3274,3153,2695,643,2052,74,15,59,384,163,221,121,100,78,76,66,10,2,1,1,0,0,0,22,2449,1789,175,147,215,123
2021,Kirklees 027,E02002297,5705,3148,3007,2479,668,1811,111,33,78,417,205,212,141,105,84,80,70,10,1,0,1,3,3,0,21,2452,1478,327,283,192,172
2021,Kirklees 028,E02002298,5417,2979,2832,2356,676,1680,82,24,58,394,150,244,147,68,46,44,35,9,0,0,0,2,2,0,22,2370,1379,218,264,331,178
2021,Kirklees 029,E02002299,5565,2637,2317,2038,646,1392,53,21,32,226,109,117,320,322,207,200,162,38,2,2,0,5,5,0,115,2606,577,748,486,420,375
2021,Kirklees 030,E02002300,6871,4130,4016,3504,810,2694,83,14,69,429,188,241,114,126,87,84,62,22,2,1,1,1,1,0,39,2615,1808,255,222,178,152
2021,Kirklees 031,E02002301,6112,3229,2929,2402,779,1623,119,57,62,408,211,197,300,191,139,131,111,20,0,0,0,8,8,0,52,2692,645,527,737,377,406
2021,Kirklees 032,E02002302,5027,3027,2942,2489,622,1867,82,19,63,371,159,212,85,92,68,66,55,11,1,1,0,1,1,0,24,1908,1387,184,126,109,102
2021,Kirklees 033,E02002303,5360,3131,2999,2545,669,1876,78,18,60,376,172,204,132,98,75,75,57,18,0,0,0,0,0,0,23,2131,1202,272,233,246,178
2021,Kirklees 034,E02002304,5562,2994,2782,2343,558,1785,62,14,48,377,195,182,212,342,243,221,193,28,0,0,0,22,18,4,99,2226,911,505,260,315,235
2021,Kirklees 035,E02002305,4845,2639,2434,2111,684,1427,46,9,37,277,116,161,205,156,122,118,103,15,0,0,0,4,4,0,34,2050,823,372,324,354,177
2021,Kirklees 036,E02002306,5210,3110,3028,2530,660,1870,92,18,74,406,177,229,82,92,73,69,59,10,0,0,0,4,4,0,19,2008,1443,175,140,146,104
2021,Kirklees 037,E02002307,4788,2671,2534,2208,613,1595,42,11,31,284,109,175,137,103,87,79,62,17,3,3,0,5,5,0,16,2014,1158,223,206,295,132
2021,Kirklees 038,E02002308,5529,3470,3334,2863,701,2162,71,13,58,400,184,216,136,103,73,68,51,17,1,0,1,4,4,0,30,1956,1161,238,201,225,131
2021,Kirklees 039,E02002309,5409,2634,2399,1985,607,1378,85,32,53,329,169,160,235,256,184,170,154,16,2,2,0,12,11,1,72,2519,827,602,399,394,297
2021,Kirklees 040,E02002310,4692,2696,2550,2242,608,1634,50,14,36,258,115,143,146,117,83,78,67,11,0,0,0,5,4,1,34,1879,1022,212,196,294,155
2021,Kirklees 041,E02002311,5268,3109,2969,2537,654,1883,66,17,49,366,150,216,140,74,57,54,44,10,1,1,0,2,2,0,17,2085,1225,211,176,303,170
2021,Kirklees 042,E02002312,6917,2711,2507,2187,609,1578,51,22,29,269,122,147,204,873,509,486,426,60,2,1,1,21,15,6,364,3333,751,1688,296,375,223
2021,Kirklees 043,E02002313,5771,2647,2353,1925,701,1224,84,34,50,344,184,160,294,207,129,117,105,12,0,0,0,12,6,6,78,2917,545,618,814,508,432
2021,Kirklees 044,E02002314,4836,2530,2410,2039,534,1505,62,24,38,309,150,159,120,77,50,46,40,6,0,0,0,4,3,1,27,2229,1498,199,196,209,127
2021,Kirklees 045,E02002315,5422,3435,3232,2806,702,2104,73,18,55,353,166,187,203,81,54,50,39,11,0,0,0,4,4,0,27,1906,912,253,227,310,204
2021,Kirklees 046,E02002316,5603,3305,3181,2621,659,1962,106,30,76,454,187,267,124,72,60,55,45,10,0,0,0,5,5,0,12,2226,1607,193,150,167,109
2021,Kirklees 047,E02002317,5669,2965,2766,2282,751,1531,84,31,53,400,193,207,199,124,92,87,76,11,0,0,0,5,3,2,32,2580,1091,377,511,339,262
2021,Kirklees 048,E02002318,5103,2608,2442,2103,628,1475,51,12,39,288,140,148,166,137,97,93,82,11,1,0,1,3,2,1,40,2358,1319,241,241,333,224
2021,Kirklees 049,E02002319,5663,3602,3492,2937,745,2192,77,16,61,478,209,269,110,117,94,83,71,12,1,0,1,10,5,5,23,1944,1202,229,175,189,149
2021,Kirklees 050,E02002320,5113,2715,2592,2201,591,1610,60,7,53,331,153,178,123,76,58,54,44,10,0,0,0,4,3,1,18,2322,1611,176,142,247,146
2021,Kirklees 051,E02002321,5740,2932,2840,2317,637,1680,115,24,91,408,192,216,92,254,141,135,124,11,1,1,0,5,5,0,113,2554,1590,639,126,109,90
2021,Kirklees 052,E02002322,5262,3113,3002,2408,641,1767,105,21,84,489,212,277,111,65,47,46,35,11,0,0,0,1,1,0,18,2084,1393,185,162,225,119
2021,Kirklees 053,E02002323,6821,3819,3729,3072,807,2265,141,30,111,516,239,277,90,107,89,81,74,7,0,0,0,8,6,2,18,2895,2093,277,224,180,121
2021,Kirklees 054,E02002324,5472,3087,3005,2486,607,1879,93,14,79,426,176,250,82,73,52,51,48,3,0,0,0,1,1,0,21,2312,1696,180,156,195,85
2021,Kirklees 055,E02002325,7433,4299,4135,3447,918,2529,113,33,80,575,251,324,164,119,92,83,75,8,1,0,1,8,8,0,27,3015,2093,297,234,256,135
2021,Kirklees 056,E02002326,4892,2982,2906,2396,644,1752,94,19,75,416,192,224,76,93,72,69,60,9,0,0,0,3,3,0,21,1817,1347,193,134,88,55
2021,Kirklees 057,E02002327,8329,4846,4733,3884,933,2951,152,31,121,697,290,407,113,125,100,95,79,16,0,0,0,5,5,0,25,3358,2439,297,247,212,163
2021,Kirklees 058,E02002328,5859,3391,3287,2596,708,1888,122,22,100,569,265,304,104,90,62,60,52,8,0,0,0,2,1,1,28,2378,1718,233,153,163,111
2021,Kirklees 059,E02002329,10063,6069,5886,4667,1179,3488,198,40,158,1021,456,565,183,151,114,101,83,18,4,2,2,9,8,1,37,3843,2708,445,274,218,198
2021,Leeds 001,E02002330,5878,3061,2963,2504,676,1828,95,21,74,364,190,174,98,95,76,74,66,8,0,0,0,2,1,1,19,2722,2193,210,138,81,100
2021,Leeds 002,E02002331,6365,3032,2919,2483,605,1878,99,29,70,337,143,194,113,77,57,52,45,7,0,0,0,5,3,2,20,3256,1903,173,156,356,668
2021,Leeds 003,E02002332,5300,3065,2947,2422,719,1703,71,12,59,454,195,259,118,82,53,47,41,6,0,0,0,6,4,2,29,2153,1549,168,165,173,98
2021,Leeds 004,E02002333,6597,3781,3671,3053,835,2218,79,18,61,539,253,286,110,107,88,87,72,15,0,0,0,1,1,0,19,2709,2029,192,186,204,98
2021,Leeds 005,E02002334,6213,3468,3390,2730,706,2024,133,34,99,527,236,291,78,108,78,77,71,6,0,0,0,1,1,0,30,2637,2019,219,187,125,87
2021,Leeds 006,E02002335,6161,3522,3440,2622,703,1919,234,49,185,584,303,281,82,64,52,51,41,10,0,0,0,1,1,0,12,2575,1986,220,199,63,107
2021,Leeds 007,E02002336,5685,3268,3182,2449,673,1776,191,28,163,542,264,278,86,92,66,65,56,9,0,0,0,1,1,0,26,2325,1716,235,202,84,88
2021,Leeds 008,E02002337,6252,3927,3862,3212,774,2438,156,23,133,494,204,290,65,95,75,67,55,12,2,1,1,6,6,0,20,2230,1705,223,147,67,88
2021,Leeds 009,E02002338,5850,3549,3431,2961,695,2266,72,19,53,398,181,217,118,102,74,73,60,13,0,0,0,1,0,1,28,2199,1552,234,150,154,109
2021,Leeds 010,E02002339,4571,2749,2612,2270,608,1662,41,11,30,301,131,170,137,96,70,68,59,9,1,0,1,1,1,0,26,1726,1076,144,159,230,117
2021,Leeds 011,E02002340,4965,2914,2827,2409,627,1782,72,18,54,346,165,181,87,67,48,48,43,5,0,0,0,0,0,0,19,1984,1483,134,104,149,114
2021,Leeds 012,E02002341,5978,3466,3367,2687,673,2014,169,35,134,511,260,251,99,104,75,68,53,15,0,0,0,7,7,0,29,2408,1779,241,220,66,102
2021,Leeds 013,E02002342,4979,2854,2751,2387,616,1771,69,9,60,295,118,177,103,73,49,49,38,11,0,0,0,0,0,0,24,2052,1441,167,163,188,93
2021,Leeds 014,E02002343,4808,3154,3058,2609,626,1983,88,17,71,361,153,208,96,89,70,67,63,4,1,1,0,2,1,1,19,1565,1133,168,108,102,54
2021,Leeds 015,E02002344,6338,3793,3644,2975,740,2235,127,38,89,542,243,299,149,96,67,62,54,8,0,0,0,5,5,0,29,2449,1666,239,240,166,138
2021,Leeds 016,E02002345,5094,2919,2808,2281,534,1747,145,35,110,382,181,201,111,74,59,58,49,9,0,0,0,1,1,0,15,2101,1420,248,173,86,174
2021,Leeds 017,E02002346,4910,2936,2799,2364,656,1708,60,16,44,375,159,216,137,74,57,50,34,16,1,0,1,6,5,1,17,1900,1019,219,233,305,124
2021,Leeds 018,E02002347,4886,2693,2512,2071,676,1395,78,28,50,363,183,180,181,89,65,61,48,13,2,0,2,2,2,0,24,2104,916,267,343,369,209
2021,Leeds 019,E02002348,5261,2968,2840,2411,640,1771,78,20,58,351,155,196,128,107,75,68,53,15,1,0,1,6,4,2,32,2186,1261,292,238,227,168
2021,Leeds 020,E02002349,4744,2999,2900,2360,502,1858,127,31,96,413,192,221,99,78,61,50,41,9,2,2,0,9,9,0,17,1667,1089,203,158,112,105
2021,Leeds 021,E02002350,5422,2889,2817,2359,547,1812,119,29,90,339,165,174,72,237,136,127,113,14,0,0,0,9,7,2,101,2296,1446,556,116,90,88
2021,Leeds 022,E02002351,4634,2669,2596,2075,508,1567,114,16,98,407,193,214,73,64,44,43,38,5,0,0,0,1,0,1,20,1901,1450,149,146,90,66
2021,Leeds 023,E02002352,6321,3959,3833,3247,790,2457,111,18,93,475,224,251,126,106,85,74,61,13,2,0,2,9,8,1,21,2256,1460,269,214,145,168
2021,Leeds 024,E02002353,4734,3070,2977,2520,614,1906,82,16,66,375,186,189,93,93,76,74,67,7,2,1,1,0,0,0,17,1571,941,216,168,127,119
2021,Leeds 025,E02002354,6500,3905,3722,3100,754,2346,105,27,78,517,243,274,183,108,73,70,55,15,0,0,0,3,3,0,35,2487,1396,312,307,289,183
2021,Leeds 027,E02002356,7274,4860,4747,4041,887,3154,165,21,144,541,228,313,113,115,94,88,70,18,0,0,0,6,3,3,21,2299,1596,303,194,99,107
2021,Leeds 028,E02002357,6718,4275,4117,3563,789,2774,80,14,66,474,232,242,158,127,96,83,66,17,1,0,1,12,9,3,31,2316,1417,275,217,241,166
2021,Leeds 029,E02002358,6802,4161,3978,3440,841,2599,92,26,66,446,164,282,183,105,72,68,50,18,0,0,0,4,3,1,33,2536,1515,221,277,364,159
2021,Leeds 030,E02002359,5392,3092,2988,2414,591,1823,123,30,93,451,193,258,104,70,51,47,42,5,0,0,0,4,3,1,19,2230,1722,160,137,105,106
2021,Leeds 031,E02002360,5621,3726,3597,3142,684,2458,81,15,66,374,177,197,129,118,87,75,60,15,0,0,0,12,10,2,31,1777,972,258,164,231,152
2021,Leeds 032,E02002361,4707,3019,2864,2387,581,1806,79,19,60,398,194,204,155,78,56,51,41,10,0,0,0,5,3,2,22,1610,820,264,199,189,138
2021,Leeds 033,E02002362,6419,3763,3508,3045,793,2252,70,18,52,393,185,208,255,91,64,61,41,20,0,0,0,3,3,0,27,2565,1017,341,380,466,361
2021,Leeds 034,E02002363,6155,4311,4175,3641,622,3019,83,12,71,451,203,248,136,104,91,84,66,18,1,0,1,6,5,1,13,1740,1100,268,106,148,118
2021,Leeds 035,E02002364,4715,2469,2237,1968,581,1387,33,8,25,236,99,137,232,63,44,40,31,9,1,0,1,3,1,2,19,2183,953,202,278,554,196
2021,Leeds 037,E02002366,6616,3751,3575,2875,793,2082,137,44,93,563,259,304,176,166,110,101,80,21,0,0,0,9,6,3,56,2699,1366,446,445,202,240
2021,Leeds 038,E02002367,4961,2899,2662,2263,662,1601,61,29,32,338,148,190,237,123,99,89,73,16,0,0,0,10,7,3,24,1939,673,341,309,407,209
2021,Leeds 039,E02002368,6947,4601,4495,3824,799,3025,144,33,111,527,231,296,106,112,87,80,72,8,1,1,0,6,6,0,25,2234,1594,208,152,170,110
2021,Leeds 040,E02002369,6009,3521,3263,2804,805,1999,73,25,48,386,157,229,258,130,87,83,63,20,1,1,0,3,3,0,43,2358,923,318,405,465,247
2021,Leeds 041,E02002370,5458,3326,3125,2788,806,1982,43,7,36,294,98,196,201,87,57,57,50,7,0,0,0,0,0,0,30,2045,944,193,322,391,195
2021,Leeds 042,E02002371,8422,4908,4419,3690,1122,2568,86,37,49,643,319,324,489,259,158,148,116,32,0,0,0,10,10,0,101,3255,985,705,606,447,512
2021,Leeds 044,E02002373,8153,2742,2560,2292,454,1838,43,13,30,225,108,117,182,1811,1294,1196,1064,132,7,7,0,91,83,8,517,3600,392,2863,63,128,154
2021,Leeds 045,E02002374,5823,3590,3401,2969,645,2324,49,10,39,383,185,198,189,287,208,191,146,45,0,0,0,17,17,0,79,1946,830,443,236,252,185
2021,Leeds 046,E02002375,5081,2795,2580,2303,575,1728,35,6,29,242,87,155,215,230,138,133,119,14,1,0,1,4,3,1,92,2056,641,578,270,362,205
2021,Leeds 047,E02002376,5603,3057,2755,2310,784,1526,74,29,45,371,191,180,302,175,113,108,90,18,0,0,0,5,5,0,62,2371,545,518,586,419,303
2021,Leeds 048,E02002377,5590,2811,2504,2038,806,1232,89,46,43,377,212,165,307,235,152,145,113,32,1,0,1,6,6,0,83,2544,432,631,741,263,477
2021,Leeds 050,E02002379,4366,2545,2334,2085,629,1456,35,6,29,214,85,129,211,113,82,77,62,15,0,0,0,5,5,0,31,1708,583,268,306,372,179
2021,Leeds 051,E02002380,4586,2810,2701,2360,618,1742,53,11,42,288,104,184,109,70,49,42,35,7,2,0,2,5,2,3,21,1706,1025,155,156,238,132
2021,Leeds 052,E02002381,5203,3437,3288,2887,593,2294,47,12,35,354,147,207,149,63,44,36,28,8,0,0,0,8,5,3,19,1703,965,167,155,263,153
2021,Leeds 053,E02002382,4900,2574,2247,1780,672,1108,86,38,48,381,213,168,327,156,101,96,68,28,0,0,0,5,3,2,55,2170,326,412,694,232,506
2021,Leeds 054,E02002383,7686,1469,1321,1133,310,823,23,9,14,165,86,79,148,1642,1153,1061,925,136,3,3,0,89,82,7,489,4575,156,3979,162,119,159
2021,Leeds 055,E02002384,10253,3622,3252,2815,775,2040,75,22,53,362,181,181,370,1181,696,635,524,111,2,2,0,59,54,5,485,5450,598,3413,603,428,408
2021,Leeds 056,E02002385,7727,3993,3699,3266,698,2568,48,13,35,385,183,202,294,966,716,649,545,104,2,2,0,65,60,5,250,2768,435,1602,219,217,295
2021,Leeds 057,E02002386,7769,4566,4404,3814,896,2918,87,13,74,503,182,321,162,123,98,88,70,18,0,0,0,10,5,5,25,3080,2366,205,176,212,121
2021,Leeds 058,E02002387,4799,2986,2814,2494,618,1876,44,13,31,276,118,158,172,100,76,75,60,15,0,0,0,1,1,0,24,1713,739,220,242,320,192
2021,Leeds 059,E02002388,6289,3949,3693,3264,811,2453,55,12,43,374,171,203,256,139,100,95,76,19,0,0,0,5,4,1,39,2201,848,311,358,423,261
2021,Leeds 060,E02002389,5676,3078,2747,2396,743,1653,59,16,43,292,127,165,331,195,147,128,97,31,3,3,0,16,7,9,48,2403,871,435,398,437,262
2021,Leeds 061,E02002390,5729,3681,3496,3116,695,2421,51,13,38,329,101,228,185,112,82,77,62,15,0,0,0,5,5,0,30,1936,985,234,252,266,199
2021,Leeds 062,E02002391,6476,4325,4178,3657,826,2831,85,16,69,436,185,251,147,106,78,74,57,17,0,0,0,4,3,1,28,2045,1293,237,160,203,152
2021,Leeds 063,E02002392,9492,1864,1703,1552,313,1239,20,6,14,131,66,65,161,1725,985,900,768,132,6,5,1,79,79,0,740,5903,200,5188,174,186,155
2021,Leeds 064,E02002393,6669,3662,3203,2681,780,1901,101,53,48,421,205,216,459,218,151,133,90,43,2,1,1,16,11,5,67,2789,507,631,644,471,536
2021,Leeds 065,E02002394,5574,3025,2638,2291,732,1559,62,23,39,285,136,149,387,150,95,93,67,26,1,1,0,1,0,1,55,2399,559,595,570,361,314
2021,Leeds 066,E02002395,5807,3548,3406,2920,746,2174,98,27,71,388,151,237,142,92,75,67,55,12,0,0,0,8,8,0,17,2167,1180,306,329,180,172
2021,Leeds 067,E02002396,7517,4726,4423,3901,913,2988,71,17,54,451,159,292,303,169,112,98,80,18,1,0,1,13,6,7,57,2622,1362,309,314,341,296
2021,Leeds 068,E02002397,6246,3836,3653,3207,793,2414,52,13,39,394,154,240,183,96,71,65,53,12,0,0,0,6,3,3,25,2314,1316,279,237,303,179
2021,Leeds 069,E02002398,6352,3695,3587,3071,752,2319,75,15,60,441,155,286,108,118,90,74,57,17,2,2,0,14,14,0,28,2539,1887,252,146,151,103
2021,Leeds 070,E02002399,4912,2896,2643,2344,693,1651,38,12,26,261,102,159,253,114,83,78,57,21,1,0,1,4,3,1,31,1902,717,325,313,312,235
2021,Leeds 071,E02002400,7715,4332,3898,3403,822,2581,80,31,49,415,193,222,434,216,173,158,103,55,1,1,0,14,10,4,43,3167,691,465,551,569,891
2021,Leeds 072,E02002401,4821,2740,2478,2176,684,1492,43,13,30,259,85,174,262,133,97,90,66,24,0,0,0,7,3,4,36,1948,665,314,372,390,207
2021,Leeds 073,E02002402,4894,2995,2918,2508,581,1927,68,16,52,342,134,208,77,80,65,62,51,11,0,0,0,3,3,0,15,1819,1397,129,124,89,80
2021,Leeds 074,E02002403,5329,2961,2855,2497,620,1877,55,10,45,303,119,184,106,137,96,94,88,6,0,0,0,2,1,1,41,2231,1626,243,112,172,78
2021,Leeds 075,E02002404,9069,5772,5379,4908,928,3980,95,33,62,376,133,243,393,435,283,253,196,57,1,1,0,29,26,3,152,2862,766,880,453,441,322
2021,Leeds 076,E02002405,7256,4439,4282,3736,922,2814,84,16,68,462,199,263,157,91,56,52,43,9,1,0,1,3,1,2,35,2726,1747,320,265,229,165
2021,Leeds 077,E02002406,5982,3512,3426,3035,734,2301,60,13,47,331,135,196,86,93,57,55,45,10,0,0,0,2,2,0,36,2377,1852,191,132,120,82
2021,Leeds 078,E02002407,4910,2885,2604,2347,661,1686,43,7,36,214,73,141,281,105,75,69,54,15,1,1,0,5,4,1,30,1920,705,244,340,451,180
2021,Leeds 079,E02002408,6219,3861,3719,3241,720,2521,84,15,69,394,150,244,142,88,68,65,52,13,0,0,0,3,2,1,20,2270,1444,245,191,217,173
2021,Leeds 080,E02002409,4918,2954,2781,2357,625,1732,82,17,65,342,139,203,173,87,51,51,34,17,0,0,0,0,0,0,36,1877,1033,191,212,267,174
2021,Leeds 081,E02002410,5737,3573,3282,2886,658,2228,61,17,44,335,129,206,291,99,63,56,44,12,0,0,0,7,7,0,36,2065,1135,226,244,286,174
2021,Leeds 082,E02002411,7278,4744,4376,3914,797,3117,57,22,35,405,165,240,368,261,194,176,126,50,0,0,0,18,14,4,67,2273,577,520,444,375,357
2021,Leeds 083,E02002412,5881,3908,3739,3291,670,2621,67,16,51,381,138,243,169,93,71,68,56,12,2,0,2,1,1,0,22,1880,1121,201,187,203,168
2021,Leeds 085,E02002414,5051,2983,2696,2361,724,1637,72,23,49,263,113,150,287,176,131,124,93,31,0,0,0,7,7,0,45,1892,538,360,366,412,216
2021,Leeds 086,E02002415,5582,3013,2656,2238,840,1398,85,30,55,333,157,176,357,223,163,157,123,34,0,0,0,6,5,1,60,2346,280,538,692,347,489
2021,Leeds 087,E02002416,5750,3172,3054,2638,669,1969,76,13,63,340,133,207,118,66,45,43,35,8,2,0,2,0,0,0,21,2512,1773,190,151,251,147
2021,Leeds 088,E02002417,5914,3587,3484,3033,733,2300,71,14,57,380,146,234,103,81,65,63,54,9,2,1,1,0,0,0,16,2246,1546,185,178,195,142
2021,Leeds 089,E02002418,5811,3550,3407,2979,739,2240,60,11,49,368,152,216,143,84,60,56,49,7,0,0,0,4,3,1,24,2177,1453,191,170,236,127
2021,Leeds 090,E02002419,6313,3674,3421,3001,842,2159,68,15,53,352,159,193,253,137,107,102,88,14,2,2,0,3,3,0,30,2502,1028,294,439,455,286
2021,Leeds 091,E02002420,6403,3923,3700,3138,838,2300,84,25,59,478,209,269,223,165,113,100,71,29,0,0,0,13,12,1,52,2315,1051,326,441,231,266
2021,Leeds 092,E02002421,4786,2675,2400,2129,650,1479,62,24,38,209,82,127,275,135,107,105,87,18,1,1,0,1,1,0,28,1976,671,249,367,452,237
2021,Leeds 093,E02002422,5364,3432,3320,2893,627,2266,59,11,48,368,136,232,112,100,72,70,57,13,0,0,0,2,2,0,28,1832,1361,150,116,131,74
2021,Leeds 094,E02002423,4537,2630,2435,2157,603,1554,32,6,26,246,84,162,195,78,55,54,41,13,0,0,0,1,1,0,23,1829,904,187,259,292,187
2021,Leeds 095,E02002424,6214,3907,3754,3292,815,2477,100,17,83,362,135,227,153,90,75,73,62,11,2,2,0,0,0,0,15,2217,1380,214,171,262,190
2021,Leeds 096,E02002425,7163,4272,4129,3513,879,2634,103,25,78,513,202,311,143,106,81,77,67,10,0,0,0,4,3,1,25,2785,1966,204,199,245,171
2021,Leeds 097,E02002426,6404,3841,3704,3198,740,2458,89,16,73,417,170,247,137,97,70,63,47,16,3,1,2,4,2,2,27,2466,1661,248,173,231,153
2021,Leeds 098,E02002427,5501,3135,3001,2625,653,1972,65,20,45,311,119,192,134,80,55,53,49,4,0,0,0,2,2,0,25,2286,1512,159,206,293,116
2021,Leeds 099,E02002428,6292,4093,3893,3407,778,2629,82,19,63,404,125,279,200,93,65,60,45,15,4,4,0,1,1,0,28,2106,1079,242,282,299,204
2021,Leeds 100,E02002429,6890,4328,4171,3640,807,2833,112,15,97,419,170,249,157,117,85,82,67,15,0,0,0,3,2,1,32,2445,1654,202,213,240,136
2021,Leeds 101,E02002430,5932,3469,3166,2837,839,1998,47,8,39,282,103,179,303,144,97,90,66,24,1,1,0,6,6,0,47,2319,749,373,482,455,260
2021,Leeds 102,E02002431,7140,4900,4705,4200,899,3301,71,16,55,434,157,277,195,136,106,103,81,22,2,1,1,1,1,0,30,2104,1100,232,261,314,197
2021,Leeds 103,E02002432,6181,3849,3707,3224,806,2418,72,16,56,411,151,260,142,117,88,87,76,11,0,0,0,1,0,1,29,2215,1466,225,171,225,128
2021,Leeds 104,E02002433,5813,3627,3451,3079,641,2438,63,9,54,309,112,197,176,111,83,78,61,17,0,0,0,5,5,0,28,2075,1235,200,162,325,153
2021,Leeds 105,E02002434,7904,5639,5443,4760,1017,3743,124,18,106,559,208,351,196,161,123,119,86,33,0,0,0,4,1,3,38,2104,1162,300,240,249,153
2021,Leeds 106,E02002435,6685,4355,4217,3693,801,2892,86,21,65,438,167,271,138,116,92,86,69,17,2,1,1,4,2,2,24,2214,1482,221,184,192,135
2021,Leeds 107,E02002436,5572,3374,3269,2794,643,2151,57,12,45,418,146,272,105,100,81,76,59,17,1,1,0,4,3,1,19,2098,1231,183,217,318,149
2021,Leeds 108,E02002437,5104,3209,3141,2622,633,1989,99,25,74,420,177,243,68,85,61,61,58,3,0,0,0,0,0,0,24,1810,1288,186,149,114,73
2021,Wakefield 001,E02002438,6867,3780,3543,3196,880,2316,54,10,44,293,96,197,237,108,77,72,62,10,0,0,0,5,4,1,31,2979,1286,212,532,657,292
2021,Wakefield 002,E02002439,7255,4395,4170,3793,846,2947,62,20,42,315,111,204,225,89,73,72,54,18,0,0,0,1,1,0,16,2771,1489,202,325,477,278
2021,Wakefield 003,E02002440,6359,3487,3304,2910,805,2105,72,16,56,322,118,204,183,105,73,71,59,12,0,0,0,2,1,1,32,2767,1558,208,349,433,219
2021,Wakefield 004,E02002441,7920,4733,4501,4033,936,3097,69,13,56,399,156,243,232,113,78,75,60,15,0,0,0,3,1,2,35,3074,1619,253,388,533,281
2021,Wakefield 005,E02002442,6071,3953,3826,3385,809,2576,79,21,58,362,136,226,127,93,77,76,66,10,0,0,0,1,1,0,16,2025,1293,158,213,219,142
2021,Wakefield 006,E02002443,5070,3262,3159,2709,676,2033,79,14,65,371,143,228,103,99,72,66,53,13,1,0,1,5,3,2,27,1709,1120,142,131,187,129
2021,Wakefield 007,E02002444,5657,3662,3535,3132,687,2445,73,11,62,330,113,217,127,90,67,66,52,14,0,0,0,1,1,0,23,1905,1239,154,186,190,136
2021,Wakefield 008,E02002445,6934,4206,4052,3542,880,2662,86,20,66,424,161,263,154,106,93,87,73,14,2,2,0,4,4,0,13,2622,1763,200,214,300,145
2021,Wakefield 009,E02002446,5045,2874,2800,2420,583,1837,64,9,55,316,135,181,74,77,51,48,37,11,1,1,0,2,2,0,26,2094,1558,133,153,158,92
2021,Wakefield 010,E02002447,4971,2864,2750,2510,638,1872,40,12,28,200,82,118,114,60,41,40,29,11,0,0,0,1,0,1,19,2047,1255,132,225,279,156
2021,Wakefield 011,E02002448,6469,3694,3521,3197,846,2351,34,9,25,290,101,189,173,75,52,48,37,11,2,0,2,2,1,1,23,2700,1425,177,398,447,253
2021,Wakefield 012,E02002449,7913,5099,4930,4439,987,3452,87,24,63,404,148,256,169,111,86,83,72,11,0,0,0,3,2,1,25,2703,1661,214,319,309,200
2021,Wakefield 013,E02002450,6453,4182,4025,3595,793,2802,57,7,50,373,121,252,157,90,63,62,43,19,0,0,0,1,0,1,27,2181,1325,198,213,274,171
2021,Wakefield 014,E02002451,6661,3896,3781,3297,798,2499,80,17,63,404,173,231,115,90,56,56,44,12,0,0,0,0,0,0,34,2675,1934,195,167,248,131
2021,Wakefield 015,E02002452,7548,4541,4329,3831,815,3016,87,22,65,411,159,252,212,101,90,85,66,19,0,0,0,5,3,2,11,2906,1483,225,350,593,255
2021,Wakefield 016,E02002453,7860,4703,4487,3949,954,2995,75,13,62,463,161,302,216,123,91,89,65,24,2,1,1,0,0,0,32,3034,1597,278,360,501,298
2021,Wakefield 017,E02002454,7520,4614,4289,3705,808,2897,118,33,85,466,201,265,325,160,115,110,89,21,2,2,0,3,3,0,45,2746,1090,347,487,446,376
2021,Wakefield 018,E02002455,5044,2820,2649,2396,677,1719,53,9,44,200,72,128,171,81,65,64,50,14,0,0,0,1,1,0,16,2143,1086,195,315,383,164
2021,Wakefield 019,E02002456,6678,3855,3651,3165,739,2426,79,19,60,407,164,243,204,119,91,87,67,20,0,0,0,4,4,0,28,2704,1035,304,286,256,823
2021,Wakefield 020,E02002457,6155,3314,3078,2669,770,1899,73,21,52,336,143,193,236,118,83,81,67,14,1,0,1,1,0,1,35,2723,1182,292,460,473,316
2021,Wakefield 021,E02002458,7396,4418,4252,3688,882,2806,101,13,88,463,176,287,166,110,91,83,64,19,0,0,0,8,7,1,19,2868,1964,246,238,243,177
2021,Wakefield 022,E02002459,7935,4913,4681,4086,1068,3018,98,25,73,497,208,289,232,135,107,107,87,20,0,0,0,0,0,0,28,2887,1429,336,440,441,241
2021,Wakefield 023,E02002460,6259,3443,3327,2880,748,2132,95,17,78,352,153,199,116,88,70,65,57,8,0,0,0,5,4,1,18,2728,2094,179,165,202,88
2021,Wakefield 024,E02002461,9557,6022,5812,5103,1151,3952,116,27,89,593,202,391,210,132,105,102,76,26,1,1,0,2,2,0,27,3403,1936,305,412,461,289
2021,Wakefield 025,E02002462,6139,3490,3374,2921,776,2145,75,19,56,378,129,249,116,110,81,77,67,10,0,0,0,4,4,0,29,2539,1684,191,232,292,140
2021,Wakefield 026,E02002463,7757,4446,4133,3705,1054,2651,69,17,52,359,139,220,313,149,109,105,83,22,0,0,0,4,2,2,40,3162,1307,364,612,604,275
2021,Wakefield 027,E02002464,7260,4280,4051,3599,929,2670,92,16,76,360,115,245,229,92,69,66,58,8,1,0,1,2,1,1,23,2888,1536,214,391,506,241
2021,Wakefield 028,E02002465,5276,2868,2745,2374,580,1794,73,17,56,298,130,168,123,87,65,63,49,14,1,0,1,1,1,0,22,2321,1568,137,214,239,163
2021,Wakefield 029,E02002466,7475,4262,4095,3541,915,2626,97,19,78,457,183,274,167,139,99,95,79,16,1,1,0,3,2,1,40,3074,2102,233,262,316,161
2021,Wakefield 030,E02002467,7172,4353,4016,3520,929,2591,60,10,50,436,186,250,337,117,87,86,68,18,0,0,0,1,1,0,30,2702,956,376,523,416,431
2021,Wakefield 031,E02002468,5111,3034,2925,2530,645,1885,77,21,56,318,137,181,109,64,51,50,43,7,0,0,0,1,0,1,13,2013,1441,165,143,156,108
2021,Wakefield 032,E02002469,5347,3185,3091,2686,693,1993,73,12,61,332,130,202,94,86,63,61,49,12,1,0,1,1,1,0,23,2076,1427,161,180,197,111
2021,Wakefield 033,E02002470,5176,2617,2559,2111,528,1583,101,29,72,347,165,182,58,60,41,39,34,5,0,0,0,2,2,0,19,2499,2033,169,158,77,62
2021,Wakefield 034,E02002471,9570,5587,5450,4629,1130,3499,156,36,120,665,250,415,137,143,104,102,86,16,0,0,0,2,1,1,39,3840,2784,292,284,319,161
2021,Wakefield 035,E02002472,4909,2747,2677,2204,571,1633,78,15,63,395,175,220,70,79,57,55,49,6,1,1,0,1,1,0,22,2083,1402,137,143,146,255
2021,Wakefield 036,E02002473,5682,3358,3251,2795,712,2083,78,19,59,378,163,215,107,65,41,39,31,8,0,0,0,2,2,0,24,2259,1639,142,187,131,160
2021,Wakefield 037,E02002474,5541,3331,3151,2725,756,1969,57,10,47,369,138,231,180,84,58,51,42,9,0,0,0,7,5,2,26,2126,1161,211,259,328,167
2021,Wakefield 038,E02002475,5247,2916,2837,2375,600,1775,103,26,77,359,149,210,79,66,49,47,41,6,0,0,0,2,1,1,17,2265,1725,159,166,134,81
2021,Wakefield 039,E02002476,5213,2966,2805,2496,700,1796,67,12,55,242,77,165,161,70,48,43,36,7,0,0,0,5,2,3,22,2177,940,153,314,560,210
2021,Wakefield 040,E02002477,5112,2822,2689,2322,638,1684,55,16,39,312,117,195,133,80,55,52,36,16,2,1,1,1,1,0,25,2210,1246,147,277,399,141
2021,Wakefield 041,E02002478,5024,3123,3001,2655,683,1972,59,11,48,287,113,174,122,64,40,39,33,6,0,0,0,1,1,0,24,1837,995,182,224,293,143
2021,Wakefield 042,E02002479,6816,3573,3425,3037,863,2174,69,14,55,319,119,200,148,105,61,58,47,11,0,0,0,3,3,0,44,3138,1936,180,292,544,186
2021,Wakefield 043,E02002480,4642,2456,2351,2109,576,1533,39,7,32,203,71,132,105,62,38,37,26,11,1,0,1,0,0,0,24,2124,1285,110,204,366,159
2021,Wakefield 044,E02002481,5932,3500,3376,2973,724,2249,62,13,49,341,121,220,124,94,65,64,50,14,0,0,0,1,1,0,29,2338,1275,204,291,386,182
2021,Wakefield 045,E02002482,5549,3132,2965,2589,726,1863,55,9,46,321,103,218,167,96,78,74,55,19,0,0,0,4,4,0,18,2321,1136,196,332,460,197
2021,Hartlepool 001,E02002483,8178,4987,4799,4297,1086,3211,97,24,73,405,132,273,188,162,130,124,96,28,2,2,0,4,1,3,32,3029,1853,347,326,322,181
2021,Hartlepool 002,E02002484,8121,3958,3540,3140,978,2162,73,15,58,327,131,196,418,140,95,87,75,12,1,1,0,7,6,1,45,4023,1689,350,652,855,477
2021,Hartlepool 003,E02002485,6231,3133,2861,2558,893,1665,45,12,33,258,92,166,272,106,82,78,62,16,1,1,0,3,2,1,24,2992,1317,312,452,619,292
2021,Hartlepool 007,E02002489,5762,2721,2420,2115,668,1447,54,18,36,251,112,139,301,127,84,82,62,20,0,0,0,2,1,1,43,2914,1190,454,399,597,274
2021,Hartlepool 008,E02002490,4615,2357,2131,1887,593,1294,41,4,37,203,78,125,226,50,30,30,23,7,0,0,0,0,0,0,20,2208,969,208,365,427,239
2021,Hartlepool 009,E02002491,5124,2508,2329,2079,678,1401,36,9,27,214,84,130,179,93,65,63,53,10,0,0,0,2,1,1,28,2523,1228,259,345,474,217
2021,Hartlepool 010,E02002492,5476,2927,2766,2426,788,1638,47,13,34,293,120,173,161,70,51,49,41,8,0,0,0,2,1,1,19,2479,1249,260,320,470,180
2021,Hartlepool 011,E02002493,5689,3122,3014,2655,668,1987,76,22,54,283,106,177,108,109,85,84,64,20,1,1,0,0,0,0,24,2458,1811,186,153,182,126
2021,Hartlepool 012,E02002494,5840,2879,2624,2343,863,1480,35,9,26,246,108,138,255,94,65,65,51,14,0,0,0,0,0,0,29,2867,1114,303,497,654,299
2021,Middlesbrough 001,E02002496,9749,3307,2830,2334,800,1534,103,40,63,393,202,191,477,1229,690,654,574,80,2,0,2,34,28,6,539,5213,790,2020,850,857,696
2021,Middlesbrough 002,E02002497,4641,2245,1947,1758,595,1163,34,11,23,155,60,95,298,161,94,92,71,21,0,0,0,2,1,1,67,2235,695,309,423,495,313
2021,Middlesbrough 003,E02002498,6675,2708,2261,1955,715,1240,73,26,47,233,119,114,447,619,357,333,293,40,9,5,4,15,14,1,262,3348,707,863,677,584,517
2021,Middlesbrough 004,E02002499,5643,2906,2655,2436,863,1573,34,11,23,185,60,125,251,121,81,79,61,18,1,1,0,1,1,0,40,2616,879,363,503,564,307
2021,Middlesbrough 005,E02002500,4668,2448,2252,1896,564,1332,91,34,57,265,119,146,196,153,102,96,74,22,2,2,0,4,4,0,51,2067,841,348,349,306,223
2021,Middlesbrough 006,E02002501,4717,2523,2316,2033,660,1373,39,16,23,244,102,142,207,70,58,57,50,7,0,0,0,1,0,1,12,2124,804,270,362,429,259
2021,Middlesbrough 007,E02002502,7518,3621,3216,2932,1023,1909,51,14,37,233,102,131,405,144,92,88,75,13,0,0,0,4,4,0,52,3753,1456,411,620,869,397
2021,Middlesbrough 008,E02002503,5078,2845,2620,2337,767,1570,45,16,29,238,104,134,225,93,71,71,59,12,0,0,0,0,0,0,22,2140,788,311,390,389,262
2021,Middlesbrough 009,E02002504,7705,4303,4071,3378,919,2459,150,39,111,543,261,282,232,217,169,156,130,26,3,0,3,10,9,1,48,3185,1493,519,558,303,312
2021,Middlesbrough 010,E02002505,4682,2444,2207,2052,789,1263,25,8,17,130,45,85,237,100,67,64,41,23,2,1,1,1,1,0,33,2138,684,250,454,501,249
2021,Middlesbrough 011,E02002506,4405,2031,1860,1689,562,1127,24,8,16,147,58,89,171,103,62,59,50,9,1,1,0,2,2,0,41,2271,771,359,350,537,254
2021,Middlesbrough 012,E02002507,5060,3008,2869,2491,641,1850,66,18,48,312,130,182,139,112,90,84,62,22,2,1,1,4,4,0,22,1940,1215,250,227,137,111
2021,Middlesbrough 013,E02002508,4469,2462,2341,2019,548,1471,54,19,35,268,116,152,121,103,74,73,51,22,0,0,0,1,1,0,29,1904,1296,192,209,115,92
2021,Middlesbrough 014,E02002509,4119,2198,2030,1806,578,1228,36,12,24,188,65,123,168,82,60,57,43,14,2,1,1,1,1,0,22,1839,1018,171,249,240,161
2021,Middlesbrough 015,E02002510,5858,3371,3254,2897,724,2173,67,12,55,290,112,178,117,114,90,88,71,17,0,0,0,2,0,2,24,2373,1800,172,164,136,101
2021,Middlesbrough 017,E02002512,4474,2457,2394,2065,514,1551,71,19,52,258,98,160,63,84,64,63,55,8,0,0,0,1,1,0,20,1933,1455,172,114,110,82
2021,Middlesbrough 018,E02002513,8251,4363,4080,3608,995,2613,70,14,56,402,181,221,283,155,110,103,94,9,1,1,0,6,5,1,45,3733,2026,329,430,604,344
2021,Middlesbrough 019,E02002514,6942,3677,3507,3111,896,2215,69,20,49,327,130,197,170,151,98,93,78,15,0,0,0,5,5,0,53,3114,1817,292,281,532,192
2021,Redcar and Cleveland 001,E02002515,5460,2802,2523,2169,717,1452,61,12,49,293,123,170,279,95,67,67,54,13,0,0,0,0,0,0,28,2563,1211,234,262,628,228
2021,Redcar and Cleveland 002,E02002516,4656,2599,2461,2180,651,1529,37,12,25,244,91,153,138,97,70,67,50,17,0,0,0,3,3,0,27,1960,1133,177,218,310,122
2021,Redcar and Cleveland 003,E02002517,4283,2166,2037,1768,566,1202,62,19,43,207,79,128,129,69,47,43,30,13,0,0,0,4,3,1,22,2048,1054,219,318,281,176
2021,Redcar and Cleveland 004,E02002518,9098,5150,4964,4400,1182,3218,101,22,79,463,202,261,186,172,141,133,110,23,0,0,0,8,8,0,31,3776,2696,313,285,297,185
2021,Redcar and Cleveland 005,E02002519,5981,2784,2570,2280,723,1557,45,13,32,245,107,138,214,91,60,58,49,9,0,0,0,2,0,2,31,3106,1730,270,374,557,175
2021,Redcar and Cleveland 006,E02002520,11067,5715,5475,4767,1296,3471,137,33,104,571,224,347,240,213,153,143,119,24,0,0,0,10,6,4,60,5139,3754,405,350,411,219
2021,Redcar and Cleveland 007,E02002521,5109,2357,2253,1765,549,1216,84,23,61,404,202,202,104,55,37,36,29,7,0,0,0,1,0,1,18,2697,1935,182,168,285,127
2021,Redcar and Cleveland 009,E02002523,4601,2219,1895,1717,629,1088,30,9,21,148,68,80,324,73,55,53,42,11,0,0,0,2,1,1,18,2309,673,277,524,585,250
2021,Redcar and Cleveland 010,E02002524,4426,2213,2088,1793,520,1273,56,10,46,239,110,129,125,67,54,54,45,9,0,0,0,0,0,0,13,2146,1339,157,221,298,131
2021,Redcar and Cleveland 011,E02002525,6737,3515,3292,2934,918,2016,64,17,47,294,121,173,223,89,59,55,43,12,1,0,1,3,2,1,30,3133,1839,241,288,524,241
2021,Redcar and Cleveland 012,E02002526,6312,3389,3234,2780,830,1950,76,13,63,378,185,193,155,102,76,72,63,9,0,0,0,4,3,1,26,2821,1674,241,295,417,194
2021,Redcar and Cleveland 013,E02002527,4004,2017,1836,1594,540,1054,31,8,23,211,84,127,181,39,25,24,20,4,0,0,0,1,1,0,14,1948,980,199,285,341,143
2021,Redcar and Cleveland 015,E02002529,4753,2479,2315,2075,606,1469,30,5,25,210,74,136,164,100,75,74,57,17,0,0,0,1,1,0,25,2174,1293,194,247,301,139
2021,Redcar and Cleveland 016,E02002530,5225,2552,2384,1953,628,1325,86,20,66,345,128,217,168,55,41,39,32,7,0,0,0,2,1,1,14,2618,1537,176,316,408,181
2021,Redcar and Cleveland 018,E02002532,5554,2909,2684,2305,674,1631,93,19,74,286,124,162,225,86,71,70,65,5,0,0,0,1,1,0,15,2559,1482,197,280,413,187
2021,Redcar and Cleveland 019,E02002533,5412,2845,2745,2347,701,1646,82,19,63,316,128,188,100,84,59,58,48,10,0,0,0,1,0,1,25,2483,1862,172,210,159,80
2021,Redcar and Cleveland 020,E02002534,4865,2308,2259,1926,514,1412,81,23,58,252,118,134,49,50,32,29,25,4,0,0,0,3,2,1,18,2507,2039,157,142,89,80
2021,Stockton-on-Tees 001,E02002535,7736,4592,4434,3951,970,2981,78,19,59,405,148,257,158,126,94,88,73,15,1,0,1,5,5,0,32,3018,2180,272,214,230,122
2021,Stockton-on-Tees 002,E02002536,7577,4119,3869,3476,1010,2466,48,11,37,345,145,200,250,162,132,131,106,25,0,0,0,1,0,1,30,3296,1925,307,345,475,244
2021,Stockton-on-Tees 003,E02002537,6469,3485,3226,2922,922,2000,41,13,28,263,115,148,259,144,114,113,91,22,0,0,0,1,0,1,30,2840,1226,269,522,555,268
2021,Stockton-on-Tees 004,E02002538,4570,2530,2404,2106,597,1509,43,8,35,255,117,138,126,56,49,48,43,5,0,0,0,1,1,0,7,1984,1217,178,204,260,125
2021,Stockton-on-Tees 005,E02002539,8671,4977,4799,3934,912,3022,241,42,199,624,264,360,178,177,141,134,105,29,0,0,0,7,5,2,36,3517,2469,312,333,235,168
2021,Stockton-on-Tees 006,E02002540,5154,2756,2667,2343,623,1720,57,14,43,267,99,168,89,81,53,52,42,10,0,0,0,1,0,1,28,2317,1869,126,130,106,86
2021,Stockton-on-Tees 007,E02002541,5022,2837,2674,2326,666,1660,51,13,38,297,116,181,163,76,51,49,43,6,0,0,0,2,2,0,25,2109,1290,166,240,278,135
2021,Stockton-on-Tees 008,E02002542,6257,3335,3013,2738,901,1837,40,9,31,235,95,140,322,117,80,78,65,13,1,0,1,1,1,0,37,2805,1207,264,454,587,293
2021,Stockton-on-Tees 009,E02002543,6977,3963,3645,3316,991,2325,63,13,50,266,110,156,318,107,67,61,55,6,1,1,0,5,3,2,40,2907,1189,304,488,625,301
2021,Stockton-on-Tees 010,E02002544,7414,3798,3456,3148,963,2185,41,18,23,267,106,161,342,121,85,82,62,20,0,0,0,3,0,3,36,3495,1207,294,318,670,1006
2021,Stockton-on-Tees 011,E02002545,4276,2390,2278,2021,570,1451,39,6,33,218,92,126,112,66,54,51,45,6,2,1,1,1,1,0,12,1820,1361,123,134,123,79
2021,Stockton-on-Tees 012,E02002546,5819,3188,2862,2541,831,1710,74,15,59,247,107,140,326,103,76,71,54,17,1,1,0,4,3,1,27,2528,988,344,426,475,295
2021,Stockton-on-Tees 013,E02002547,5168,2549,2472,2153,591,1562,54,17,37,265,106,159,77,90,65,65,55,10,0,0,0,0,0,0,25,2529,1846,183,184,176,140
2021,Stockton-on-Tees 015,E02002549,6301,3341,3221,2841,792,2049,52,12,40,328,134,194,120,102,78,77,66,11,0,0,0,1,1,0,24,2858,2199,201,178,157,123
2021,Stockton-on-Tees 016,E02002550,4954,2729,2587,2161,585,1576,93,19,74,333,140,193,142,87,71,63,54,9,1,0,1,7,7,0,16,2138,1307,200,254,225,152
2021,Stockton-on-Tees 017,E02002551,4345,2217,1994,1764,523,1241,27,9,18,203,89,114,223,113,79,75,53,22,1,1,0,3,2,1,34,2015,733,223,326,454,279
2021,Stockton-on-Tees 018,E02002552,5550,3259,3061,2765,795,1970,57,18,39,239,94,145,198,115,90,86,62,24,0,0,0,4,4,0,25,2176,1085,262,286,295,248
2021,Stockton-on-Tees 019,E02002553,4630,2564,2399,2131,592,1539,44,15,29,224,78,146,165,73,60,56,47,9,1,0,1,3,3,0,13,1993,1126,198,241,269,159
2021,Stockton-on-Tees 020,E02002554,4107,1966,1795,1627,523,1104,28,10,18,140,45,95,171,62,36,36,31,5,0,0,0,0,0,0,26,2079,1176,173,256,308,166
2021,Stockton-on-Tees 021,E02002555,8301,4632,4470,3822,955,2867,120,25,95,528,242,286,162,151,103,96,81,15,0,0,0,7,7,0,48,3518,2439,393,318,227,141
2021,Stockton-on-Tees 022,E02002556,6002,3598,3475,2957,724,2233,126,26,100,392,141,251,123,116,83,80,73,7,0,0,0,3,2,1,33,2288,1522,276,230,109,151
2021,Stockton-on-Tees 024,E02002558,9141,5202,5009,4229,1001,3228,172,34,138,608,241,367,193,133,98,96,81,15,0,0,0,2,1,1,35,3806,2781,301,328,182,214
2021,Darlington 001,E02002559,7867,4980,4853,4074,938,3136,194,40,154,585,231,354,127,123,91,86,75,11,1,0,1,4,3,1,32,2764,1928,274,242,194,126
2021,Darlington 002,E02002560,5062,3141,3035,2683,692,1991,49,11,38,303,136,167,106,113,78,76,60,16,1,1,0,1,1,0,35,1808,1161,203,169,135,140
2021,Darlington 003,E02002561,4597,2478,2383,2101,542,1559,45,8,37,237,100,137,95,74,53,53,47,6,0,0,0,0,0,0,21,2045,1464,135,157,163,126
2021,Darlington 004,E02002562,4638,2655,2430,2209,621,1588,30,6,24,191,79,112,225,75,61,58,49,9,2,2,0,1,1,0,14,1908,983,147,231,356,191
2021,Darlington 005,E02002563,4606,2459,2347,2072,582,1490,47,8,39,228,100,128,112,64,49,45,39,6,2,1,1,2,1,1,15,2083,1384,138,181,261,119
2021,Darlington 006,E02002564,7820,4512,4259,3798,1055,2743,60,13,47,401,157,244,253,160,123,115,94,21,0,0,0,8,2,6,37,3148,1766,314,402,462,204
2021,Darlington 009,E02002567,7311,4345,4101,3669,981,2688,58,13,45,374,165,209,244,159,119,114,84,30,1,0,1,4,3,1,40,2807,1406,309,433,411,248
2021,Darlington 010,E02002568,5061,2749,2649,2217,508,1709,106,20,86,326,134,192,100,85,65,63,55,8,1,0,1,1,1,0,20,2227,1644,253,142,106,82
2021,Darlington 011,E02002569,7743,3871,3779,3221,809,2412,150,43,107,408,179,229,92,131,100,98,85,13,0,0,0,2,1,1,31,3741,3094,242,196,99,110
2021,Darlington 012,E02002570,6199,3475,3189,2815,730,2085,74,14,60,300,107,193,286,80,62,60,48,12,1,1,0,1,1,0,18,2644,1347,182,367,512,236
2021,Darlington 013,E02002571,4983,2961,2765,2451,676,1775,48,10,38,266,91,175,196,89,72,70,54,16,0,0,0,2,2,0,17,1933,1000,203,302,250,178
2021,Darlington 014,E02002572,4911,2904,2673,2360,608,1752,45,11,34,268,110,158,231,77,66,66,50,16,0,0,0,0,0,0,11,1930,871,233,291,356,179
2021,Darlington 015,E02002573,7676,4419,4301,3650,891,2759,146,29,117,505,219,286,118,145,111,111,102,9,0,0,0,0,0,0,34,3112,2227,239,253,203,190
2021,Halton 001,E02002574,7146,4480,4388,3843,777,3066,116,22,94,429,175,254,92,142,109,109,93,16,0,0,0,0,0,0,33,2524,1813,245,165,173,128
2021,Halton 002,E02002575,7804,4948,4806,4137,862,3275,146,44,102,523,218,305,142,194,149,146,131,15,0,0,0,3,2,1,45,2662,1834,311,198,170,149
2021,Halton 003,E02002576,6162,3533,3382,3010,731,2279,46,8,38,326,105,221,151,113,89,86,73,13,0,0,0,3,3,0,24,2516,1465,172,220,496,163
2021,Halton 004,E02002577,5744,3033,2828,2499,691,1808,42,10,32,287,104,183,205,105,79,76,63,13,0,0,0,3,2,1,26,2606,1228,273,346,556,203
2021,Halton 005,E02002578,6721,4055,3905,3480,856,2624,81,27,54,344,134,210,150,147,112,108,96,12,0,0,0,4,0,4,35,2519,1366,261,307,371,214
2021,Halton 006,E02002579,6212,3439,3261,2906,827,2079,52,18,34,303,107,196,178,122,86,83,70,13,0,0,0,3,3,0,36,2651,1321,226,329,561,214
2021,Halton 007,E02002580,6224,3636,3366,3028,834,2194,51,9,42,287,118,169,270,113,78,75,51,24,0,0,0,3,0,3,35,2475,941,254,379,578,323
2021,Halton 008,E02002581,5988,3313,3188,2778,731,2047,72,15,57,338,129,209,125,96,71,69,61,8,0,0,0,2,2,0,25,2579,1736,192,192,287,172
2021,Halton 009,E02002582,7652,5058,4922,4208,784,3424,128,24,104,586,234,352,136,169,129,127,113,14,0,0,0,2,1,1,40,2425,1553,271,205,161,235
2021,Halton 010,E02002583,5873,2945,2716,2492,630,1862,27,8,19,197,70,127,229,91,54,53,35,18,0,0,0,1,1,0,37,2837,1111,293,454,740,239
2021,Halton 011,E02002584,5931,3441,3297,2979,670,2309,35,7,28,283,101,182,144,132,89,84,71,13,0,0,0,5,4,1,43,2358,1335,228,249,359,187
2021,Halton 012,E02002585,8817,5529,5254,4690,981,3709,83,19,64,481,185,296,275,147,116,110,85,25,0,0,0,6,6,0,31,3141,1616,258,347,545,375
2021,Halton 013,E02002586,7459,3920,3639,3291,883,2408,47,6,41,301,132,169,281,118,87,86,69,17,0,0,0,1,1,0,31,3421,1419,348,474,866,314
2021,Halton 014,E02002587,5147,2840,2673,2424,548,1876,22,8,14,227,84,143,167,70,53,53,50,3,0,0,0,0,0,0,17,2237,1095,214,320,448,160
2021,Halton 015,E02002588,5743,2992,2783,2518,742,1776,31,7,24,234,91,143,209,93,61,55,46,9,0,0,0,6,6,0,32,2658,1284,242,306,590,236
2021,Halton 016,E02002589,5331,2957,2878,2542,578,1964,53,13,40,283,124,159,79,78,61,60,54,6,0,0,0,1,0,1,17,2296,1841,132,97,144,82
2021,Warrington 001,E02002590,6239,3212,3081,2506,631,1875,122,25,97,453,191,262,131,114,82,76,67,9,2,2,0,4,4,0,32,2913,1573,200,168,146,826
2021,Warrington 002,E02002591,5392,3068,2972,2506,607,1899,81,19,62,385,158,227,96,73,55,55,52,3,0,0,0,0,0,0,18,2251,1647,184,144,179,97
2021,Warrington 003,E02002592,5238,2874,2772,2333,558,1775,74,19,55,365,162,203,102,101,82,80,69,11,1,0,1,1,1,0,19,2263,1551,168,174,248,122
2021,Warrington 004,E02002593,4237,2386,2283,1997,464,1533,46,18,28,240,98,142,103,76,63,63,53,10,0,0,0,0,0,0,13,1775,1169,124,154,232,96
2021,Warrington 005,E02002594,4547,2789,2637,2317,552,1765,38,12,26,282,132,150,152,93,81,78,69,9,0,0,0,3,2,1,12,1665,923,152,191,271,128
2021,Warrington 006,E02002595,6243,3770,3550,3180,877,2303,47,11,36,323,124,199,220,133,95,86,67,19,0,0,0,9,4,5,38,2340,877,270,392,510,291
2021,Warrington 007,E02002596,6825,3820,3637,3195,758,2437,47,12,35,395,166,229,183,159,117,112,100,12,0,0,0,5,4,1,42,2846,2007,275,208,228,128
2021,Warrington 008,E02002597,7119,4100,3843,3422,938,2484,54,19,35,367,138,229,257,148,121,120,91,29,0,0,0,1,1,0,27,2871,1302,308,453,529,279
2021,Warrington 009,E02002598,8725,6334,6187,5505,1006,4499,110,22,88,572,246,326,147,209,169,164,147,17,1,1,0,4,2,2,40,2182,1275,355,262,148,142
2021,Warrington 010,E02002599,8998,5700,5536,4802,1108,3694,124,16,108,610,271,339,164,168,133,128,119,9,0,0,0,5,5,0,35,3130,1934,364,303,342,187
2021,Warrington 011,E02002600,7538,4780,4535,4028,1011,3017,56,10,46,451,200,251,245,119,90,88,68,20,0,0,0,2,2,0,29,2639,1406,226,297,470,240
2021,Warrington 012,E02002601,7442,4633,4500,3930,934,2996,69,11,58,501,201,300,133,137,100,95,77,18,0,0,0,5,4,1,37,2672,1882,226,185,235,144
2021,Warrington 013,E02002602,6263,3987,3762,3350,874,2476,57,18,39,355,149,206,225,128,103,96,76,20,1,0,1,6,5,1,25,2148,697,260,436,451,304
2021,Warrington 014,E02002603,5840,3350,3250,2766,703,2063,67,8,59,417,177,240,100,102,84,84,74,10,0,0,0,0,0,0,18,2388,1740,188,172,172,116
2021,Warrington 015,E02002604,6508,3889,3775,3327,754,2573,67,12,55,381,180,201,114,117,92,90,75,15,0,0,0,2,2,0,25,2502,1894,217,144,159,88
2021,Warrington 016,E02002605,7271,4548,4386,3863,893,2970,72,14,58,451,177,274,162,167,126,121,97,24,0,0,0,5,5,0,41,2556,1591,259,241,293,172
2021,Warrington 017,E02002606,9303,6163,5879,5255,1173,4082,100,26,74,524,201,323,284,189,151,140,105,35,1,0,1,10,9,1,38,2951,1285,293,380,628,365
2021,Warrington 018,E02002607,9520,6064,5756,5079,1001,4078,91,31,60,586,253,333,308,174,137,134,89,45,0,0,0,3,3,0,37,3282,1796,271,381,509,325
2021,Warrington 019,E02002608,7046,3823,3724,3270,771,2499,81,20,61,373,171,202,99,142,108,104,93,11,0,0,0,4,4,0,34,3081,2387,207,171,201,115
2021,Warrington 020,E02002609,7633,5004,4758,4175,1017,3158,82,21,61,501,199,302,246,152,111,110,92,18,0,0,0,1,0,1,41,2477,1112,276,355,457,277
2021,Warrington 021,E02002610,10147,6016,5850,4728,1206,3522,229,51,178,893,419,474,166,149,112,109,92,17,1,0,1,2,2,0,37,3982,2832,462,286,220,182
2021,Warrington 022,E02002611,6430,3876,3779,3182,732,2450,107,23,84,490,229,261,97,127,93,93,81,12,0,0,0,0,0,0,34,2427,1825,258,146,102,96
2021,Warrington 023,E02002612,7555,4527,4414,3717,840,2877,119,24,95,578,264,314,113,126,94,88,76,12,0,0,0,6,5,1,32,2902,2017,290,233,214,148
2021,Warrington 024,E02002613,5744,3437,3321,2698,588,2110,152,36,116,471,206,265,116,99,75,72,57,15,0,0,0,3,3,0,24,2208,1464,221,159,91,273
2021,Warrington 025,E02002614,4921,2548,2475,2002,503,1499,122,28,94,351,170,181,73,79,61,58,52,6,0,0,0,3,2,1,18,2294,1766,209,181,61,77
2021,Blackburn with Darwen 001,E02002615,8253,4542,4312,3669,1134,2535,108,34,74,535,267,268,230,212,140,132,110,22,1,1,0,7,7,0,72,3499,1719,506,592,425,257
2021,Blackburn with Darwen 002,E02002616,7074,3950,3753,3068,1038,2030,179,54,125,506,255,251,197,172,138,131,107,24,0,0,0,7,7,0,34,2952,1197,574,684,248,249
2021,Blackburn with Darwen 003,E02002617,7061,3415,3112,2632,1111,1521,104,44,60,376,228,148,303,221,145,141,115,26,1,1,0,3,3,0,76,3425,727,745,1088,448,417
2021,Blackburn with Darwen 004,E02002618,5915,2876,2666,2265,881,1384,82,31,51,319,169,150,210,179,128,122,101,21,0,0,0,6,5,1,51,2860,687,598,872,350,353
2021,Blackburn with Darwen 005,E02002619,6988,3462,3199,2637,907,1730,127,52,75,435,225,210,263,174,115,105,84,21,2,1,1,8,7,1,59,3352,925,576,885,515,451
2021,Blackburn with Darwen 006,E02002620,6947,3139,2858,2454,854,1600,100,38,62,304,149,155,281,201,143,132,97,35,6,1,5,5,5,0,58,3607,908,624,798,804,473
2021,Blackburn with Darwen 007,E02002621,6313,2991,2715,2304,986,1318,94,40,54,317,193,124,276,188,122,120,96,24,2,2,0,0,0,0,66,3134,641,631,984,466,412
2021,Blackburn with Darwen 008,E02002622,7959,4023,3710,3279,1069,2210,69,23,46,362,187,175,313,185,148,144,110,34,0,0,0,4,2,2,37,3751,987,700,854,793,417
2021,Blackburn with Darwen 009,E02002623,8036,4521,4202,3753,1046,2707,68,25,43,381,159,222,319,190,142,133,98,35,0,0,0,9,8,1,48,3325,1250,447,568,672,388
2021,Blackburn with Darwen 010,E02002624,7266,4164,4050,3423,771,2652,133,36,97,494,215,279,114,122,98,91,74,17,0,0,0,7,5,2,24,2980,2169,264,240,194,113
2021,Blackburn with Darwen 011,E02002625,7673,4501,4235,3794,960,2834,83,30,53,358,144,214,266,164,133,132,108,24,0,0,0,1,0,1,31,3008,1167,460,497,604,280
2021,Blackburn with Darwen 012,E02002626,5799,3126,2950,2639,678,1961,42,12,30,269,100,169,176,107,83,78,62,16,3,3,0,2,1,1,24,2566,1355,262,279,474,196
2021,Blackburn with Darwen 013,E02002627,5944,4083,3975,3490,698,2792,83,20,63,402,139,263,108,133,107,104,77,27,1,0,1,2,1,1,26,1728,998,259,162,199,110
2021,Blackburn with Darwen 014,E02002628,5638,3193,3009,2611,628,1983,57,20,37,341,117,224,184,108,82,78,60,18,0,0,0,4,4,0,26,2337,1255,220,218,439,205
2021,Blackburn with Darwen 015,E02002629,4715,2637,2452,2170,564,1606,36,7,29,246,103,143,185,95,61,58,43,15,0,0,0,3,3,0,34,1983,873,249,287,402,172
2021,Blackburn with Darwen 016,E02002630,5138,2928,2767,2430,556,1874,45,12,33,292,120,172,161,97,80,66,50,16,1,1,0,13,10,3,17,2113,1036,242,237,394,204
2021,Blackburn with Darwen 017,E02002631,7455,4559,4408,3766,801,2965,111,26,85,531,194,337,151,129,104,99,75,24,0,0,0,5,5,0,25,2767,1846,243,218,301,159
2021,Blackburn with Darwen 018,E02002632,5338,3240,3146,2442,560,1882,173,32,141,531,221,310,94,89,76,71,62,9,0,0,0,5,4,1,13,2009,1510,173,131,106,89
2021,Blackpool 001,E02002633,6514,3210,3077,2585,797,1788,71,20,51,421,178,243,133,136,95,95,79,16,0,0,0,0,0,0,41,3168,2290,206,193,336,143
2021,Blackpool 002,E02002634,6906,3341,3167,2717,786,1931,49,13,36,401,168,233,174,148,100,94,80,14,0,0,0,6,5,1,48,3417,2239,205,237,541,195
2021,Blackpool 003,E02002635,6672,3391,3220,2683,763,1920,81,21,60,456,200,256,171,126,100,99,77,22,1,1,0,0,0,0,26,3155,2193,205,197,367,193
2021,Blackpool 004,E02002636,6591,3735,3548,2993,890,2103,71,19,52,484,226,258,187,155,132,127,103,24,0,0,0,5,5,0,23,2701,1590,223,253,440,195
2021,Blackpool 005,E02002637,5155,2995,2850,2442,643,1799,51,10,41,357,153,204,145,97,77,72,47,25,0,0,0,5,4,1,20,2063,1272,187,235,250,119
2021,Blackpool 006,E02002638,5529,2725,2358,1787,560,1227,69,24,45,502,196,306,367,80,56,54,39,15,0,0,0,2,2,0,24,2724,1048,247,327,722,380
2021,Blackpool 007,E02002639,4666,2294,2050,1853,619,1234,23,8,15,174,85,89,244,101,77,74,59,15,1,0,1,2,1,1,24,2271,754,232,379,626,280
2021,Blackpool 008,E02002640,5495,2802,2440,2148,714,1434,37,10,27,255,100,155,362,113,81,66,43,23,3,2,1,12,8,4,32,2580,844,230,438,733,335
2021,Blackpool 009,E02002641,6636,3957,3755,3234,868,2366,92,25,67,429,175,254,202,130,102,95,71,24,2,1,1,5,4,1,28,2549,1395,256,299,405,194
2021,Blackpool 010,E02002642,5837,2873,2480,1866,641,1225,87,31,56,527,216,311,393,93,66,62,44,18,3,3,0,1,0,1,27,2871,942,232,473,736,488
2021,Blackpool 011,E02002643,6121,3348,3047,2548,819,1729,66,22,44,433,185,248,301,145,110,106,80,26,1,0,1,3,1,2,35,2628,965,294,520,549,300
2021,Blackpool 012,E02002644,6486,3852,3687,3058,862,2196,90,28,62,539,208,331,165,140,105,102,79,23,1,1,0,2,0,2,35,2494,1532,223,232,303,204
2021,Blackpool 013,E02002645,5234,2747,2402,1749,601,1148,87,21,66,566,225,341,345,102,74,71,52,19,0,0,0,3,3,0,28,2385,806,218,334,667,360
2021,Blackpool 014,E02002646,5850,2995,2817,2413,684,1729,49,14,35,355,174,181,178,109,84,81,59,22,1,0,1,2,2,0,25,2746,1481,199,323,541,202
2021,Blackpool 015,E02002647,6397,3528,3249,2778,878,1900,57,11,46,414,181,233,279,141,105,99,80,19,0,0,0,6,4,2,36,2728,1282,219,392,559,276
2021,Blackpool 016,E02002648,5629,3103,2898,2506,799,1707,44,11,33,348,134,214,205,114,96,91,73,18,1,1,0,4,1,3,18,2412,1244,187,312,466,203
2021,Blackpool 017,E02002649,7001,3832,3561,2931,842,2089,92,24,68,538,251,287,271,174,143,140,107,33,0,0,0,3,2,1,31,2995,1729,202,248,544,272
2021,Blackpool 018,E02002650,7035,3770,3605,2905,772,2133,106,27,79,594,285,309,165,137,112,106,79,27,0,0,0,6,4,2,25,3128,2146,181,261,353,187
2021,Blackpool 019,E02002651,6586,3472,3330,2807,810,1997,81,20,61,442,202,240,142,141,103,99,80,19,0,0,0,4,2,2,38,2973,1993,203,245,369,163
2021,Kingston upon Hull 002,E02002653,6152,3106,2754,2504,835,1669,40,9,31,210,70,140,352,109,65,61,47,14,0,0,0,4,2,2,44,2937,1032,326,616,684,279
2021,Kingston upon Hull 003,E02002654,5742,2941,2556,2336,739,1597,31,9,22,189,68,121,385,97,66,63,51,12,1,0,1,2,0,2,31,2704,697,382,694,613,318
2021,Kingston upon Hull 004,E02002655,6586,3587,3280,2988,885,2103,42,10,32,250,83,167,307,119,80,74,56,18,0,0,0,6,6,0,39,2880,1135,289,538,663,255
2021,Kingston upon Hull 005,E02002656,4493,2397,2313,2073,568,1505,37,9,28,203,78,125,84,55,39,37,37,0,1,1,0,1,1,0,16,2041,1554,98,132,172,85
2021,Kingston upon Hull 006,E02002657,6192,3521,3364,3025,819,2206,54,12,42,285,109,176,157,126,93,90,71,19,0,0,0,3,1,2,33,2545,1679,224,259,256,127
2021,Kingston upon Hull 007,E02002658,5593,3182,3079,2775,716,2059,55,17,38,249,95,154,103,98,82,81,62,19,0,0,0,1,1,0,16,2313,1610,157,157,274,115
2021,Kingston upon Hull 008,E02002659,8538,4639,4102,3691,1184,2507,59,25,34,352,142,210,537,163,123,113,90,23,0,0,0,10,7,3,40,3736,1283,525,771,765,392
2021,Kingston upon Hull 009,E02002660,5529,2958,2716,2451,776,1675,39,7,32,226,83,143,242,100,54,51,36,15,0,0,0,3,2,1,46,2471,1295,209,363,429,175
2021,Kingston upon Hull 010,E02002661,6572,3579,3359,2961,924,2037,70,14,56,328,124,204,220,122,79,78,63,15,0,0,0,1,1,0,43,2871,1494,291,432,454,200
2021,Kingston upon Hull 011,E02002662,6009,3271,3069,2767,782,1985,51,15,36,251,82,169,202,102,70,69,49,20,0,0,0,1,1,0,32,2636,1505,229,260,442,200
2021,Kingston upon Hull 012,E02002663,7280,2393,2257,1989,484,1505,32,11,21,236,110,126,136,901,575,540,493,47,1,1,0,34,29,5,326,3986,704,2814,184,154,130
2021,Kingston upon Hull 013,E02002664,5957,3692,3585,3207,911,2296,60,11,49,318,123,195,107,113,83,83,66,17,0,0,0,0,0,0,30,2152,1563,195,172,124,98
2021,Kingston upon Hull 014,E02002665,6496,3904,3760,3258,942,2316,91,21,70,411,180,231,144,141,110,101,82,19,3,3,0,6,4,2,31,2451,1598,287,238,188,140
2021,Kingston upon Hull 015,E02002666,6962,3987,3617,3224,619,2605,48,14,34,345,139,206,370,520,352,331,250,81,1,1,0,20,14,6,168,2455,694,785,284,345,347
2021,Kingston upon Hull 016,E02002667,6026,3859,3632,3268,864,2404,71,19,52,293,108,185,227,85,51,48,35,13,1,1,0,2,0,2,34,2082,1165,210,288,264,155
2021,Kingston upon Hull 017,E02002668,6314,3069,2728,2466,844,1622,42,8,34,220,98,122,341,104,74,72,50,22,0,0,0,2,2,0,30,3141,1320,318,590,612,301
2021,Kingston upon Hull 018,E02002669,6826,4085,3816,3293,730,2563,77,18,59,446,208,238,269,350,271,253,184,69,2,1,1,16,12,4,79,2391,819,728,243,291,310
2021,Kingston upon Hull 019,E02002670,6400,3633,3417,3068,878,2190,62,18,44,287,108,179,216,110,71,67,50,17,1,1,0,3,0,3,39,2657,1460,280,331,443,143
2021,Kingston upon Hull 020,E02002671,7344,4262,3978,3611,1013,2598,59,16,43,308,123,185,284,140,102,99,73,26,2,1,1,1,1,0,38,2942,1147,318,358,413,706
2021,Kingston upon Hull 021,E02002672,5284,2777,2512,2305,687,1618,29,9,20,178,61,117,265,106,85,83,64,19,1,1,0,1,1,0,21,2401,849,273,552,480,247
2021,Kingston upon Hull 022,E02002673,6138,3750,3517,3206,853,2353,43,6,37,268,95,173,233,97,62,60,47,13,0,0,0,2,2,0,35,2291,1214,223,353,283,218
2021,Kingston upon Hull 023,E02002674,5494,3524,3379,3009,770,2239,41,9,32,329,123,206,145,101,68,68,54,14,0,0,0,0,0,0,33,1869,1163,161,230,178,137
2021,Kingston upon Hull 024,E02002675,6789,3644,3256,2905,698,2207,63,21,42,288,142,146,388,106,73,62,45,17,5,2,3,6,6,0,33,3039,885,421,561,754,418
2021,Kingston upon Hull 025,E02002676,6033,3789,3540,3102,779,2323,66,22,44,372,182,190,249,139,107,100,68,32,0,0,0,7,5,2,32,2105,975,305,300,314,211
2021,Kingston upon Hull 026,E02002677,6881,4145,3822,3402,811,2591,86,19,67,334,127,207,323,115,91,79,61,18,1,1,0,11,11,0,24,2621,1152,265,376,556,272
2021,Kingston upon Hull 027,E02002678,6832,4620,4344,3865,948,2917,70,16,54,409,166,243,276,139,104,99,75,24,0,0,0,5,5,0,35,2073,972,282,316,295,208
2021,Kingston upon Hull 028,E02002679,6365,3741,3608,3186,904,2282,68,15,53,354,136,218,133,130,107,104,80,24,0,0,0,3,3,0,23,2494,1608,197,257,280,152
2021,Kingston upon Hull 029,E02002680,8299,4878,4240,3738,745,2993,104,26,78,398,174,224,638,210,162,145,100,45,7,6,1,10,7,3,48,3211,980,463,516,754,498
2021,Kingston upon Hull 030,E02002681,7125,4196,3759,3328,922,2406,109,30,79,322,110,212,437,127,75,75,54,21,0,0,0,0,0,0,52,2802,823,344,550,597,488
2021,Kingston upon Hull 031,E02002682,8286,4906,4536,4094,1015,3079,78,29,49,364,148,216,370,121,92,88,56,32,1,0,1,3,2,1,29,3259,1256,379,631,676,317
2021,East Riding of Yorkshire 001,E02002684,8938,3673,3537,2843,946,1897,123,23,100,571,252,319,136,89,65,59,46,13,1,1,0,5,3,2,24,5176,4115,196,296,408,161
2021,East Riding of Yorkshire 002,E02002685,6826,2984,2871,2300,819,1481,90,21,69,481,195,286,113,76,66,63,56,7,1,1,0,2,2,0,10,3766,3001,156,244,225,140
2021,East Riding of Yorkshire 003,E02002686,6198,2625,2391,2014,685,1329,60,17,43,317,118,199,234,92,51,47,42,5,0,0,0,4,4,0,41,3481,1867,255,485,679,195
2021,East Riding of Yorkshire 004,E02002687,5036,2362,2185,1729,596,1133,75,29,46,381,175,206,177,73,62,57,47,10,0,0,0,5,5,0,11,2601,1589,163,214,411,224
2021,East Riding of Yorkshire 005,E02002688,4587,2195,1992,1573,559,1014,64,27,37,355,159,196,203,52,37,35,27,8,0,0,0,2,2,0,15,2340,1250,169,231,481,209
2021,East Riding of Yorkshire 006,E02002689,4943,2590,2508,1846,558,1288,147,30,117,515,229,286,82,66,52,49,46,3,1,0,1,2,0,2,14,2287,1718,141,178,145,105
2021,East Riding of Yorkshire 008,E02002691,6997,3809,3732,3001,867,2134,132,32,100,599,243,356,77,92,83,83,72,11,0,0,0,0,0,0,9,3096,2373,191,217,197,118
2021,East Riding of Yorkshire 009,E02002692,8155,4708,4556,3721,1043,2678,177,43,134,658,307,351,152,131,101,93,82,11,0,0,0,8,5,3,30,3316,2339,184,234,102,457
2021,East Riding of Yorkshire 010,E02002693,6064,3242,3144,2370,678,1692,191,32,159,583,222,361,98,76,63,60,51,9,0,0,0,3,3,0,13,2746,2039,148,237,182,140
2021,East Riding of Yorkshire 011,E02002694,10757,6317,6141,5152,1300,3852,197,38,159,792,378,414,176,181,138,133,117,16,0,0,0,5,4,1,43,4259,3104,330,333,295,197
2021,East Riding of Yorkshire 012,E02002695,7099,3065,2920,2412,848,1564,77,17,60,431,195,236,145,95,69,68,57,11,0,0,0,1,1,0,26,3939,2861,225,275,379,199
2021,East Riding of Yorkshire 013,E02002696,5374,3096,3024,2495,578,1917,128,34,94,401,188,213,72,153,131,127,79,48,1,0,1,3,1,2,22,2125,1454,203,184,92,192
2021,East Riding of Yorkshire 014,E02002697,6388,3498,3402,2701,753,1948,141,31,110,560,235,325,96,87,66,63,55,8,0,0,0,3,2,1,21,2803,2165,198,192,135,113
2021,East Riding of Yorkshire 015,E02002698,7016,4228,4098,3463,908,2555,128,23,105,507,205,302,130,105,92,88,77,11,0,0,0,4,4,0,13,2683,1982,199,217,193,92
2021,East Riding of Yorkshire 016,E02002699,8245,4580,4471,3817,1049,2768,123,36,87,531,251,280,109,148,128,120,105,15,0,0,0,8,5,3,20,3517,2766,275,230,134,112
2021,East Riding of Yorkshire 017,E02002700,4834,2724,2589,2255,742,1513,43,8,35,291,109,182,135,101,74,72,56,16,0,0,0,2,2,0,27,2009,1102,205,225,335,142
2021,East Riding of Yorkshire 018,E02002701,7282,4317,4225,3149,854,2295,270,54,216,806,323,483,92,91,68,66,56,10,0,0,0,2,2,0,23,2874,2103,223,263,164,121
2021,East Riding of Yorkshire 019,E02002702,8558,4761,4563,3893,1048,2845,127,30,97,543,259,284,198,127,107,97,78,19,0,0,0,10,8,2,20,3670,2767,246,236,254,167
2021,East Riding of Yorkshire 020,E02002703,7916,4437,4312,3620,1001,2619,158,31,127,534,238,296,125,225,170,161,150,11,0,0,0,9,4,5,55,3254,2339,443,207,136,129
2021,East Riding of Yorkshire 021,E02002704,6174,3229,3110,2520,756,1764,134,33,101,456,164,292,119,74,54,53,42,11,0,0,0,1,1,0,20,2871,2180,179,207,192,113
2021,East Riding of Yorkshire 022,E02002705,5961,3095,2998,2568,674,1894,92,13,79,338,162,176,97,102,75,72,59,13,1,0,1,2,1,1,27,2764,2087,169,214,194,100
2021,East Riding of Yorkshire 023,E02002706,6118,3514,3410,2923,812,2111,88,17,71,399,188,211,104,95,72,70,61,9,0,0,0,2,1,1,23,2509,1841,197,174,188,109
2021,East Riding of Yorkshire 024,E02002707,5734,3278,3203,2594,673,1921,150,35,115,459,218,241,75,91,79,78,67,11,0,0,0,1,1,0,12,2365,1833,197,161,85,89
2021,East Riding of Yorkshire 025,E02002708,5038,2422,2304,1940,580,1360,68,16,52,296,130,166,118,74,50,50,43,7,0,0,0,0,0,0,24,2542,1971,133,134,207,97
2021,East Riding of Yorkshire 026,E02002709,7165,3785,3665,2960,763,2197,166,18,148,539,193,346,120,84,70,65,57,8,0,0,0,5,5,0,14,3296,1825,235,232,242,762
2021,East Riding of Yorkshire 027,E02002710,6043,3487,3380,2906,793,2113,87,19,68,387,174,213,107,126,106,101,83,18,0,0,0,5,1,4,20,2430,1851,173,152,150,104
2021,East Riding of Yorkshire 028,E02002711,6655,3539,3467,2818,800,2018,196,51,145,453,214,239,72,117,95,89,76,13,1,0,1,5,5,0,22,2999,2408,219,191,97,84
2021,East Riding of Yorkshire 029,E02002712,6326,3288,3175,2730,750,1980,83,19,64,362,127,235,113,94,75,74,64,10,0,0,0,1,1,0,19,2944,2213,188,165,195,183
2021,East Riding of Yorkshire 031,E02002714,6675,3629,3516,2826,778,2048,166,38,128,524,210,314,113,57,39,38,28,10,0,0,0,1,0,1,18,2989,2183,198,254,237,117
2021,East Riding of Yorkshire 032,E02002715,10853,7083,6923,5926,1399,4527,209,36,173,788,322,466,160,214,181,171,143,28,0,0,0,10,7,3,33,3556,2492,427,303,170,164
2021,East Riding of Yorkshire 033,E02002716,7068,3959,3820,3282,905,2377,97,20,77,441,170,271,139,122,89,82,65,17,0,0,0,7,6,1,33,2987,2137,259,219,232,140
2021,East Riding of Yorkshire 034,E02002717,6549,4094,3945,3451,920,2531,79,19,60,415,170,245,149,135,113,112,92,20,0,0,0,1,1,0,22,2320,1517,225,201,240,137
2021,East Riding of Yorkshire 035,E02002718,6719,3683,3614,2951,815,2136,203,45,158,460,219,241,69,132,108,102,84,18,0,0,0,6,5,1,24,2904,2225,242,217,101,119
2021,East Riding of Yorkshire 036,E02002719,5654,3376,3275,2790,719,2071,134,27,107,351,137,214,101,90,75,75,59,16,0,0,0,0,0,0,15,2188,1598,186,171,123,110
2021,East Riding of Yorkshire 037,E02002720,6432,3858,3757,3183,806,2377,112,25,87,462,182,280,101,102,89,89,73,16,0,0,0,0,0,0,13,2472,1907,182,154,107,122
2021,East Riding of Yorkshire 038,E02002721,5626,3318,3196,2654,702,1952,102,19,83,440,172,268,122,67,55,53,45,8,1,0,1,1,0,1,12,2241,1577,177,200,180,107
2021,East Riding of Yorkshire 039,E02002722,7092,3249,2998,2402,831,1571,104,27,77,492,210,282,251,68,47,43,34,9,0,0,0,4,4,0,21,3775,2400,220,403,508,244
2021,East Riding of Yorkshire 040,E02002723,6967,4301,4094,3623,882,2741,87,23,64,384,140,244,207,68,50,50,30,20,0,0,0,0,0,0,18,2598,1713,165,264,265,191
2021,East Riding of Yorkshire 041,E02002724,7497,4701,4343,3938,1076,2862,67,18,49,338,122,216,358,125,104,100,70,30,1,1,0,3,1,2,21,2671,1317,283,384,408,279
2021,East Riding of Yorkshire 042,E02002725,5766,3380,3263,2739,665,2074,86,17,69,438,159,279,117,63,53,53,41,12,0,0,0,0,0,0,10,2323,1663,214,177,161,108
2021,North East Lincolnshire 001,E02002726,8440,4657,4422,3971,1037,2934,83,17,66,368,145,223,235,149,115,109,85,24,1,0,1,5,2,3,34,3634,2172,265,421,542,234
2021,North East Lincolnshire 002,E02002727,3959,1726,1498,1351,361,990,26,8,18,121,55,66,228,54,32,27,21,6,0,0,0,5,4,1,22,2179,685,159,410,640,285
2021,North East Lincolnshire 003,E02002728,5978,3486,3182,2868,814,2054,44,12,32,270,107,163,304,83,59,58,51,7,1,0,1,0,0,0,24,2409,905,230,456,541,277
2021,North East Lincolnshire 004,E02002729,4633,2513,2405,2166,644,1522,41,13,28,198,83,115,108,93,76,76,67,9,0,0,0,0,0,0,17,2027,1247,148,207,269,156
2021,North East Lincolnshire 005,E02002730,5342,2998,2766,2485,811,1674,35,8,27,246,92,154,232,137,97,92,72,20,0,0,0,5,2,3,40,2207,752,261,460,497,237
2021,North East Lincolnshire 006,E02002731,4184,2410,2211,1990,645,1345,28,6,22,193,94,99,199,78,61,60,54,6,0,0,0,1,1,0,17,1696,496,207,369,382,242
2021,North East Lincolnshire 007,E02002732,6566,3860,3779,3297,909,2388,104,21,83,378,172,206,81,134,101,99,88,11,1,0,1,1,0,1,33,2572,1859,209,201,186,117
2021,North East Lincolnshire 008,E02002733,4807,2796,2687,2376,691,1685,49,9,40,262,114,148,109,74,57,51,38,13,0,0,0,6,4,2,17,1937,1093,157,223,297,167
2021,North East Lincolnshire 009,E02002734,4458,2600,2501,2239,672,1567,39,9,30,223,93,130,99,76,46,46,39,7,0,0,0,0,0,0,30,1782,1092,144,201,188,157
2021,North East Lincolnshire 011,E02002736,4246,2531,2307,2055,607,1448,43,12,31,209,107,102,224,85,61,60,41,19,1,0,1,0,0,0,24,1630,460,200,348,385,237
2021,North East Lincolnshire 012,E02002737,5836,3448,3296,2888,891,1997,63,16,47,345,148,197,152,121,83,81,58,23,0,0,0,2,2,0,38,2267,1422,174,258,256,157
2021,North East Lincolnshire 013,E02002738,5599,3252,3114,2809,843,1966,57,11,46,248,90,158,138,107,77,76,71,5,0,0,0,1,0,1,30,2240,1411,177,261,240,151
2021,North East Lincolnshire 014,E02002739,4719,2647,2526,2182,667,1515,57,20,37,287,117,170,121,71,45,41,32,9,0,0,0,4,3,1,26,2001,1233,147,208,284,129
2021,North East Lincolnshire 015,E02002740,4349,2339,2180,1954,581,1373,38,8,30,188,95,93,159,82,58,56,47,9,0,0,0,2,1,1,24,1928,968,195,283,339,143
2021,North East Lincolnshire 016,E02002741,7250,4244,4046,3489,962,2527,105,30,75,452,192,260,198,172,139,130,93,37,1,0,1,8,7,1,33,2834,1640,359,326,276,233
2021,North East Lincolnshire 018,E02002743,4661,2011,1904,1663,525,1138,36,5,31,205,77,128,107,95,66,65,48,17,0,0,0,1,0,1,29,2555,1841,126,169,318,101
2021,North East Lincolnshire 019,E02002744,5145,2521,2293,2076,731,1345,41,7,34,176,74,102,228,108,69,66,49,17,0,0,0,3,2,1,39,2516,859,307,504,600,246
2021,North East Lincolnshire 020,E02002745,6309,3145,3050,2546,740,1806,120,23,97,384,160,224,95,98,77,77,65,12,0,0,0,0,0,0,21,3066,2442,154,168,184,118
2021,North East Lincolnshire 021,E02002746,8000,4740,4609,4030,1131,2899,103,29,74,476,175,301,131,153,111,107,91,16,0,0,0,4,3,1,42,3107,2130,278,271,257,171
2021,North East Lincolnshire 022,E02002747,7726,4417,4320,3691,991,2700,137,31,106,492,211,281,97,152,114,110,89,21,0,0,0,4,2,2,38,3157,2357,245,239,201,115
2021,North East Lincolnshire 023,E02002748,6881,3550,3451,2912,850,2062,129,22,107,410,175,235,99,118,92,85,71,14,0,0,0,7,6,1,26,3213,2433,169,251,217,143
2021,North Lincolnshire 001,E02002749,9890,5621,5398,4776,1176,3600,116,38,78,506,237,269,223,125,96,90,70,20,0,0,0,6,6,0,29,4144,2732,306,428,464,214
2021,North Lincolnshire 002,E02002750,5328,2963,2888,2414,609,1805,86,22,64,388,159,229,75,65,48,47,36,11,1,1,0,0,0,0,17,2300,1540,175,231,239,115
2021,North Lincolnshire 003,E02002751,5257,2810,2678,2312,629,1683,64,15,49,302,141,161,132,76,48,47,34,13,1,0,1,0,0,0,28,2371,1641,188,223,224,95
2021,North Lincolnshire 004,E02002752,5826,3266,3130,2597,652,1945,108,26,82,425,180,245,136,83,67,61,46,15,0,0,0,6,5,1,16,2477,1570,176,307,274,150
2021,North Lincolnshire 005,E02002753,7297,3731,3579,3105,835,2270,108,35,73,366,164,202,152,98,73,68,55,13,1,1,0,4,2,2,25,3468,2531,175,271,316,175
2021,North Lincolnshire 006,E02002754,6827,3841,3699,3072,814,2258,109,32,77,518,187,331,142,117,90,88,68,20,0,0,0,2,2,0,27,2869,1870,215,298,300,186
2021,North Lincolnshire 007,E02002755,6042,3653,3417,3052,692,2360,81,39,42,284,115,169,236,86,67,65,46,19,0,0,0,2,2,0,19,2303,1065,204,350,386,298
2021,North Lincolnshire 008,E02002756,7067,4323,3975,3608,757,2851,97,42,55,270,129,141,348,148,105,102,69,33,1,1,0,2,1,1,43,2596,863,373,535,440,385
2021,North Lincolnshire 009,E02002757,5052,3029,2864,2557,692,1865,57,21,36,250,102,148,165,103,89,89,66,23,0,0,0,0,0,0,14,1920,1155,233,245,140,147
2021,North Lincolnshire 010,E02002758,5132,3110,2905,2639,754,1885,46,9,37,220,89,131,205,130,95,92,72,20,1,1,0,2,1,1,35,1892,966,186,288,276,176
2021,North Lincolnshire 011,E02002759,8123,4282,4119,3498,1007,2491,132,25,107,489,219,270,163,116,89,87,77,10,1,1,0,1,1,0,27,3725,2627,247,304,371,176
2021,North Lincolnshire 012,E02002760,4792,2513,2382,2130,579,1551,49,12,37,203,84,119,131,92,69,65,49,16,0,0,0,4,3,1,23,2187,1401,170,208,289,119
2021,North Lincolnshire 013,E02002761,5459,3092,2964,2585,690,1895,67,11,56,312,120,192,128,82,59,59,49,10,0,0,0,0,0,0,23,2285,1640,153,169,185,138
2021,North Lincolnshire 014,E02002762,5210,2864,2700,2432,662,1770,37,4,33,231,104,127,164,129,98,93,73,20,0,0,0,5,5,0,31,2217,1296,185,242,337,157
2021,North Lincolnshire 015,E02002763,6805,4057,3814,3473,860,2613,53,21,32,288,109,179,243,184,144,135,90,45,1,0,1,8,8,0,40,2564,1172,257,406,511,218
2021,North Lincolnshire 016,E02002764,4451,2447,2247,2047,592,1455,31,5,26,169,79,90,200,109,79,76,57,19,0,0,0,3,1,2,30,1895,807,238,339,362,149
2021,North Lincolnshire 017,E02002765,4926,2708,2547,2295,641,1654,43,9,34,209,91,118,161,90,70,69,47,22,1,1,0,0,0,0,20,2128,1265,148,230,322,163
2021,North Lincolnshire 018,E02002766,7189,4019,3877,3496,952,2544,61,21,40,320,132,188,142,198,150,143,111,32,0,0,0,7,6,1,48,2972,2088,228,296,228,132
2021,North Lincolnshire 019,E02002767,5692,3124,3053,2700,743,1957,65,12,53,288,117,171,71,113,89,84,67,17,0,0,0,5,2,3,24,2455,1917,144,134,162,98
2021,North Lincolnshire 020,E02002768,6260,3447,3337,2646,699,1947,141,26,115,550,240,310,110,97,63,59,49,10,0,0,0,4,4,0,34,2716,1903,207,266,201,139
2021,North Lincolnshire 021,E02002769,4847,2546,2464,2087,560,1527,86,17,69,291,137,154,82,77,58,54,45,9,2,2,0,2,2,0,19,2224,1764,136,128,120,76
2021,North Lincolnshire 022,E02002770,5928,3281,3170,2695,716,1979,112,23,89,363,157,206,111,95,84,79,59,20,1,0,1,4,1,3,11,2552,1834,153,228,212,125
2021,North Lincolnshire 023,E02002771,6056,3254,3140,2481,634,1847,121,30,91,538,243,295,114,51,39,38,31,7,1,1,0,0,0,0,12,2751,2013,196,241,180,121
2021,York 001,E02002772,5621,3505,3420,2902,806,2096,119,31,88,399,169,230,85,130,109,102,94,8,0,0,0,7,6,1,21,1986,1443,230,141,88,84
2021,York 002,E02002773,4835,2410,2362,2002,608,1394,55,11,44,305,130,175,48,70,46,46,40,6,0,0,0,0,0,0,24,2355,1951,130,114,96,64
2021,York 003,E02002774,5118,2727,2661,2262,714,1548,58,14,44,341,159,182,66,82,71,69,63,6,1,1,0,1,0,1,11,2309,1890,156,96,91,76
2021,York 004,E02002775,4818,2404,2308,1973,646,1327,52,21,31,283,126,157,96,67,46,46,43,3,0,0,0,0,0,0,21,2347,1662,140,142,275,128
2021,York 005,E02002776,5621,3396,3295,2866,843,2023,50,11,39,379,152,227,101,78,57,53,45,8,0,0,0,4,2,2,21,2147,1589,188,116,153,101
2021,York 006,E02002777,7374,5007,4884,4213,1123,3090,96,19,77,575,245,330,123,133,115,109,97,12,0,0,0,6,6,0,18,2234,1456,240,212,148,178
2021,York 007,E02002778,6732,4000,3916,3280,872,2408,96,24,72,540,237,303,84,134,112,97,74,23,4,2,2,11,10,1,22,2598,1833,352,173,142,98
2021,York 008,E02002779,8155,4327,4240,3478,1047,2431,147,22,125,615,298,317,87,259,198,187,174,13,1,1,0,10,10,0,61,3569,2360,551,229,245,184
2021,York 009,E02002780,6738,3940,3784,3318,963,2355,70,19,51,396,175,221,156,468,364,348,317,31,0,0,0,16,16,0,104,2330,871,644,249,316,250
2021,York 010,E02002781,8775,4613,4405,3879,999,2880,58,13,45,468,209,259,208,980,712,684,642,42,3,2,1,25,25,0,268,3182,1040,1419,258,272,193
2021,York 011,E02002782,5395,2726,2665,2102,614,1488,112,19,93,451,206,245,61,150,107,100,93,7,1,0,1,6,5,1,43,2519,1773,348,172,88,138
2021,York 012,E02002783,8392,5237,5083,4306,1322,2984,102,22,80,675,283,392,154,159,141,133,116,17,0,0,0,8,7,1,18,2996,2022,318,227,237,192
2021,York 013,E02002784,10440,5135,4846,4137,996,3141,134,30,104,575,296,279,289,824,621,571,493,78,2,0,2,48,46,2,203,4481,1454,1962,253,473,339
2021,York 014,E02002785,6858,3548,3443,2922,851,2071,96,21,75,425,194,231,105,368,289,263,237,26,0,0,0,26,26,0,79,2942,1573,926,189,100,154
2021,York 015,E02002786,8778,3751,3556,3069,943,2126,58,23,35,429,204,225,195,1067,835,762,698,64,1,1,0,72,69,3,232,3960,891,2352,263,267,187
2021,York 016,E02002787,7443,4765,4578,3940,1080,2860,76,13,63,562,267,295,187,116,92,89,78,11,0,0,0,3,3,0,24,2562,1586,281,251,250,194
2021,York 017,E02002788,7025,4780,4642,3978,976,3002,92,20,72,572,285,287,138,207,167,153,127,26,0,0,0,14,10,4,40,2038,1192,342,174,165,165
2021,York 018,E02002789,7194,4515,4319,3741,1198,2543,66,19,47,512,221,291,196,124,93,89,78,11,0,0,0,4,3,1,31,2555,1300,286,320,373,276
2021,York 019,E02002790,10480,4920,4711,4035,983,3052,126,32,94,550,279,271,209,815,640,567,499,68,9,8,1,64,55,9,175,4745,1429,2576,223,282,235
2021,York 020,E02002791,5478,2972,2892,2374,696,1678,97,15,82,421,198,223,80,122,110,103,92,11,0,0,0,7,7,0,12,2384,1844,247,142,95,56
2021,York 021,E02002792,6518,4097,3955,3382,856,2526,83,11,72,490,258,232,142,172,148,140,102,38,0,0,0,8,8,0,24,2249,1558,334,155,107,95
2021,York 022,E02002793,7773,4589,4449,3815,1091,2724,79,18,61,555,241,314,140,124,93,88,81,7,0,0,0,5,5,0,31,3060,2184,262,223,250,141
2021,York 023,E02002794,9649,2350,2280,1842,512,1330,77,15,62,361,174,187,70,1090,646,576,540,36,5,3,2,65,59,6,444,6209,1257,4639,143,97,73
2021,York 024,E02002795,6873,3683,3615,2989,910,2079,115,28,87,511,253,258,68,98,78,75,70,5,0,0,0,3,1,2,20,3092,2478,262,158,102,92
2021,Derby 001,E02002796,5048,2760,2678,2278,602,1676,81,17,64,319,149,170,82,96,71,71,57,14,0,0,0,0,0,0,25,2192,1702,180,134,123,53
2021,Derby 002,E02002797,6260,3101,3024,2634,694,1940,56,4,52,334,140,194,77,114,84,83,67,16,1,1,0,0,0,0,30,3045,2402,225,183,137,98
2021,Derby 003,E02002798,8742,5594,5420,4810,1143,3667,89,20,69,521,230,291,174,221,183,168,106,62,0,0,0,15,13,2,38,2927,1987,332,257,194,157
2021,Derby 004,E02002799,4978,3050,2915,2615,680,1935,43,7,36,257,97,160,135,187,159,117,84,33,2,1,1,40,40,0,28,1741,777,307,247,268,142
2021,Derby 005,E02002800,5816,3245,3143,2650,650,2000,88,18,70,405,188,217,102,204,167,160,131,29,1,1,0,6,4,2,37,2367,1627,349,119,188,84
2021,Derby 006,E02002801,6080,3599,3463,3091,809,2282,50,7,43,322,104,218,136,89,58,58,51,7,0,0,0,0,0,0,31,2392,1511,223,217,305,136
2021,Derby 007,E02002802,6089,3455,3192,2869,857,2012,38,6,32,285,102,183,263,100,69,67,58,9,0,0,0,2,2,0,31,2534,972,281,491,549,241
2021,Derby 008,E02002803,7487,3200,2988,2635,587,2048,44,9,35,309,135,174,212,971,640,601,502,99,1,0,1,38,33,5,331,3316,845,1623,194,448,206
2021,Derby 009,E02002804,7054,4203,4022,3581,961,2620,48,7,41,393,139,254,181,159,123,113,90,23,0,0,0,10,10,0,36,2692,1386,316,362,426,202
2021,Derby 010,E02002805,4739,2525,2446,2157,580,1577,44,10,34,245,96,149,79,64,48,48,42,6,0,0,0,0,0,0,16,2150,1725,129,117,110,69
2021,Derby 011,E02002806,5554,2826,2639,2344,522,1822,26,3,23,269,110,159,187,671,532,488,394,94,0,0,0,44,39,5,139,2057,548,846,212,268,183
2021,Derby 012,E02002807,7255,4308,4096,3637,1020,2617,68,16,52,391,145,246,212,115,80,79,64,15,0,0,0,1,0,1,35,2832,1722,250,318,377,165
2021,Derby 013,E02002808,10520,6112,5626,5032,1090,3942,78,19,59,516,209,307,486,853,629,592,498,94,9,9,0,28,24,4,224,3555,781,1262,427,643,442
2021,Derby 014,E02002809,5696,3235,3123,2733,696,2037,43,8,35,347,148,199,112,95,73,70,53,17,0,0,0,3,0,3,22,2366,1496,184,246,302,138
2021,Derby 015,E02002810,7507,4329,4191,3701,911,2790,71,18,53,419,178,241,138,118,93,90,70,20,0,0,0,3,2,1,25,3060,2265,253,243,190,109
2021,Derby 016,E02002811,8300,4148,3701,3055,987,2068,107,43,64,539,267,272,447,232,187,182,137,45,0,0,0,5,1,4,45,3920,671,702,1135,725,687
2021,Derby 017,E02002812,6414,3627,3467,2943,734,2209,104,38,66,420,197,223,160,150,109,101,83,18,0,0,0,8,3,5,41,2637,1437,327,344,297,232
2021,Derby 018,E02002813,8589,4493,4047,3434,1074,2360,116,60,56,497,247,250,446,199,146,132,108,24,4,1,3,10,9,1,53,3897,830,635,1070,671,691
2021,Derby 019,E02002814,6085,3229,3134,2729,729,2000,65,10,55,340,166,174,95,100,81,72,58,14,1,0,1,8,6,2,19,2756,2132,188,179,152,105
2021,Derby 020,E02002815,6376,3308,3040,2455,788,1667,106,34,72,479,227,252,268,190,151,142,108,34,6,5,1,3,3,0,39,2878,596,520,820,380,562
2021,Derby 021,E02002816,7372,4531,4364,3704,962,2742,157,36,121,503,217,286,167,185,142,140,119,21,0,0,0,2,1,1,43,2656,1557,418,346,196,139
2021,Derby 022,E02002817,5153,2792,2674,2259,633,1626,64,14,50,351,161,190,118,102,80,74,64,10,1,1,0,5,4,1,22,2259,1437,257,255,180,130
2021,Derby 023,E02002818,6287,3303,2988,2529,753,1776,83,29,54,376,175,201,315,159,114,107,86,21,0,0,0,7,3,4,45,2825,928,447,600,437,413
2021,Derby 024,E02002819,6216,3782,3568,3247,686,2561,40,9,31,281,97,184,214,118,88,84,66,18,1,1,0,3,3,0,30,2316,1228,225,297,382,184
2021,Derby 025,E02002820,7758,4726,4424,3900,1029,2871,77,14,63,447,182,265,302,195,158,155,117,38,0,0,0,3,2,1,37,2837,1286,360,467,455,269
2021,Derby 026,E02002821,9139,5433,4958,4399,1222,3177,111,35,76,448,158,290,475,192,153,144,96,48,3,3,0,6,5,1,39,3514,1070,562,806,637,439
2021,Derby 027,E02002822,5489,3162,3014,2582,703,1879,81,17,64,351,159,192,148,110,80,79,68,11,0,0,0,1,1,0,30,2217,1239,238,315,235,190
2021,Derby 028,E02002823,6258,3364,3178,2853,806,2047,56,14,42,269,113,156,186,105,71,70,61,9,0,0,0,1,1,0,34,2789,1634,234,338,422,161
2021,Derby 029,E02002824,8251,4662,4355,3793,1020,2773,93,21,72,469,159,310,307,177,137,135,103,32,0,0,0,2,2,0,40,3412,1472,484,658,458,340
2021,Derby 030,E02002825,7019,4163,3991,3483,836,2647,91,10,81,417,186,231,172,123,93,87,71,16,0,0,0,6,5,1,30,2733,1776,311,225,281,140
2021,Derby 031,E02002826,5655,3559,3432,3019,729,2290,69,20,49,344,153,191,127,126,101,101,89,12,0,0,0,0,0,0,25,1970,1203,244,225,187,111
2021,Leicester 001,E02002827,5315,3316,3111,2758,828,1930,53,14,39,300,135,165,205,119,85,83,61,22,2,2,0,0,0,0,34,1880,773,312,337,264,194
2021,Leicester 002,E02002828,6781,3923,3727,3241,934,2307,108,32,76,378,160,218,196,138,103,99,83,16,1,1,0,3,2,1,35,2720,1464,356,391,250,259
2021,Leicester 003,E02002829,8792,4936,4553,4062,1169,2893,81,32,49,410,168,242,383,232,173,160,120,40,1,1,0,12,9,3,59,3624,1118,581,761,729,435
2021,Leicester 004,E02002830,8163,4849,4508,3950,1155,2795,136,41,95,422,182,240,341,213,152,145,94,51,3,2,1,4,1,3,61,3101,1020,558,598,552,373
2021,Leicester 005,E02002831,5811,3116,2915,2525,829,1696,101,37,64,289,136,153,201,139,110,108,91,17,0,0,0,2,2,0,29,2556,1104,351,532,280,289
2021,Leicester 006,E02002832,8447,4385,4121,3729,1197,2532,88,36,52,304,160,144,264,192,126,120,75,45,1,1,0,5,3,2,66,3870,1476,600,829,476,489
2021,Leicester 007,E02002833,7276,4048,3789,3482,1164,2318,88,40,48,219,116,103,259,162,114,113,86,27,0,0,0,1,0,1,48,3066,1108,475,791,309,383
2021,Leicester 008,E02002834,9711,5904,5631,4974,1252,3722,119,42,77,538,197,341,273,366,242,222,170,52,2,2,0,18,14,4,124,3441,1620,729,534,269,289
2021,Leicester 010,E02002836,9182,5060,4767,4388,1422,2966,73,27,46,306,150,156,293,179,134,127,101,26,3,3,0,4,2,2,45,3943,1357,631,998,425,532
2021,Leicester 011,E02002837,7436,4152,3812,3418,1125,2293,97,27,70,297,176,121,340,211,158,154,127,27,0,0,0,4,3,1,53,3073,656,667,875,428,447
2021,Leicester 012,E02002838,6192,3277,2996,2626,815,1811,74,17,57,296,106,190,281,179,125,124,106,18,0,0,0,1,1,0,54,2736,901,480,558,491,306
2021,Leicester 013,E02002839,6580,3902,3683,3088,957,2131,116,55,61,479,200,279,219,138,95,89,75,14,2,2,0,4,4,0,43,2540,1174,383,438,324,221
2021,Leicester 016,E02002842,6759,4369,4044,3633,852,2781,44,16,28,367,146,221,325,309,223,206,141,65,3,1,2,14,8,6,86,2081,420,569,439,326,327
2021,Leicester 017,E02002843,12118,6673,6290,5806,2220,3586,141,78,63,343,191,152,383,318,236,229,169,60,1,1,0,6,6,0,82,5127,1139,954,1642,489,903
2021,Leicester 018,E02002844,9100,4282,3896,3488,1549,1939,86,32,54,322,169,153,386,276,199,193,158,35,2,1,1,4,2,2,77,4542,983,1026,1384,551,598
2021,Leicester 019,E02002845,8515,4550,4180,3657,1325,2332,105,35,70,418,208,210,370,201,133,126,98,28,1,0,1,6,5,1,68,3764,1246,609,901,559,449
2021,Leicester 020,E02002846,6206,3937,3770,3222,775,2447,96,22,74,452,187,265,167,109,81,80,65,15,0,0,0,1,1,0,28,2160,1257,269,256,191,187
2021,Leicester 021,E02002847,8199,4483,4185,3649,1373,2276,143,52,91,393,204,189,298,282,211,200,170,30,1,1,0,10,8,2,71,3434,1010,719,975,297,433
2021,Leicester 022,E02002848,8414,3970,3628,3181,1376,1805,89,45,44,358,198,160,342,363,231,216,181,35,5,5,0,10,9,1,132,4081,864,969,1186,471,591
2021,Leicester 023,E02002849,11992,5869,5432,4800,968,3832,91,26,65,541,252,289,437,1234,789,732,589,143,3,2,1,54,45,9,445,4889,921,2643,444,414,467
2021,Leicester 025,E02002851,7053,3851,3647,3008,963,2045,176,44,132,463,255,208,204,149,123,117,92,25,1,0,1,5,5,0,26,3053,1690,486,432,199,246
2021,Leicester 026,E02002852,5314,2834,2588,2282,760,1522,46,11,35,260,106,154,246,131,89,82,60,22,0,0,0,7,2,5,42,2349,621,434,497,523,274
2021,Leicester 027,E02002853,10385,5270,4926,4145,1599,2546,163,61,102,618,324,294,344,508,356,328,283,45,5,4,1,23,17,6,152,4607,1406,1284,1078,338,501
2021,Leicester 028,E02002854,6466,3685,3425,3033,903,2130,50,13,37,342,144,198,260,205,140,130,96,34,4,3,1,6,6,0,65,2576,871,407,433,554,311
2021,Leicester 029,E02002855,6735,3990,3716,3253,701,2552,68,17,51,395,176,219,274,447,319,303,228,75,2,2,0,14,11,3,128,2298,740,743,340,195,280
2021,Leicester 030,E02002856,9984,4913,4631,3934,888,3046,127,32,95,570,291,279,282,734,511,465,378,87,3,2,1,43,42,1,223,4337,1438,1987,302,341,269
2021,Leicester 031,E02002857,5782,3672,3461,3031,759,2272,53,12,41,377,155,222,211,190,141,134,95,39,1,0,1,6,6,0,49,1920,603,423,310,288,296
2021,Leicester 032,E02002858,6014,3604,3489,2838,704,2134,149,25,124,502,267,235,115,109,81,71,56,15,2,2,0,8,7,1,28,2301,1464,357,210,132,138
2021,Leicester 034,E02002860,6779,4006,3828,3259,859,2400,95,27,68,474,180,294,178,125,83,72,49,23,0,0,0,11,10,1,42,2648,1453,297,312,347,239
2021,Leicester 035,E02002861,6040,3133,2824,2454,804,1650,62,17,45,308,121,187,309,144,98,84,67,17,6,1,5,8,7,1,46,2763,722,520,591,627,303
2021,Leicester 036,E02002862,6528,3651,3390,2956,867,2089,62,18,44,372,142,230,261,120,77,77,53,24,0,0,0,0,0,0,43,2757,1079,360,483,558,277
2021,Rutland 001,E02002863,7653,4183,4071,3351,723,2628,139,30,109,581,296,285,112,109,93,79,64,15,0,0,0,14,5,9,16,3361,1591,208,250,164,1148
2021,Rutland 002,E02002864,6784,4057,3957,3253,834,2419,80,18,62,624,302,322,100,113,92,85,71,14,0,0,0,7,7,0,21,2614,1883,226,219,177,109
2021,Rutland 003,E02002865,6586,3400,3271,2669,745,1924,84,22,62,518,247,271,129,86,78,77,69,8,0,0,0,1,1,0,8,3100,2228,397,179,161,135
2021,Rutland 004,E02002866,6225,3537,3442,2654,713,1941,167,30,137,621,311,310,95,65,57,53,42,11,0,0,0,4,3,1,8,2623,1956,223,234,90,120
2021,Rutland 005,E02002867,7049,3806,3675,2772,750,2022,169,39,130,734,366,368,131,67,44,41,35,6,0,0,0,3,2,1,23,3176,2075,584,231,127,159
2021,Nottingham 001,E02002868,4904,2639,2513,2185,612,1573,41,11,30,287,109,178,126,77,57,53,41,12,1,0,1,3,3,0,20,2188,1382,215,237,217,137
2021,Nottingham 002,E02002869,5797,3235,2920,2630,812,1818,41,5,36,249,92,157,315,91,62,56,50,6,1,0,1,5,3,2,29,2471,1010,281,435,485,260
2021,Nottingham 004,E02002871,6411,3690,3490,3083,920,2163,53,11,42,354,143,211,200,107,88,82,71,11,0,0,0,6,3,3,19,2614,1415,283,310,396,210
2021,Nottingham 005,E02002872,6725,3731,3409,3046,909,2137,50,12,38,313,126,187,322,122,95,94,76,18,0,0,0,1,1,0,27,2872,1190,303,453,611,315
2021,Nottingham 006,E02002873,7125,4342,3992,3569,1038,2531,62,15,47,361,133,228,350,164,112,110,85,25,0,0,0,2,1,1,52,2619,909,381,502,517,310
2021,Nottingham 007,E02002874,6511,3623,3399,2933,844,2089,54,14,40,412,184,228,224,118,96,90,71,19,1,1,0,5,5,0,22,2770,1147,380,314,336,593
2021,Nottingham 008,E02002875,6497,3950,3663,3227,891,2336,66,12,54,370,151,219,287,136,102,98,77,21,0,0,0,4,1,3,34,2411,968,356,379,424,284
2021,Nottingham 009,E02002876,6469,3670,3448,2969,825,2144,57,12,45,422,165,257,222,178,114,105,88,17,2,2,0,7,7,0,64,2621,1124,476,343,447,231
2021,Nottingham 010,E02002877,6516,4104,3913,3297,789,2508,77,17,60,539,261,278,191,141,112,99,70,29,1,1,0,12,12,0,29,2271,1303,329,197,261,181
2021,Nottingham 011,E02002878,6338,3636,3315,2941,1012,1929,50,14,36,324,114,210,321,191,150,146,113,33,1,0,1,3,2,1,41,2511,558,522,615,525,291
2021,Nottingham 012,E02002879,7862,4927,4621,3901,1012,2889,107,28,79,613,281,332,306,271,187,174,130,44,3,1,2,10,10,0,84,2664,885,625,436,330,388
2021,Nottingham 013,E02002880,6276,3714,3316,2955,937,2018,56,24,32,305,124,181,398,209,135,127,111,16,0,0,0,8,4,4,74,2353,637,421,543,473,279
2021,Nottingham 014,E02002881,5232,2953,2778,2446,653,1793,51,17,34,281,99,182,175,140,106,98,78,20,2,1,1,6,6,0,34,2139,771,341,332,447,248
2021,Nottingham 015,E02002882,7568,4371,4107,3435,765,2670,120,30,90,552,285,267,264,422,322,305,225,80,4,1,3,13,13,0,100,2775,1024,842,247,310,352
2021,Nottingham 016,E02002883,6138,3735,3476,2987,713,2274,66,18,48,423,187,236,259,128,96,94,70,24,0,0,0,2,2,0,32,2275,859,313,383,413,307
2021,Nottingham 017,E02002884,5867,3191,2881,2375,646,1729,69,24,45,437,192,245,310,262,205,182,142,40,0,0,0,23,10,13,57,2414,447,644,545,376,402
2021,Nottingham 018,E02002885,6579,3227,2866,2309,769,1540,89,42,47,468,244,224,361,373,260,236,200,36,0,0,0,24,20,4,113,2979,407,1010,669,445,448
2021,Nottingham 019,E02002886,7802,4288,4035,3305,1026,2279,148,49,99,582,264,318,253,265,189,170,136,34,3,2,1,16,11,5,76,3249,1272,667,669,337,304
2021,Nottingham 020,E02002887,5368,2537,2356,2044,645,1399,37,12,25,275,105,170,181,135,98,91,71,20,0,0,0,7,4,3,37,2696,1234,330,335,607,190
2021,Nottingham 021,E02002888,5842,3266,2936,2602,782,1820,72,23,49,262,120,142,330,124,84,77,63,14,2,0,2,5,5,0,40,2452,685,399,432,524,412
2021,Nottingham 022,E02002889,10826,1707,1545,1346,310,1036,25,9,16,174,78,96,162,1796,1061,961,872,89,12,12,0,88,82,6,735,7323,307,6241,186,356,233
2021,Nottingham 023,E02002890,10373,3159,2865,2522,685,1837,64,21,43,279,114,165,294,1355,788,732,644,88,4,3,1,52,45,7,567,5859,618,3990,350,525,376
2021,Nottingham 024,E02002891,6664,3797,3593,3035,948,2087,97,34,63,461,204,257,204,140,105,103,82,21,0,0,0,2,1,1,35,2727,1193,384,527,346,277
2021,Nottingham 025,E02002892,4898,2579,2433,2097,581,1516,61,16,45,275,112,163,146,114,84,80,66,14,0,0,0,4,3,1,30,2205,887,345,339,468,166
2021,Nottingham 026,E02002893,12201,3173,2847,2419,707,1712,90,41,49,338,152,186,326,1560,946,843,723,120,8,7,1,95,88,7,614,7468,564,5444,585,467,408
2021,Nottingham 028,E02002895,9120,2790,2648,2232,411,1821,87,19,68,329,151,178,142,1109,734,655,580,75,6,4,2,73,70,3,375,5221,567,4100,188,120,246
2021,Nottingham 029,E02002896,7897,4712,4311,3722,1019,2703,95,37,58,494,216,278,401,235,183,162,119,43,0,0,0,21,13,8,52,2950,668,725,616,568,373
2021,Nottingham 030,E02002897,6341,3429,3274,2747,742,2005,94,24,70,433,214,219,155,137,93,82,65,17,1,0,1,10,9,1,44,2775,1867,341,274,156,137
2021,Nottingham 031,E02002898,10269,2025,1888,1678,385,1293,36,14,22,174,86,88,137,1430,936,821,739,82,7,5,2,108,102,6,494,6814,456,5895,197,169,97
2021,Nottingham 034,E02002901,5081,3057,2946,2559,626,1933,64,12,52,323,140,183,111,95,70,63,49,14,2,1,1,5,4,1,25,1929,1265,239,161,160,104
2021,Nottingham 035,E02002902,7766,3654,3427,3012,860,2152,56,14,42,359,135,224,227,428,253,237,205,32,3,3,0,13,12,1,175,3684,1272,1363,378,444,227
2021,Nottingham 036,E02002903,4772,2574,2421,2126,622,1504,42,14,28,253,109,144,153,82,56,53,44,9,0,0,0,3,1,2,26,2116,1219,203,242,312,140
2021,Nottingham 037,E02002904,5010,2969,2802,2471,691,1780,28,6,22,303,111,192,167,113,78,74,60,14,1,1,0,3,3,0,35,1928,925,215,274,335,179
2021,Herefordshire 001,E02002905,5420,2970,2893,1906,627,1279,156,28,128,831,351,480,77,58,43,39,31,8,0,0,0,4,4,0,15,2392,1794,158,188,127,125
2021,Herefordshire 002,E02002906,4618,2534,2425,2035,668,1367,50,10,40,340,130,210,109,65,53,51,40,11,0,0,0,2,2,0,12,2019,1326,128,228,233,104
2021,Herefordshire 003,E02002907,5256,2920,2787,2265,709,1556,87,17,70,435,179,256,133,61,50,46,40,6,1,0,1,3,3,0,11,2275,1468,166,211,278,152
2021,Herefordshire 004,E02002908,7593,4145,4020,2690,791,1899,197,38,159,1133,465,668,125,80,67,63,53,10,0,0,0,4,3,1,13,3368,2520,232,308,144,164
2021,Herefordshire 005,E02002909,9217,5014,4836,3461,1003,2458,223,46,177,1152,459,693,178,94,73,62,52,10,1,0,1,10,5,5,21,4109,2921,272,319,340,257
2021,Herefordshire 006,E02002910,6757,3648,3529,2378,719,1659,187,40,147,964,408,556,119,65,47,42,32,10,2,0,2,3,3,0,18,3044,2160,193,278,216,197
2021,Herefordshire 007,E02002911,8039,4454,4316,3325,987,2338,191,44,147,800,340,460,138,129,99,91,65,26,0,0,0,8,6,2,30,3456,2467,264,279,235,211
2021,Herefordshire 008,E02002912,6320,3826,3714,2969,864,2105,132,23,109,613,266,347,112,102,77,76,62,14,0,0,0,1,1,0,25,2392,1663,208,213,193,115
2021,Herefordshire 009,E02002913,5052,2558,2481,1780,511,1269,121,29,92,580,307,273,77,50,38,30,23,7,0,0,0,8,4,4,12,2444,1835,139,199,180,91
2021,Herefordshire 010,E02002914,7444,4504,4360,3809,1062,2747,71,18,53,480,182,298,144,130,108,97,80,17,2,0,2,9,6,3,22,2810,1872,222,222,323,171
2021,Herefordshire 011,E02002915,6663,3973,3858,3200,848,2352,97,22,75,561,239,322,115,126,102,98,79,19,0,0,0,4,2,2,24,2564,1844,194,201,176,149
2021,Herefordshire 012,E02002916,8198,5191,4933,4224,1124,3100,97,17,80,612,260,352,258,128,103,90,70,20,0,0,0,13,8,5,25,2879,1495,373,283,449,279
2021,Herefordshire 013,E02002917,5777,3683,3548,3029,778,2251,73,11,62,446,185,261,135,105,83,82,62,20,0,0,0,1,1,0,22,1989,1307,182,155,188,157
2021,Herefordshire 014,E02002918,4790,2685,2608,2214,678,1536,63,8,55,331,143,188,77,105,85,75,66,9,2,1,1,8,8,0,20,2000,1483,170,114,134,99
2021,Herefordshire 015,E02002919,7216,4476,4265,3725,1024,2701,73,16,57,467,189,278,211,134,107,101,75,26,2,0,2,4,4,0,27,2606,1433,209,359,398,207
2021,Herefordshire 016,E02002920,5455,3361,3260,2689,741,1948,89,13,76,482,204,278,101,68,54,51,39,12,2,2,0,1,1,0,14,2026,1379,176,182,164,125
2021,Herefordshire 017,E02002921,5998,3661,3471,3116,937,2179,45,9,36,310,123,187,190,141,119,114,85,29,0,0,0,5,1,4,22,2196,981,195,372,443,205
2021,Herefordshire 018,E02002922,5626,3168,3075,2202,627,1575,166,32,134,707,326,381,93,70,54,50,43,7,0,0,0,4,4,0,16,2388,1674,219,230,143,122
2021,Herefordshire 019,E02002923,8086,4338,4167,3343,965,2378,134,31,103,690,309,381,171,104,86,79,64,15,1,1,0,6,4,2,18,3644,2731,260,248,227,178
2021,Herefordshire 020,E02002924,5090,2864,2779,1645,563,1082,151,35,116,983,394,589,85,61,46,44,37,7,1,1,0,1,1,0,15,2165,1545,173,194,144,109
2021,Herefordshire 021,E02002925,9035,5354,5195,3760,1137,2623,260,52,208,1175,512,663,159,122,92,83,56,27,1,0,1,8,8,0,30,3559,2418,280,367,283,211
2021,Herefordshire 022,E02002926,9285,5077,4842,3918,1187,2731,129,29,100,795,381,414,235,100,78,69,52,17,0,0,0,9,6,3,22,4108,2959,272,302,338,237
2021,Herefordshire 023,E02002927,10192,5565,5411,3808,1118,2690,271,64,207,1332,612,720,154,98,81,76,61,15,0,0,0,5,5,0,17,4529,3360,330,382,259,198
2021,Telford and Wrekin 001,E02002928,5080,2594,2515,2189,591,1598,65,12,53,261,121,140,79,149,120,107,92,15,0,0,0,13,7,6,29,2337,1474,471,138,167,87
2021,Telford and Wrekin 002,E02002929,5731,2746,2681,2101,527,1574,153,27,126,427,198,229,65,177,132,117,99,18,0,0,0,15,10,5,45,2808,1598,793,176,136,105
2021,Telford and Wrekin 003,E02002930,5729,3116,3014,2630,679,1951,52,9,43,332,141,191,102,176,143,133,100,33,3,3,0,7,3,4,33,2437,1476,510,154,209,88
2021,Telford and Wrekin 004,E02002931,5468,3311,3242,2801,674,2127,78,9,69,363,144,219,69,80,56,55,44,11,0,0,0,1,1,0,24,2077,1422,230,176,141,108
2021,Telford and Wrekin 005,E02002932,6965,4147,3922,3521,886,2635,60,12,48,341,129,212,225,128,94,89,73,16,0,0,0,5,1,4,34,2690,1211,324,431,506,218
2021,Telford and Wrekin 006,E02002933,6714,3899,3744,3323,800,2523,70,14,56,351,137,214,155,125,96,92,70,22,0,0,0,4,2,2,29,2690,1844,224,240,255,127
2021,Telford and Wrekin 007,E02002934,5063,2963,2841,2478,572,1906,58,14,44,305,122,183,122,96,77,77,58,19,0,0,0,0,0,0,19,2004,1164,232,259,222,127
2021,Telford and Wrekin 008,E02002935,5560,3167,2991,2619,640,1979,49,7,42,323,114,209,176,77,50,49,37,12,0,0,0,1,1,0,27,2316,1407,179,264,274,192
2021,Telford and Wrekin 009,E02002936,8476,5595,5313,4732,908,3824,86,15,71,495,173,322,282,215,173,168,122,46,0,0,0,5,1,4,42,2666,1043,393,505,426,299
2021,Telford and Wrekin 010,E02002937,9141,5486,5322,4290,1002,3288,193,36,157,839,363,476,164,114,86,83,67,16,2,1,1,1,0,1,28,3541,2437,324,299,308,173
2021,Telford and Wrekin 011,E02002938,5754,3173,2968,2542,646,1896,60,23,37,366,166,200,205,104,76,72,55,17,2,2,0,2,0,2,28,2477,1067,330,461,363,256
2021,Telford and Wrekin 012,E02002939,6305,3510,3342,2927,688,2239,79,17,62,336,150,186,168,99,79,76,62,14,0,0,0,3,0,3,20,2696,1602,208,275,398,213
2021,Telford and Wrekin 013,E02002940,4894,2946,2812,2481,539,1942,38,5,33,293,101,192,134,68,48,48,36,12,0,0,0,0,0,0,20,1880,1150,132,177,274,147
2021,Telford and Wrekin 014,E02002941,8576,5009,4777,4215,991,3224,71,10,61,491,192,299,232,139,96,92,70,22,0,0,0,4,3,1,43,3428,1929,259,408,550,282
2021,Telford and Wrekin 015,E02002942,6294,4065,3942,3431,735,2696,79,13,66,432,173,259,123,143,90,85,62,23,3,1,2,2,1,1,53,2086,1212,339,227,180,128
2021,Telford and Wrekin 017,E02002944,6499,3717,3487,3130,788,2342,55,12,43,302,106,196,230,121,86,76,46,30,2,0,2,8,5,3,35,2661,1105,300,463,559,234
2021,Telford and Wrekin 018,E02002945,7483,4520,4283,3834,902,2932,67,13,54,382,132,250,237,131,92,81,53,28,1,1,0,10,3,7,39,2832,1330,325,464,436,277
2021,Telford and Wrekin 019,E02002946,6285,3709,3552,3136,781,2355,54,13,41,362,135,227,157,83,57,54,44,10,0,0,0,3,1,2,26,2493,1416,177,349,397,154
2021,Telford and Wrekin 020,E02002947,5385,2985,2725,2430,648,1782,32,10,22,263,110,153,260,97,67,61,47,14,2,1,1,4,0,4,30,2303,1022,264,367,430,220
2021,Telford and Wrekin 021,E02002948,5469,2980,2691,2384,621,1763,42,9,33,265,92,173,289,118,81,79,57,22,2,2,0,0,0,0,37,2371,780,309,533,495,254
2021,Telford and Wrekin 022,E02002949,4564,2515,2382,2005,515,1490,57,12,45,320,110,210,133,48,29,29,19,10,0,0,0,0,0,0,19,2001,1231,142,162,338,128
2021,Telford and Wrekin 023,E02002950,4494,2296,2098,1812,469,1343,39,7,32,247,105,142,198,69,47,45,32,13,0,0,0,2,2,0,22,2129,1047,193,348,352,189
2021,Stoke-on-Trent 001,E02002951,6425,3605,3455,3034,758,2276,71,17,54,350,109,241,150,131,93,92,79,13,0,0,0,1,1,0,38,2689,1704,193,294,359,139
2021,Stoke-on-Trent 002,E02002952,5851,3554,3418,3035,669,2366,67,18,49,316,112,204,136,113,89,82,69,13,0,0,0,7,6,1,24,2184,1162,215,317,326,164
2021,Stoke-on-Trent 003,E02002953,5878,3025,2884,2551,680,1871,57,14,43,276,115,161,141,115,74,73,61,12,0,0,0,1,1,0,41,2738,1551,224,350,415,198
2021,Stoke-on-Trent 004,E02002954,6577,3678,3465,3045,817,2228,64,14,50,356,144,212,213,108,72,69,55,14,0,0,0,3,2,1,36,2791,1549,263,335,448,196
2021,Stoke-on-Trent 005,E02002955,5572,3031,2814,2339,674,1665,105,38,67,370,181,189,217,108,69,66,52,14,2,2,0,1,0,1,39,2433,770,288,595,448,332
2021,Stoke-on-Trent 006,E02002956,7257,4013,3793,3298,946,2352,79,20,59,416,145,271,220,172,126,124,98,26,2,0,2,0,0,0,46,3072,1406,349,484,580,253
2021,Stoke-on-Trent 007,E02002957,8007,4620,4503,3835,1010,2825,116,23,93,552,171,381,117,159,113,106,87,19,0,0,0,7,2,5,46,3228,2298,282,245,274,129
2021,Stoke-on-Trent 008,E02002958,6710,3986,3823,3342,789,2553,72,8,64,409,130,279,163,136,103,99,81,18,2,0,2,2,2,0,33,2588,1374,226,333,450,205
2021,Stoke-on-Trent 009,E02002959,7002,3822,3522,3015,766,2249,115,36,79,392,163,229,300,138,96,85,55,30,1,0,1,10,10,0,42,3042,1059,419,557,624,383
2021,Stoke-on-Trent 010,E02002960,4767,2818,2706,2332,634,1698,61,21,40,313,119,194,112,82,68,68,58,10,0,0,0,0,0,0,14,1867,1200,163,194,187,123
2021,Stoke-on-Trent 011,E02002961,5624,3143,2933,2480,654,1826,93,30,63,360,151,209,210,134,99,96,78,18,0,0,0,3,0,3,35,2347,786,364,477,385,335
2021,Stoke-on-Trent 012,E02002962,5984,3149,2929,2567,707,1860,39,6,33,323,108,215,220,100,68,62,49,13,0,0,0,6,4,2,32,2735,1135,284,477,622,217
2021,Stoke-on-Trent 013,E02002963,5775,3439,3160,2741,702,2039,74,22,52,345,143,202,279,89,69,65,51,14,4,3,1,0,0,0,20,2247,892,252,377,444,282
2021,Stoke-on-Trent 014,E02002964,7108,3795,3621,3198,911,2287,60,13,47,363,119,244,174,119,94,89,71,18,0,0,0,5,4,1,25,3194,1974,257,356,418,189
2021,Stoke-on-Trent 015,E02002965,6401,3127,2806,2257,617,1640,110,57,53,439,223,216,321,316,206,192,154,38,0,0,0,14,10,4,110,2958,567,789,663,472,467
2021,Stoke-on-Trent 016,E02002966,8571,4016,3758,3215,756,2459,117,39,78,426,159,267,258,774,538,483,420,63,12,9,3,43,39,4,236,3781,833,1822,466,336,324
2021,Stoke-on-Trent 017,E02002967,7652,4124,3796,3437,915,2522,55,10,45,304,91,213,328,161,107,103,86,17,0,0,0,4,4,0,54,3367,1129,382,678,817,361
2021,Stoke-on-Trent 018,E02002968,7892,4811,4614,4066,858,3208,91,25,66,457,196,261,197,288,214,198,163,35,1,1,0,15,12,3,74,2793,1433,564,281,292,223
2021,Stoke-on-Trent 019,E02002969,7760,4492,4209,3686,856,2830,93,26,67,430,167,263,283,322,245,226,188,38,0,0,0,19,15,4,77,2946,1177,685,354,444,286
2021,Stoke-on-Trent 020,E02002970,6360,3641,3449,3097,728,2369,47,11,36,305,111,194,192,168,120,118,99,19,1,1,0,1,1,0,48,2551,1166,244,376,478,287
2021,Stoke-on-Trent 023,E02002973,6451,3839,3655,3194,759,2435,74,22,52,387,132,255,184,155,114,108,86,22,1,1,0,5,4,1,41,2457,1122,363,340,391,241
2021,Stoke-on-Trent 024,E02002974,5037,2766,2670,2345,575,1770,49,19,30,276,120,156,96,86,71,68,53,15,0,0,0,3,1,2,15,2185,1527,131,191,231,105
2021,Stoke-on-Trent 025,E02002975,6029,3812,3727,3332,753,2579,46,9,37,349,142,207,85,126,94,90,74,16,0,0,0,4,2,2,32,2091,1431,174,171,209,106
2021,Stoke-on-Trent 026,E02002976,4719,2726,2594,2293,540,1753,36,7,29,265,94,171,132,93,73,73,68,5,0,0,0,0,0,0,20,1900,1072,191,225,276,136
2021,Stoke-on-Trent 027,E02002977,4707,2293,2182,1913,494,1419,44,16,28,225,90,135,111,81,61,58,50,8,0,0,0,3,2,1,20,2333,1492,155,193,353,140
2021,Stoke-on-Trent 028,E02002978,5158,2836,2637,2363,583,1780,42,9,33,232,84,148,199,79,53,49,37,12,0,0,0,4,4,0,26,2243,991,247,336,472,197
2021,Stoke-on-Trent 029,E02002979,4506,2306,2118,1632,512,1120,87,33,54,399,207,192,188,115,89,80,63,17,2,2,0,7,4,3,26,2085,709,280,500,311,285
2021,Stoke-on-Trent 030,E02002980,5034,2605,2529,2175,540,1635,55,11,44,299,138,161,76,101,77,73,52,21,0,0,0,4,1,3,24,2328,1737,175,148,181,87
2021,Stoke-on-Trent 031,E02002981,6485,3694,3520,3046,819,2227,85,19,66,389,180,209,174,144,116,108,93,15,2,1,1,6,5,1,28,2647,1160,343,504,419,221
2021,Stoke-on-Trent 032,E02002982,6637,3893,3721,3340,781,2559,61,16,45,320,133,187,172,136,93,90,76,14,0,0,0,3,3,0,43,2608,961,394,400,614,239
2021,Stoke-on-Trent 033,E02002983,4424,2567,2515,2190,546,1644,55,14,41,270,119,151,52,89,59,58,49,9,0,0,0,1,0,1,30,1768,1312,144,103,124,85
2021,Stoke-on-Trent 034,E02002984,4649,2589,2549,2219,516,1703,70,22,48,260,107,153,40,98,84,74,71,3,3,3,0,7,5,2,14,1962,1573,123,102,87,77
2021,Bath and North East Somerset 001,E02002985,5482,3300,3187,2682,797,1885,65,22,43,440,182,258,113,104,77,73,64,9,0,0,0,4,4,0,27,2078,1406,154,207,201,110
2021,Bath and North East Somerset 002,E02002986,5664,3560,3452,2968,816,2152,75,17,58,409,170,239,108,99,87,80,60,20,3,0,3,4,3,1,12,2005,1272,172,209,241,111
2021,Bath and North East Somerset 003,E02002987,4811,2716,2650,2208,622,1586,70,14,56,372,183,189,66,99,85,80,72,8,0,0,0,5,4,1,14,1996,1561,142,119,94,80
2021,Bath and North East Somerset 004,E02002988,4592,2722,2620,2004,565,1439,79,11,68,537,290,247,102,93,83,78,64,14,0,0,0,5,5,0,10,1777,1170,254,147,115,91
2021,Bath and North East Somerset 005,E02002989,4474,2611,2540,2045,615,1430,71,11,60,424,210,214,71,72,55,55,43,12,0,0,0,0,0,0,17,1791,1128,246,166,150,101
2021,Bath and North East Somerset 006,E02002990,4995,3183,3041,2370,627,1743,67,13,54,604,329,275,142,144,123,115,90,25,1,1,0,7,7,0,21,1668,819,438,138,130,143
2021,Bath and North East Somerset 007,E02002991,9741,5195,4951,3866,905,2961,169,41,128,916,458,458,244,417,322,295,226,69,3,3,0,24,18,6,95,4129,1910,1349,320,304,246
2021,Bath and North East Somerset 008,E02002992,4755,2693,2602,2109,582,1527,84,12,72,409,206,203,91,195,152,142,127,15,2,2,0,8,7,1,43,1867,1121,416,130,108,92
2021,Bath and North East Somerset 009,E02002993,5482,2616,2474,2011,484,1527,59,10,49,404,200,204,142,464,315,290,255,35,5,5,0,20,20,0,149,2402,716,1238,143,181,124
2021,Bath and North East Somerset 010,E02002994,8635,4871,4737,3358,1018,2340,212,44,168,1167,624,543,134,117,86,80,61,19,0,0,0,6,5,1,31,3647,2449,559,320,147,172
2021,Bath and North East Somerset 011,E02002995,4694,2573,2413,2078,697,1381,28,12,16,307,139,168,160,216,162,156,135,21,0,0,0,6,6,0,54,1905,623,427,269,378,208
2021,Bath and North East Somerset 012,E02002996,10609,3489,3370,2538,675,1863,147,37,110,685,373,312,119,818,552,463,416,47,0,0,0,89,85,4,266,6302,1688,4160,216,87,151
2021,Bath and North East Somerset 013,E02002997,7570,2958,2833,2390,577,1813,51,17,34,392,188,204,125,756,514,451,393,58,2,2,0,61,61,0,242,3856,800,2661,139,145,111
2021,Bath and North East Somerset 014,E02002998,5210,2114,2029,1710,487,1223,37,7,30,282,147,135,85,393,310,270,245,25,2,2,0,38,36,2,83,2703,811,1512,123,168,89
2021,Bath and North East Somerset 015,E02002999,4669,2598,2485,2095,659,1436,45,10,35,345,155,190,113,173,142,131,111,20,2,1,1,9,8,1,31,1898,1038,373,179,193,115
2021,Bath and North East Somerset 016,E02003000,8087,4443,4329,3382,1064,2318,166,28,138,781,374,407,114,138,117,111,101,10,0,0,0,6,5,1,21,3506,2632,305,214,199,156
2021,Bath and North East Somerset 017,E02003001,4553,2660,2585,1993,546,1447,93,19,74,499,260,239,75,110,76,68,54,14,0,0,0,8,8,0,34,1783,1152,359,133,78,61
2021,Bath and North East Somerset 018,E02003002,4989,2727,2611,2135,671,1464,58,13,45,418,219,199,116,120,91,82,60,22,0,0,0,9,8,1,29,2142,1112,478,215,206,131
2021,Bath and North East Somerset 019,E02003003,4905,2818,2701,2181,714,1467,59,11,48,461,214,247,117,163,131,114,96,18,0,0,0,17,15,2,32,1924,940,523,187,160,114
2021,Bath and North East Somerset 020,E02003004,6004,3872,3784,2950,909,2041,161,34,127,673,302,371,88,100,75,72,64,8,0,0,0,3,3,0,25,2032,1370,178,200,166,118
2021,Bath and North East Somerset 021,E02003005,5513,3246,3161,2358,749,1609,173,29,144,630,269,361,85,101,76,72,67,5,0,0,0,4,3,1,25,2166,1567,209,221,77,92
2021,Bath and North East Somerset 022,E02003006,8393,4527,4363,3451,1052,2399,126,29,97,786,353,433,164,377,214,195,181,14,1,0,1,18,18,0,163,3489,1644,1237,269,194,145
2021,Bath and North East Somerset 023,E02003007,7741,4775,4639,3874,1141,2733,103,22,81,662,283,379,136,120,95,88,79,9,0,0,0,7,7,0,25,2846,1984,265,262,179,156
2021,Bath and North East Somerset 024,E02003008,4834,3093,2967,2497,714,1783,50,13,37,420,166,254,126,73,64,61,56,5,1,1,0,2,2,0,9,1668,935,195,223,201,114
2021,Bath and North East Somerset 025,E02003009,5101,3182,3089,2616,752,1864,70,13,57,403,163,240,93,68,44,44,40,4,0,0,0,0,0,0,24,1851,1314,154,165,115,103
2021,Bath and North East Somerset 026,E02003010,5237,3389,3280,2857,827,2030,66,18,48,357,153,204,109,104,94,89,71,18,0,0,0,5,5,0,10,1744,1090,168,172,174,140
2021,Bath and North East Somerset 027,E02003011,4876,2778,2688,2315,709,1606,67,16,51,306,118,188,90,106,84,79,67,12,0,0,0,5,5,0,22,1992,1388,139,162,194,109
2021,Bristol 001,E02003012,9505,5816,5599,4835,1310,3525,109,34,75,655,261,394,217,159,116,110,88,22,1,1,0,5,4,1,43,3530,1671,415,531,590,323
2021,Bristol 002,E02003013,10041,6027,5693,4983,1360,3623,98,19,79,612,225,387,334,275,196,186,151,35,1,0,1,9,7,2,79,3739,1677,571,513,643,335
2021,Bristol 003,E02003014,6296,3747,3535,3141,907,2234,45,7,38,349,135,214,212,127,102,96,79,17,0,0,0,6,4,2,25,2422,906,314,474,503,225
2021,Bristol 004,E02003015,5612,3566,3411,2963,722,2241,58,10,48,390,174,216,155,186,143,133,97,36,0,0,0,10,10,0,43,1860,954,374,187,236,109
2021,Bristol 005,E02003016,6624,3796,3604,3116,726,2390,75,22,53,413,172,241,192,472,369,342,284,58,5,2,3,22,21,1,103,2356,721,763,316,344,212
2021,Bristol 006,E02003017,5112,2981,2897,2348,634,1714,100,21,79,449,217,232,84,66,57,53,44,9,0,0,0,4,4,0,9,2065,1441,217,169,173,65
2021,Bristol 007,E02003018,4904,2935,2823,2376,698,1678,82,12,70,365,175,190,112,64,50,45,42,3,1,1,0,4,4,0,14,1905,1083,201,256,233,132
2021,Bristol 008,E02003019,8315,5288,5068,4499,1087,3412,65,16,49,504,188,316,220,117,100,94,70,24,0,0,0,6,5,1,17,2910,1613,285,331,439,242
2021,Bristol 009,E02003020,5105,2777,2709,2198,644,1554,112,24,88,399,202,197,68,76,54,47,39,8,1,1,0,6,5,1,22,2252,1674,264,154,99,61
2021,Bristol 010,E02003021,6205,3720,3612,3105,669,2436,44,12,32,463,215,248,108,465,341,309,275,34,1,1,0,31,27,4,124,2020,746,821,162,175,116
2021,Bristol 011,E02003022,4873,2829,2770,2260,641,1619,92,20,72,418,237,181,59,84,66,59,53,6,1,1,0,6,4,2,18,1960,1435,225,171,82,47
2021,Bristol 012,E02003023,5653,2801,2693,2183,615,1568,60,15,45,450,207,243,108,320,213,197,158,39,4,3,1,12,12,0,107,2532,1170,713,223,273,153
2021,Bristol 013,E02003024,8247,4646,4440,3734,974,2760,92,28,64,614,278,336,206,400,306,283,229,54,1,0,1,22,15,7,94,3201,1396,683,355,514,253
2021,Bristol 014,E02003025,6156,3692,3532,2902,850,2052,69,19,50,561,254,307,160,246,191,180,147,33,2,1,1,9,8,1,55,2218,910,458,280,350,220
2021,Bristol 015,E02003026,8901,3582,3502,2732,706,2026,194,39,155,576,304,272,80,456,217,182,172,10,0,0,0,35,34,1,239,4863,2008,2377,235,130,113
2021,Bristol 016,E02003027,10812,7064,6832,5633,1326,4307,148,26,122,1051,533,518,232,654,494,440,376,64,5,4,1,49,43,6,160,3094,1222,1139,206,160,367
2021,Bristol 017,E02003028,7152,4558,4413,3651,788,2863,131,20,111,631,334,297,145,281,212,181,140,41,5,4,1,26,23,3,69,2313,1268,610,176,149,110
2021,Bristol 018,E02003029,5182,3136,2963,2481,764,1717,59,23,36,423,187,236,173,131,83,83,73,10,0,0,0,0,0,0,48,1915,747,344,299,331,194
2021,Bristol 019,E02003030,6557,4208,4008,3296,906,2390,91,33,58,621,294,327,200,286,209,194,156,38,1,1,0,14,14,0,77,2063,787,495,253,276,252
2021,Bristol 020,E02003031,8921,5722,5520,4435,954,3481,153,23,130,932,480,452,202,516,385,332,285,47,3,3,0,50,44,6,131,2683,910,1289,184,148,152
2021,Bristol 021,E02003032,6688,4308,4137,3430,913,2517,76,21,55,631,289,342,171,198,150,141,113,28,0,0,0,9,9,0,48,2182,964,350,332,286,250
2021,Bristol 022,E02003033,8117,4005,3859,3213,487,2726,98,20,78,548,265,283,146,797,587,499,440,59,3,3,0,85,80,5,210,3315,715,2252,135,108,105
2021,Bristol 025,E02003036,7930,4328,4165,3531,591,2940,81,18,63,553,268,285,163,690,455,398,337,61,4,2,2,53,48,5,235,2912,518,1908,143,178,165
2021,Bristol 026,E02003037,8482,4763,4620,3897,591,3306,88,28,60,635,288,347,143,727,559,478,403,75,7,4,3,74,73,1,168,2992,699,1938,146,80,129
2021,Bristol 027,E02003038,5639,3782,3647,3131,809,2322,64,14,50,452,169,283,135,106,87,80,71,9,0,0,0,7,7,0,19,1751,911,202,241,223,174
2021,Bristol 028,E02003039,7233,4720,4511,3786,946,2840,99,30,69,626,285,341,209,159,132,120,101,19,0,0,0,12,9,3,27,2354,1055,348,298,399,254
2021,Bristol 029,E02003040,8418,6279,6035,5002,1147,3855,89,15,74,944,387,557,244,152,135,117,78,39,0,0,0,18,13,5,17,1987,882,273,211,342,279
2021,Bristol 030,E02003041,5598,3275,3184,2572,363,2209,108,27,81,504,252,252,91,308,220,179,137,42,4,3,1,37,31,6,88,2015,877,894,99,51,94
2021,Bristol 033,E02003044,5127,3474,3367,2794,729,2065,71,20,51,502,188,314,107,81,59,55,45,10,2,1,1,2,2,0,22,1572,1014,187,131,147,93
2021,Bristol 034,E02003045,6381,3213,3078,2520,405,2115,71,12,59,487,260,227,135,579,385,325,276,49,3,3,0,57,54,3,194,2589,669,1589,99,138,94
2021,Bristol 035,E02003046,8200,5910,5711,4938,1095,3843,84,21,63,689,261,428,199,142,110,99,73,26,0,0,0,11,6,5,32,2148,1028,317,266,311,226
2021,Bristol 036,E02003047,9351,6921,6707,5647,1173,4474,136,28,108,924,414,510,214,246,186,163,119,44,2,2,0,21,18,3,60,2184,1091,449,191,261,192
2021,Bristol 037,E02003048,5813,4457,4310,3578,709,2869,58,16,42,674,297,377,147,98,76,71,52,19,0,0,0,5,5,0,22,1258,517,250,142,190,159
2021,Bristol 038,E02003049,6393,4198,4029,3461,893,2568,69,16,53,499,201,298,169,95,80,68,50,18,1,0,1,11,9,2,15,2100,1211,206,230,297,156
2021,Bristol 039,E02003050,9007,6556,6332,5526,999,4527,82,17,65,724,280,444,224,213,178,160,108,52,1,0,1,17,14,3,35,2238,1009,321,244,430,234
2021,Bristol 040,E02003051,6018,4356,4182,3535,848,2687,78,14,64,569,278,291,174,137,92,82,59,23,0,0,0,10,10,0,45,1525,560,284,264,254,163
2021,Bristol 041,E02003052,5953,4197,4082,3537,821,2716,54,11,43,491,204,287,115,98,85,75,60,15,0,0,0,10,9,1,13,1658,969,176,184,198,131
2021,Bristol 042,E02003053,6979,4672,4497,3701,968,2733,105,29,76,691,287,404,175,130,103,96,87,9,1,0,1,6,5,1,27,2177,1245,277,219,276,160
2021,Bristol 043,E02003054,5659,3727,3614,3077,802,2275,77,17,60,460,199,261,113,131,97,89,71,18,0,0,0,8,5,3,34,1801,1024,190,198,265,124
2021,Bristol 044,E02003055,6918,4239,4000,3467,1037,2430,53,9,44,480,192,288,239,166,135,132,106,26,0,0,0,3,1,2,31,2513,910,388,480,473,262
2021,Bristol 045,E02003056,5906,3387,3206,2765,848,1917,47,12,35,394,137,257,181,146,106,103,81,22,2,2,0,1,0,1,40,2373,887,280,434,511,261
2021,Bristol 046,E02003057,5053,3254,3186,2683,715,1968,60,13,47,443,162,281,68,69,51,50,38,12,1,1,0,0,0,0,18,1730,1100,151,182,178,119
2021,Bristol 047,E02003058,7869,4802,4650,3940,1156,2784,101,21,80,609,227,382,152,138,113,109,88,21,1,0,1,3,1,2,25,2929,1640,262,354,422,251
2021,Bristol 048,E02003059,5377,3415,3297,2822,779,2043,64,18,46,411,130,281,118,86,61,59,47,12,0,0,0,2,0,2,25,1876,1067,180,225,229,175
2021,Bristol 049,E02003060,9128,5364,5192,4385,1346,3039,119,28,91,688,251,437,172,138,101,94,83,11,0,0,0,7,6,1,37,3626,2332,287,324,449,234
2021,Bristol 050,E02003061,4764,2789,2635,2235,676,1559,57,13,44,343,106,237,154,92,64,59,48,11,0,0,0,5,2,3,28,1883,808,211,308,365,191
2021,Bristol 051,E02003062,4585,2621,2454,2146,668,1478,32,7,25,276,87,189,167,86,61,57,52,5,1,0,1,3,2,1,25,1878,712,179,338,448,201
2021,Bristol 052,E02003063,6020,3493,3431,2882,892,1990,83,12,71,466,168,298,62,81,54,54,46,8,0,0,0,0,0,0,27,2446,1805,158,184,169,130
2021,Bristol 053,E02003064,5368,2904,2680,2333,781,1552,47,13,34,300,94,206,224,84,51,45,36,9,1,1,0,5,1,4,33,2380,698,290,535,598,259
2021,North Somerset 001,E02003065,8132,4902,4749,3945,1039,2906,132,29,103,672,320,352,153,148,111,100,84,16,1,1,0,10,6,4,37,3082,2316,234,203,192,137
2021,North Somerset 002,E02003066,5161,2775,2698,2246,695,1551,70,26,44,382,194,188,77,85,66,65,59,6,0,0,0,1,0,1,19,2301,1885,150,145,70,51
2021,North Somerset 003,E02003067,6420,3961,3876,3305,887,2418,75,8,67,496,225,271,85,133,103,102,92,10,0,0,0,1,0,1,30,2326,1653,212,190,158,113
2021,North Somerset 004,E02003068,5298,3111,3034,2455,661,1794,103,16,87,476,235,241,77,89,71,64,56,8,0,0,0,7,6,1,18,2098,1483,202,180,148,85
2021,North Somerset 005,E02003069,4833,2544,2482,1968,589,1379,100,28,72,414,210,204,62,66,57,55,45,10,1,1,0,1,1,0,9,2223,1734,143,146,107,93
2021,North Somerset 006,E02003070,10577,6440,6282,5008,1395,3613,249,60,189,1025,496,529,158,165,121,117,98,19,1,0,1,3,1,2,44,3972,2911,390,341,184,146
2021,North Somerset 007,E02003071,6702,3804,3687,3064,917,2147,86,21,65,537,257,280,117,105,89,87,79,8,0,0,0,2,2,0,16,2793,2007,193,180,263,150
2021,North Somerset 008,E02003072,7851,4172,4070,3440,1051,2389,83,21,62,547,255,292,102,121,95,88,74,14,1,1,0,6,4,2,26,3558,2805,232,178,223,120
2021,North Somerset 009,E02003073,5270,2875,2817,2379,727,1652,76,20,56,362,179,183,58,101,86,86,74,12,0,0,0,0,0,0,15,2294,1859,159,150,79,47
2021,North Somerset 010,E02003074,6389,3937,3826,3268,924,2344,65,14,51,493,219,274,111,101,81,79,64,15,0,0,0,2,2,0,20,2351,1729,177,178,169,98
2021,North Somerset 011,E02003075,4912,2895,2817,2184,672,1512,139,33,106,494,244,250,78,91,61,55,44,11,1,1,0,5,5,0,30,1926,1380,184,169,97,96
2021,North Somerset 012,E02003076,8090,4832,4714,3886,1133,2753,134,28,106,694,297,397,118,132,116,107,96,11,1,1,0,8,7,1,16,3126,2250,270,260,210,136
2021,North Somerset 013,E02003077,5255,3139,3057,2255,649,1606,150,33,117,652,281,371,82,89,72,64,48,16,0,0,0,8,7,1,17,2027,1465,188,173,90,111
2021,North Somerset 014,E02003078,6146,3372,3273,2575,814,1761,105,14,91,593,280,313,99,125,109,98,88,10,2,1,1,9,8,1,16,2649,1858,299,200,190,102
2021,North Somerset 015,E02003079,7512,4816,4674,3991,1211,2780,87,14,73,596,237,359,142,151,122,116,96,20,2,0,2,4,2,2,29,2545,1736,245,265,187,112
2021,North Somerset 016,E02003080,7307,3743,3603,3121,954,2167,63,14,49,419,164,255,140,111,91,89,82,7,0,0,0,2,0,2,20,3453,2464,241,240,356,152
2021,North Somerset 017,E02003081,7981,4354,4213,3554,1058,2496,101,25,76,558,228,330,141,175,139,135,120,15,0,0,0,4,4,0,36,3452,2579,257,218,261,137
2021,North Somerset 018,E02003082,8144,4508,4272,3513,908,2605,116,27,89,643,266,377,236,131,109,101,55,46,1,1,0,7,6,1,22,3505,2331,234,215,467,258
2021,North Somerset 020,E02003084,9015,5111,4802,4081,1106,2975,122,32,90,599,257,342,309,156,131,130,106,24,0,0,0,1,1,0,25,3748,1903,344,345,788,368
2021,North Somerset 021,E02003085,6074,3359,3137,2750,858,1892,39,9,30,348,138,210,222,118,91,79,68,11,0,0,0,12,10,2,27,2597,1002,286,456,642,211
2021,North Somerset 022,E02003086,5339,2786,2678,2205,629,1576,78,15,63,395,162,233,108,103,86,81,70,11,0,0,0,5,3,2,17,2450,1661,161,142,348,138
2021,North Somerset 023,E02003087,9005,5004,4861,3905,1102,2803,153,43,110,803,342,461,143,152,124,119,95,24,0,0,0,5,1,4,28,3849,2859,290,277,291,132
2021,North Somerset 024,E02003088,7529,3904,3816,2954,898,2056,171,33,138,691,315,376,88,134,108,103,93,10,0,0,0,5,4,1,26,3491,2561,382,243,180,125
2021,North Somerset 025,E02003089,4919,2571,2466,2074,639,1435,60,13,47,332,144,188,105,98,76,72,58,14,1,0,1,3,3,0,22,2250,1495,177,196,263,119
2021,South Gloucestershire 001,E02003090,7583,4429,4313,3764,958,2806,80,11,69,469,205,264,116,118,90,84,70,14,2,0,2,4,4,0,28,3036,2063,218,221,224,310
2021,South Gloucestershire 002,E02003091,5575,3211,3118,2695,743,1952,69,11,58,354,151,203,93,80,64,64,54,10,0,0,0,0,0,0,16,2284,1663,176,165,168,112
2021,South Gloucestershire 003,E02003092,7255,4542,4431,3565,1043,2522,182,41,141,684,318,366,111,145,112,104,90,14,1,1,0,7,5,2,33,2568,1562,236,218,158,394
2021,South Gloucestershire 004,E02003093,5684,3056,2969,2317,649,1668,124,30,94,528,248,280,87,82,68,61,54,7,0,0,0,7,5,2,14,2546,1992,213,157,82,102
2021,South Gloucestershire 005,E02003094,7280,4539,4414,3661,901,2760,125,32,93,628,278,350,125,139,101,92,71,21,0,0,0,9,7,2,38,2602,1748,249,253,196,156
2021,South Gloucestershire 006,E02003095,7040,4579,4469,3927,1028,2899,82,18,64,460,185,275,110,155,126,124,106,18,1,1,0,1,0,1,29,2306,1609,211,231,162,93
2021,South Gloucestershire 007,E02003096,5209,3302,3195,2825,764,2061,38,10,28,332,125,207,107,93,74,72,62,10,2,1,1,0,0,0,19,1814,1153,175,176,204,106
2021,South Gloucestershire 008,E02003097,5504,3028,2949,2517,731,1786,60,28,32,372,154,218,79,86,61,61,56,5,0,0,0,0,0,0,25,2390,1903,153,125,131,78
2021,South Gloucestershire 009,E02003098,8012,6044,5861,5253,1087,4166,77,21,56,531,206,325,183,196,166,159,135,24,0,0,0,7,6,1,30,1772,968,342,216,97,149
2021,South Gloucestershire 010,E02003099,6194,3753,3666,3258,885,2373,35,10,25,373,134,239,87,102,78,76,66,10,0,0,0,2,1,1,24,2339,1638,189,183,191,138
2021,South Gloucestershire 012,E02003101,8521,6181,6028,5378,1189,4189,91,20,71,559,196,363,153,203,169,162,135,27,0,0,0,7,6,1,34,2137,1139,344,315,177,162
2021,South Gloucestershire 013,E02003102,5741,3406,3331,2823,811,2012,102,23,79,406,199,207,75,91,71,68,62,6,0,0,0,3,2,1,20,2244,1607,204,185,137,111
2021,South Gloucestershire 014,E02003103,5663,3911,3818,3381,909,2472,48,10,38,389,168,221,93,106,84,83,76,7,0,0,0,1,1,0,22,1646,995,164,180,166,141
2021,South Gloucestershire 015,E02003104,6189,3957,3825,3363,862,2501,60,11,49,402,150,252,132,127,102,94,80,14,2,1,1,6,3,3,25,2105,1463,174,185,150,133
2021,South Gloucestershire 016,E02003105,5283,3017,2927,2444,718,1726,89,23,66,394,168,226,90,75,52,51,43,8,0,0,0,1,1,0,23,2191,1654,172,137,143,85
2021,South Gloucestershire 018,E02003107,9641,5419,5187,4483,1115,3368,97,21,76,607,231,376,232,630,462,443,380,63,0,0,0,19,18,1,168,3592,1740,1035,268,290,259
2021,South Gloucestershire 019,E02003108,10283,6568,6391,5391,1371,4020,168,36,132,832,323,509,177,180,128,122,99,23,0,0,0,6,6,0,52,3535,2129,325,347,309,425
2021,South Gloucestershire 020,E02003109,4998,3021,2969,2509,768,1741,65,12,53,395,156,239,52,102,84,80,75,5,1,1,0,3,3,0,18,1875,1455,164,121,73,62
2021,South Gloucestershire 021,E02003110,9607,6736,6564,5788,1408,4380,108,26,82,668,260,408,172,248,196,181,148,33,1,1,0,14,13,1,52,2623,1578,425,322,153,145
2021,South Gloucestershire 022,E02003111,5525,3318,3238,2721,742,1979,95,26,69,422,175,247,80,113,87,86,72,14,0,0,0,1,1,0,26,2094,1541,201,100,135,117
2021,South Gloucestershire 023,E02003112,5199,3155,3041,2614,806,1808,54,16,38,373,136,237,114,107,85,81,72,9,1,0,1,3,3,0,22,1937,1209,190,205,206,127
2021,South Gloucestershire 024,E02003113,8705,5294,5155,3839,1121,2718,245,59,186,1071,486,585,139,125,96,91,75,16,2,2,0,3,2,1,29,3286,2328,284,324,163,187
2021,South Gloucestershire 025,E02003114,5988,3630,3499,2967,877,2090,69,12,57,463,179,284,131,100,80,75,61,14,2,2,0,3,1,2,20,2258,1558,181,196,188,135
2021,South Gloucestershire 026,E02003115,7960,5098,4898,4210,1152,3058,96,29,67,592,216,376,200,168,133,124,90,34,1,0,1,8,1,7,35,2694,1566,276,259,385,208
2021,South Gloucestershire 027,E02003116,6350,3884,3699,3167,895,2272,57,6,51,475,168,307,185,104,70,66,57,9,0,0,0,4,1,3,34,2362,1459,192,260,306,145
2021,South Gloucestershire 028,E02003117,7634,4968,4787,4076,1146,2930,85,20,65,626,224,402,181,104,77,72,53,19,0,0,0,5,5,0,27,2562,1523,245,280,291,223
2021,South Gloucestershire 029,E02003118,8241,5552,5419,4681,1286,3395,95,14,81,643,259,384,133,145,106,101,90,11,1,0,1,4,3,1,39,2544,1675,249,211,228,181
2021,South Gloucestershire 030,E02003119,8368,5333,5169,4380,1294,3086,95,24,71,694,277,417,164,141,100,97,79,18,1,0,1,2,1,1,41,2894,1821,274,290,308,201
2021,South Gloucestershire 031,E02003120,7610,4557,4436,3726,1085,2641,103,27,76,607,246,361,121,117,84,78,63,15,1,1,0,5,3,2,33,2936,2120,216,223,239,138
2021,South Gloucestershire 032,E02003121,8571,5074,4951,4213,1248,2965,134,27,107,604,251,353,123,139,103,102,92,10,1,1,0,0,0,0,36,3358,2654,209,203,153,139
2021,Plymouth 001,E02003122,6120,3144,3068,2665,742,1923,85,20,65,318,132,186,76,98,80,76,67,9,0,0,0,4,3,1,18,2878,2154,184,224,191,125
2021,Plymouth 002,E02003123,6875,3851,3684,3244,942,2302,68,14,54,372,151,221,167,123,95,91,65,26,0,0,0,4,4,0,28,2901,1565,303,398,436,199
2021,Plymouth 003,E02003124,6451,3807,3626,3168,954,2214,73,19,54,385,172,213,181,97,82,76,66,10,0,0,0,6,5,1,15,2547,1270,240,380,468,189
2021,Plymouth 004,E02003125,4976,2647,2501,2183,631,1552,48,7,41,270,100,170,146,79,63,57,49,8,1,0,1,5,5,0,16,2250,1195,168,286,431,170
2021,Plymouth 005,E02003126,6995,3739,3628,3232,946,2286,54,14,40,342,146,196,111,259,202,195,172,23,1,1,0,6,5,1,57,2997,1830,552,232,301,82
2021,Plymouth 006,E02003127,5988,3366,3190,2801,858,1943,56,12,44,333,133,200,176,113,78,76,57,19,1,1,0,1,1,0,35,2509,1284,257,368,416,184
2021,Plymouth 007,E02003128,7368,4194,4027,3521,1025,2496,72,15,57,434,167,267,167,123,92,87,77,10,0,0,0,5,3,2,31,3051,1587,242,406,583,233
2021,Plymouth 008,E02003129,5223,3002,2904,2587,700,1887,69,13,56,248,118,130,98,91,63,61,47,14,0,0,0,2,1,1,28,2130,1460,172,223,193,82
2021,Plymouth 009,E02003130,8446,4625,4402,3882,1131,2751,69,17,52,451,163,288,223,136,102,98,86,12,0,0,0,4,1,3,34,3685,1825,423,557,618,262
2021,Plymouth 010,E02003131,5963,3403,3293,2902,856,2046,55,7,48,336,133,203,110,126,96,95,79,16,1,0,1,0,0,0,30,2434,1522,195,281,272,164
2021,Plymouth 011,E02003132,7044,4229,4067,3568,994,2574,64,10,54,435,178,257,162,98,78,75,61,14,0,0,0,3,2,1,20,2717,1600,292,312,326,187
2021,Plymouth 012,E02003133,5876,3324,3234,2820,828,1992,54,18,36,360,146,214,90,111,83,80,70,10,0,0,0,3,1,2,28,2441,1638,187,227,249,140
2021,Plymouth 013,E02003134,5496,3157,3010,2666,763,1903,55,13,42,289,109,180,147,113,81,77,63,14,1,0,1,3,2,1,32,2226,1001,253,349,435,188
2021,Plymouth 014,E02003135,5527,3299,3144,2796,803,1993,33,7,26,315,117,198,155,109,89,80,66,14,0,0,0,9,3,6,20,2119,855,235,382,423,224
2021,Plymouth 015,E02003136,6594,3443,3344,2896,853,2043,75,23,52,373,159,214,99,141,110,105,92,13,0,0,0,5,4,1,31,3010,2304,215,165,219,107
2021,Plymouth 016,E02003137,6522,3735,3653,3000,812,2188,147,27,120,506,257,249,82,122,93,86,70,16,1,1,0,6,6,0,29,2665,1867,267,193,201,137
2021,Plymouth 017,E02003138,6112,4081,3934,3328,816,2512,93,19,74,513,249,264,147,186,155,143,119,24,3,2,1,9,8,1,31,1845,1092,338,158,132,125
2021,Plymouth 018,E02003139,5343,3622,3527,3159,874,2285,53,8,45,315,129,186,95,105,89,88,74,14,0,0,0,1,0,1,16,1616,1048,188,164,123,93
2021,Plymouth 019,E02003140,6355,3771,3693,3239,886,2353,67,9,58,387,143,244,78,139,109,104,88,16,2,2,0,3,3,0,30,2445,1744,236,161,188,116
2021,Plymouth 020,E02003141,6666,4142,3894,3326,836,2490,62,22,40,506,176,330,248,124,101,93,71,22,0,0,0,8,7,1,23,2400,1057,299,298,535,211
2021,Plymouth 021,E02003142,7416,4211,4019,3486,1015,2471,64,20,44,469,172,297,192,121,97,93,68,25,0,0,0,4,3,1,24,3084,1567,327,449,513,228
2021,Plymouth 022,E02003143,5996,3490,3403,3029,836,2193,45,12,33,329,137,192,87,112,83,83,67,16,0,0,0,0,0,0,29,2394,1658,158,220,238,120
2021,Plymouth 023,E02003144,7848,3304,3089,2632,625,2007,58,14,44,399,157,242,215,968,681,624,557,67,1,0,1,56,51,5,287,3576,776,2229,110,248,213
2021,Plymouth 024,E02003145,5674,3211,3042,2592,695,1897,68,11,57,382,157,225,169,196,144,131,116,15,0,0,0,13,11,2,52,2267,1183,409,195,319,161
2021,Plymouth 025,E02003146,7299,4226,3988,3400,826,2574,61,17,44,527,205,322,238,467,350,314,263,51,5,5,0,31,25,6,117,2606,789,1047,211,339,220
2021,Plymouth 026,E02003147,7182,4120,3779,3304,940,2364,72,16,56,403,157,246,341,126,93,88,67,21,1,1,0,4,4,0,33,2936,1051,363,494,673,355
2021,Plymouth 027,E02003148,10416,3688,3393,2893,746,2147,69,20,49,431,170,261,295,1207,742,685,639,46,7,6,1,50,50,0,465,5521,1025,3370,252,583,291
2021,Plymouth 028,E02003149,7931,4340,4060,3456,924,2532,62,16,46,542,198,344,280,404,305,282,236,46,0,0,0,23,19,4,99,3187,916,1015,321,601,334
2021,Plymouth 030,E02003151,6980,3455,3371,2863,835,2028,94,14,80,414,169,245,84,112,81,78,62,16,0,0,0,3,3,0,31,3413,2578,239,230,248,118
2021,Plymouth 031,E02003152,9273,5506,5345,4555,1249,3306,126,25,101,664,305,359,161,187,151,135,113,22,1,0,1,15,15,0,36,3580,2487,314,296,321,162
2021,Plymouth 032,E02003153,6131,3466,3374,2943,838,2105,69,16,53,362,170,192,92,112,93,87,72,15,0,0,0,6,6,0,19,2553,1848,199,205,214,87
2021,Torbay 001,E02003154,5813,2975,2817,2359,838,1521,50,9,41,408,180,228,158,83,56,56,46,10,0,0,0,0,0,0,27,2755,1577,236,342,452,148
2021,Torbay 002,E02003155,5019,2472,2357,1849,644,1205,94,27,67,414,184,230,115,62,51,47,39,8,0,0,0,4,4,0,11,2485,1654,158,195,303,175
2021,Torbay 003,E02003156,8500,5116,4939,4152,1257,2895,124,34,90,663,300,363,177,191,152,148,118,30,0,0,0,4,4,0,39,3193,1966,317,376,347,187
2021,Torbay 004,E02003157,5523,3090,2898,2396,822,1574,84,23,61,418,179,239,192,87,72,71,59,12,0,0,0,1,0,1,15,2346,1130,218,308,450,240
2021,Torbay 005,E02003158,4850,2434,2300,1893,627,1266,49,15,34,358,147,211,134,82,60,59,53,6,0,0,0,1,1,0,22,2334,1607,168,182,235,142
2021,Torbay 006,E02003159,4801,2959,2788,2237,736,1501,59,14,45,492,199,293,171,67,55,54,48,6,0,0,0,1,0,1,12,1775,907,183,233,306,146
2021,Torbay 008,E02003161,6643,3596,3289,2569,759,1810,87,34,53,633,259,374,307,64,50,44,29,15,1,0,1,5,1,4,14,2983,1327,242,339,737,338
2021,Torbay 010,E02003163,7533,3250,3091,2279,715,1564,153,45,108,659,336,323,159,60,35,33,24,9,1,1,0,1,1,0,25,4223,3087,151,243,503,239
2021,Torbay 011,E02003164,7685,3984,3835,3050,1072,1978,125,27,98,660,281,379,149,112,83,80,65,15,0,0,0,3,2,1,29,3589,2628,232,222,339,168
2021,Torbay 012,E02003165,6034,3389,3263,2661,901,1760,70,9,61,532,234,298,126,106,80,79,71,8,0,0,0,1,0,1,26,2539,1715,207,249,230,138
2021,Torbay 013,E02003166,10137,5759,5477,4501,1424,3077,114,32,82,862,348,514,282,159,114,107,94,13,2,0,2,5,3,2,45,4219,2219,443,603,675,279
2021,Torbay 014,E02003167,8669,4159,3896,3110,1031,2079,79,20,59,707,295,412,263,95,74,69,59,10,2,2,0,3,1,2,21,4415,2740,253,353,731,338
2021,Torbay 015,E02003168,6142,3090,2966,2412,822,1590,81,35,46,473,215,258,124,89,71,69,55,14,0,0,0,2,1,1,18,2963,2140,183,238,257,145
2021,Torbay 016,E02003169,5867,2498,2410,1871,653,1218,113,29,84,426,207,219,88,104,86,79,72,7,1,0,1,6,4,2,18,3265,2753,113,154,148,97
2021,Torbay 017,E02003170,8332,3713,3506,2702,965,1737,107,28,79,697,316,381,207,104,81,77,62,15,1,0,1,3,3,0,23,4515,3364,196,324,434,197
2021,Torbay 018,E02003171,6285,3017,2864,2212,767,1445,97,29,68,555,226,329,153,76,46,42,32,10,3,1,2,1,1,0,30,3192,2212,198,288,341,153
2021,"Bournemouth, Christchurch and Poole 003",E02003172,5324,2911,2781,2282,721,1561,60,8,52,439,191,248,130,86,74,72,60,12,0,0,0,2,2,0,12,2327,1395,194,274,302,162
2021,"Bournemouth, Christchurch and Poole 005",E02003173,5774,3084,2945,2417,738,1679,52,9,43,476,201,275,139,66,51,48,39,9,0,0,0,3,2,1,15,2624,1738,170,212,348,156
2021,"Bournemouth, Christchurch and Poole 006",E02003174,6919,3903,3764,3059,956,2103,108,27,81,597,284,313,139,129,94,87,79,8,1,1,0,6,6,0,35,2887,1974,279,254,240,140
2021,"Bournemouth, Christchurch and Poole 007",E02003175,7336,4630,4469,3766,1174,2592,100,20,80,603,265,338,161,131,102,95,80,15,1,0,1,6,5,1,29,2575,1530,244,317,302,182
2021,"Bournemouth, Christchurch and Poole 010",E02003176,5870,3226,3006,2530,842,1688,70,22,48,406,172,234,220,141,101,98,83,15,2,1,1,1,1,0,40,2503,1053,268,408,555,219
2021,"Bournemouth, Christchurch and Poole 009",E02003177,6634,4266,4099,3352,1055,2297,106,22,84,641,289,352,167,188,136,131,111,20,1,1,0,4,4,0,52,2180,1383,280,234,145,138
2021,"Bournemouth, Christchurch and Poole 011",E02003178,7110,3860,3706,3067,889,2178,84,18,66,555,234,321,154,280,203,185,168,17,10,5,5,8,7,1,77,2970,1542,593,278,364,193
2021,"Bournemouth, Christchurch and Poole 012",E02003179,5240,2815,2645,2202,658,1544,73,17,56,370,173,197,170,76,54,51,42,9,1,1,0,2,1,1,22,2349,1323,238,277,365,146
2021,"Bournemouth, Christchurch and Poole 015",E02003180,8503,4028,3801,3104,947,2157,80,17,63,617,258,359,227,807,554,521,463,58,0,0,0,33,33,0,253,3668,927,1910,304,299,228
2021,"Bournemouth, Christchurch and Poole 017",E02003181,7170,4215,4041,3202,933,2269,139,49,90,700,324,376,174,306,219,203,167,36,1,0,1,15,14,1,87,2649,1355,646,264,192,192
2021,"Bournemouth, Christchurch and Poole 020",E02003182,5334,3296,3174,2573,696,1877,101,28,73,500,249,251,122,109,84,79,66,13,0,0,0,5,5,0,25,1929,1318,219,186,104,102
2021,"Bournemouth, Christchurch and Poole 028",E02003183,6355,3102,2966,2261,624,1637,166,42,124,539,268,271,136,401,271,249,220,29,1,1,0,21,19,2,130,2852,1397,919,229,170,137
2021,"Bournemouth, Christchurch and Poole 027",E02003184,6794,3983,3788,3096,798,2298,104,28,76,588,268,320,195,424,304,269,237,32,5,4,1,30,25,5,120,2387,757,966,244,196,224
2021,"Bournemouth, Christchurch and Poole 026",E02003185,6115,3892,3762,2997,907,2090,102,27,75,663,310,353,130,120,84,82,68,14,1,1,0,1,1,0,36,2103,1240,254,229,240,140
2021,"Bournemouth, Christchurch and Poole 025",E02003186,7583,4922,4621,3847,1029,2818,104,32,72,670,297,373,301,238,180,175,148,27,0,0,0,5,5,0,58,2423,798,558,366,386,315
2021,"Bournemouth, Christchurch and Poole 035",E02003187,7762,4623,4382,3487,987,2500,113,28,85,782,394,388,241,203,154,143,108,35,1,0,1,10,7,3,49,2936,1364,604,307,431,230
2021,"Bournemouth, Christchurch and Poole 038",E02003188,12149,6193,5754,4882,1017,3865,121,31,90,751,321,430,439,952,581,511,415,96,9,9,0,61,51,10,371,5004,1633,2318,281,412,360
2021,"Bournemouth, Christchurch and Poole 036",E02003189,7342,4151,3983,3106,827,2279,105,20,85,772,373,399,168,127,104,100,81,19,0,0,0,4,4,0,23,3064,2034,309,216,300,205
2021,"Bournemouth, Christchurch and Poole 037",E02003190,8904,5669,5248,4372,1077,3295,113,34,79,763,332,431,421,215,165,147,106,41,5,4,1,13,12,1,50,3020,1131,352,329,801,407
2021,"Bournemouth, Christchurch and Poole 039",E02003191,7199,3671,3518,2772,827,1945,116,26,90,630,345,285,153,108,87,78,62,16,0,0,0,9,4,5,21,3420,2721,200,190,162,147
2021,"Bournemouth, Christchurch and Poole 041",E02003192,11930,5481,5103,4361,941,3420,106,34,72,636,271,365,378,1007,617,557,474,83,3,2,1,57,48,9,390,5442,1649,2613,351,479,350
2021,"Bournemouth, Christchurch and Poole 001",E02003194,5281,2610,2537,2124,671,1453,78,21,57,335,166,169,73,81,59,56,48,8,0,0,0,3,3,0,22,2590,1925,374,153,61,77
2021,"Bournemouth, Christchurch and Poole 008",E02003195,4793,2977,2862,2407,649,1758,50,13,37,405,159,246,115,80,59,57,47,10,1,1,0,1,1,0,21,1736,1014,163,214,216,129
2021,"Bournemouth, Christchurch and Poole 004",E02003196,8830,4603,4474,3610,1175,2435,180,45,135,684,324,360,129,192,149,142,132,10,1,1,0,6,3,3,43,4035,3271,273,263,107,121
2021,"Bournemouth, Christchurch and Poole 013",E02003197,5549,3244,3133,2713,791,1922,44,12,32,376,154,222,111,100,66,65,55,10,0,0,0,1,1,0,34,2205,1417,190,248,222,128
2021,"Bournemouth, Christchurch and Poole 016",E02003198,6062,3927,3771,3276,894,2382,61,14,47,434,178,256,156,114,94,89,79,10,1,1,0,4,3,1,20,2021,1246,195,236,190,154
2021,"Bournemouth, Christchurch and Poole 021",E02003199,7833,4644,4463,3810,1120,2690,76,21,55,577,255,322,181,118,86,85,73,12,0,0,0,1,0,1,32,3071,2110,212,313,296,140
2021,"Bournemouth, Christchurch and Poole 022",E02003200,8374,4799,4577,3862,1166,2696,111,26,85,604,259,345,222,197,156,139,114,25,0,0,0,17,11,6,41,3378,1902,385,425,448,218
2021,"Bournemouth, Christchurch and Poole 023",E02003201,9040,5662,5397,4536,1229,3307,104,21,83,757,319,438,265,162,126,116,96,20,2,1,1,8,5,3,36,3216,1799,319,416,406,276
2021,"Bournemouth, Christchurch and Poole 029",E02003202,5163,2936,2824,2351,647,1704,66,14,52,407,202,205,112,156,101,90,84,6,1,1,0,10,10,0,55,2071,1229,352,172,191,127
2021,"Bournemouth, Christchurch and Poole 032",E02003203,6207,4127,3989,3307,879,2428,85,24,61,597,237,360,138,92,68,63,53,10,0,0,0,5,5,0,24,1988,1191,194,254,187,162
2021,"Bournemouth, Christchurch and Poole 030",E02003204,7711,4628,4442,3708,941,2767,101,14,87,633,271,362,186,109,82,79,70,9,1,1,0,2,1,1,27,2974,1948,248,287,322,169
2021,"Bournemouth, Christchurch and Poole 034",E02003205,6952,4196,4061,3391,1002,2389,89,13,76,581,236,345,135,119,85,81,68,13,0,0,0,4,3,1,34,2637,1851,206,247,181,152
2021,"Bournemouth, Christchurch and Poole 043",E02003206,8216,5125,4955,3924,1086,2838,226,42,184,805,401,404,170,175,130,118,101,17,0,0,0,12,9,3,45,2916,1838,319,306,249,204
2021,"Bournemouth, Christchurch and Poole 042",E02003207,5869,3645,3464,2985,786,2199,64,13,51,415,159,256,181,93,71,71,58,13,0,0,0,0,0,0,22,2131,1159,196,307,305,164
2021,"Bournemouth, Christchurch and Poole 044",E02003208,9656,5415,5164,4457,1116,3341,99,29,70,608,287,321,251,192,142,134,110,24,1,1,0,7,6,1,50,4049,2401,428,406,520,294
2021,"Bournemouth, Christchurch and Poole 046",E02003209,5625,3268,3109,2595,738,1857,68,18,50,446,175,271,159,84,71,68,52,16,0,0,0,3,3,0,13,2273,1481,170,226,245,151
2021,"Bournemouth, Christchurch and Poole 047",E02003210,8196,4641,4481,3484,897,2587,192,37,155,805,424,381,160,120,102,95,79,16,3,0,3,4,3,1,18,3435,2592,251,262,151,179
2021,"Bournemouth, Christchurch and Poole 048",E02003211,7722,3128,2990,2233,569,1664,176,58,118,581,298,283,138,77,53,49,37,12,0,0,0,4,3,1,24,4517,3681,197,291,195,153
2021,Swindon 001,E02003212,7060,4041,3892,3237,786,2451,99,20,79,556,215,341,149,122,84,83,74,9,0,0,0,1,0,1,38,2897,2138,156,256,217,130
2021,Swindon 003,E02003214,4996,2785,2547,2233,689,1544,42,5,37,272,90,182,238,77,44,38,31,7,0,0,0,6,3,3,33,2134,842,214,478,428,172
2021,Swindon 004,E02003215,5793,3281,3174,2772,670,2102,57,11,46,345,134,211,107,70,51,49,40,9,1,0,1,1,0,1,19,2442,1853,140,175,180,94
2021,Swindon 005,E02003216,8257,5004,4798,4194,951,3243,75,17,58,529,187,342,206,111,79,74,54,20,2,0,2,3,1,2,32,3142,2081,236,298,315,212
2021,Swindon 006,E02003217,5788,3477,3316,2889,689,2200,56,9,47,371,128,243,161,71,62,62,54,8,0,0,0,0,0,0,9,2240,1197,224,282,334,203
2021,Swindon 007,E02003218,5178,2954,2768,2362,670,1692,56,7,49,350,115,235,186,87,60,59,51,8,0,0,0,1,1,0,27,2137,982,236,338,388,193
2021,Swindon 008,E02003219,9972,6964,6812,5712,1253,4459,192,41,151,908,378,530,152,163,124,118,93,25,2,2,0,4,4,0,39,2845,1719,309,439,222,156
2021,Swindon 009,E02003220,8667,5283,5077,4395,1009,3386,83,18,65,599,255,344,206,171,126,118,93,25,3,0,3,5,5,0,45,3213,2292,234,275,224,188
2021,Swindon 010,E02003221,5888,3845,3649,3193,734,2459,68,19,49,388,154,234,196,117,74,73,60,13,0,0,0,1,1,0,43,1926,837,209,322,299,259
2021,Swindon 011,E02003222,4854,3404,3273,2834,654,2180,52,8,44,387,158,229,131,70,49,49,41,8,0,0,0,0,0,0,21,1380,792,171,185,123,109
2021,Swindon 012,E02003223,8790,6235,5974,5166,1094,4072,115,23,92,693,251,442,261,141,109,101,73,28,1,1,0,7,5,2,32,2414,1266,293,366,224,265
2021,Swindon 013,E02003224,7235,4294,4185,3653,883,2770,80,21,59,452,151,301,109,95,66,63,53,10,1,0,1,2,1,1,29,2846,2124,193,212,154,163
2021,Swindon 014,E02003225,5273,3517,3393,2976,622,2354,63,10,53,354,136,218,124,67,46,45,37,8,0,0,0,1,1,0,21,1689,1007,170,215,150,147
2021,Swindon 015,E02003226,8555,6015,5645,5156,1089,4067,89,23,66,400,164,236,370,201,151,139,102,37,3,0,3,9,3,6,50,2339,668,377,578,295,421
2021,Swindon 016,E02003227,5294,2964,2720,2420,694,1726,41,9,32,259,103,156,244,126,92,88,74,14,1,0,1,3,0,3,34,2204,737,301,443,457,266
2021,Swindon 017,E02003228,6218,4059,3890,3381,809,2572,77,24,53,432,158,274,169,117,100,98,76,22,0,0,0,2,2,0,17,2042,1109,255,327,134,217
2021,Swindon 018,E02003229,4597,3083,2992,2592,613,1979,56,14,42,344,147,197,91,90,79,78,63,15,0,0,0,1,1,0,11,1424,816,162,197,118,131
2021,Swindon 019,E02003230,7290,5242,4969,4380,789,3591,103,21,82,486,173,313,273,107,87,84,45,39,0,0,0,3,2,1,20,1941,701,213,408,290,329
2021,Swindon 020,E02003231,6571,3743,3474,3069,813,2256,60,12,48,345,126,219,269,97,65,63,51,12,1,1,0,1,1,0,32,2731,1112,334,502,504,279
2021,Swindon 021,E02003232,7009,4847,4654,3916,814,3102,107,18,89,631,248,383,193,123,84,80,55,25,2,1,1,2,2,0,39,2039,1143,266,240,190,200
2021,Swindon 022,E02003233,6994,4055,3819,3333,867,2466,85,21,64,401,140,261,236,97,74,68,50,18,0,0,0,6,2,4,23,2842,1543,273,396,404,226
2021,Swindon 023,E02003234,7016,4046,3889,3469,900,2569,56,17,39,364,135,229,157,119,72,69,56,13,0,0,0,3,1,2,47,2851,1810,233,324,275,209
2021,Swindon 024,E02003235,7657,4799,4643,4037,887,3150,95,13,82,511,213,298,156,127,96,90,66,24,0,0,0,6,3,3,31,2731,1938,238,263,165,127
2021,Swindon 025,E02003236,10446,6264,6047,5137,1178,3959,139,19,120,771,340,431,217,164,102,98,78,20,0,0,0,4,2,2,62,4018,2790,347,379,315,187
2021,Peterborough 001,E02003237,5222,2896,2819,2336,588,1748,100,21,79,383,165,218,77,83,55,54,38,16,1,0,1,0,0,0,28,2243,1655,187,186,128,87
2021,Peterborough 002,E02003238,4665,3009,2888,2510,649,1861,54,10,44,324,144,180,121,64,55,54,44,10,0,0,0,1,0,1,9,1592,870,172,199,216,135
2021,Peterborough 003,E02003239,6919,4178,4048,3428,858,2570,116,26,90,504,202,302,130,115,73,73,66,7,0,0,0,0,0,0,42,2626,1892,171,253,172,138
2021,Peterborough 004,E02003240,5445,3602,3497,2980,623,2357,93,19,74,424,217,207,105,80,66,64,52,12,0,0,0,2,2,0,14,1763,1097,195,231,126,114
2021,Peterborough 005,E02003241,5826,3637,3496,2947,729,2218,107,18,89,442,189,253,141,74,47,45,36,9,1,0,1,1,1,0,27,2115,1357,199,212,194,153
2021,Peterborough 006,E02003242,7003,3971,3798,3246,818,2428,97,20,77,455,182,273,173,85,57,55,44,11,0,0,0,2,2,0,28,2947,1973,196,328,297,153
2021,Peterborough 007,E02003243,8937,5521,5141,4480,1167,3313,101,32,69,560,209,351,380,180,120,112,81,31,5,0,5,3,3,0,60,3236,1104,420,640,640,432
2021,Peterborough 008,E02003244,7412,4186,3944,3313,961,2352,103,40,63,528,239,289,242,160,121,114,80,34,3,3,0,4,1,3,39,3066,1241,373,621,498,333
2021,Peterborough 009,E02003245,6084,3697,3432,3051,869,2182,62,16,46,319,127,192,265,135,96,92,66,26,0,0,0,4,0,4,39,2252,774,312,453,431,282
2021,Peterborough 010,E02003246,7703,4308,3966,3399,1009,2390,120,49,71,447,216,231,342,130,96,87,72,15,1,1,0,8,4,4,34,3265,744,455,708,449,909
2021,Peterborough 011,E02003247,6854,4105,3839,3384,858,2526,73,24,49,382,152,230,266,128,97,83,60,23,4,0,4,10,9,1,31,2621,1255,309,377,442,238
2021,Peterborough 012,E02003248,8720,4935,4637,3798,1177,2621,165,59,106,674,340,334,298,237,175,165,124,41,3,3,0,7,4,3,62,3548,1034,690,898,379,547
2021,Peterborough 013,E02003249,9673,5958,5585,4858,1252,3606,145,48,97,582,254,328,373,162,129,119,81,38,0,0,0,10,5,5,33,3553,1455,456,731,501,410
2021,Peterborough 014,E02003250,9533,6003,5573,4870,1162,3708,142,47,95,561,280,281,430,222,182,163,86,77,8,7,1,11,5,6,40,3308,972,503,762,427,644
2021,Peterborough 015,E02003251,6497,3432,3304,2770,778,1992,140,39,101,394,192,202,128,114,83,78,66,12,2,2,0,3,3,0,31,2951,1950,287,331,198,185
2021,Peterborough 016,E02003252,9498,6396,6034,5239,1261,3978,156,42,114,639,269,370,362,179,137,130,98,32,0,0,0,7,5,2,42,2923,1119,459,634,331,380
2021,Peterborough 017,E02003253,8203,5548,5268,4606,955,3651,91,16,75,571,229,342,280,138,109,94,63,31,4,0,4,11,10,1,29,2517,1187,290,409,360,271
2021,Peterborough 018,E02003254,7681,4508,4385,3678,910,2768,119,28,91,588,284,304,123,109,84,77,61,16,0,0,0,7,4,3,25,3064,2260,215,244,192,153
2021,Peterborough 019,E02003255,10633,6991,6714,5831,1270,4561,119,23,96,764,268,496,277,180,141,136,102,34,0,0,0,5,5,0,39,3462,1937,371,491,391,272
2021,Peterborough 021,E02003257,7232,4354,4049,3563,932,2631,67,14,53,419,161,258,305,147,118,107,85,22,0,0,0,11,8,3,29,2731,1081,355,466,510,319
2021,Luton 001,E02003258,7094,4418,4252,3479,883,2596,148,42,106,625,235,390,166,123,105,93,68,25,1,0,1,11,7,4,18,2553,1745,250,262,127,169
2021,Luton 002,E02003259,5246,3167,2984,2463,645,1818,90,29,61,431,148,283,183,132,96,87,62,25,1,0,1,8,5,3,36,1947,989,273,382,139,164
2021,Luton 003,E02003260,6537,3768,3465,2908,869,2039,79,23,56,478,203,275,303,219,162,148,102,46,1,0,1,13,10,3,57,2550,815,435,570,417,313
2021,Luton 004,E02003261,5226,2872,2699,2202,578,1624,93,26,67,404,159,245,173,113,90,85,67,18,0,0,0,5,5,0,23,2241,1334,265,295,198,149
2021,Luton 005,E02003262,8498,4800,4437,3683,986,2697,125,44,81,629,275,354,363,242,172,161,118,43,1,0,1,10,4,6,70,3456,1414,539,704,472,327
2021,Luton 006,E02003263,9919,5761,5408,4413,1232,3181,162,45,117,833,320,513,353,253,171,151,107,44,1,0,1,19,10,9,82,3905,1731,613,815,353,393
2021,Luton 007,E02003264,7604,4595,4386,3559,929,2630,161,47,114,666,276,390,209,220,168,151,123,28,5,3,2,12,7,5,52,2789,1406,520,504,161,198
2021,Luton 008,E02003265,6802,4151,3978,3344,790,2554,76,15,61,558,190,368,173,137,98,85,62,23,0,0,0,13,8,5,39,2514,1639,202,294,229,150
2021,Luton 009,E02003266,7539,4448,4152,3497,998,2499,93,21,72,562,209,353,296,252,190,170,108,62,2,0,2,18,10,8,62,2839,1008,469,565,493,304
2021,Luton 010,E02003267,10566,5680,5228,4098,1448,2650,225,84,141,905,431,474,452,475,334,300,243,57,1,0,1,33,23,10,141,4411,1028,985,1466,355,577
2021,Luton 011,E02003268,9323,5149,4788,3803,1133,2670,154,57,97,831,351,480,361,417,300,267,198,69,7,7,0,26,16,10,117,3757,1037,789,1103,343,485
2021,Luton 012,E02003269,8501,5371,5060,4181,1038,3143,134,25,109,745,276,469,311,267,225,199,137,62,3,3,0,23,9,14,42,2863,1511,389,476,232,255
2021,Luton 013,E02003270,6946,4052,3837,3193,733,2460,105,29,76,539,220,319,215,190,144,129,103,26,2,0,2,13,8,5,46,2704,1304,491,468,190,251
2021,Luton 014,E02003271,8206,5559,5298,4495,1093,3402,95,15,80,708,270,438,261,198,139,134,89,45,1,1,0,4,0,4,59,2449,1318,338,389,184,220
2021,Luton 015,E02003272,8216,4224,3882,3059,967,2092,156,54,102,667,338,329,342,313,230,210,167,43,4,3,1,16,16,0,83,3679,756,811,1229,340,543
2021,Luton 016,E02003273,9282,5779,5376,4485,1109,3376,123,36,87,768,266,502,403,279,206,185,130,55,4,3,1,17,7,10,73,3224,1253,552,658,386,375
2021,Luton 017,E02003274,8359,4285,3823,3183,1221,1962,128,53,75,512,257,255,462,391,274,248,187,61,7,6,1,19,12,7,117,3683,700,735,1199,415,634
2021,Luton 019,E02003276,6789,3761,3227,2569,748,1821,123,45,78,535,225,310,534,399,291,248,170,78,11,7,4,32,22,10,108,2629,468,670,819,205,467
2021,Luton 020,E02003277,8689,4917,4487,3584,1069,2515,159,51,108,744,289,455,430,377,280,255,178,77,5,0,5,20,8,12,97,3395,1037,645,793,490,430
2021,Luton 021,E02003278,10563,6519,5949,4886,1111,3775,166,49,117,897,334,563,570,844,655,599,377,222,7,1,6,49,35,14,189,3200,808,721,651,449,571
2021,Southend-on-Sea 001,E02003279,7933,4412,4243,3449,1019,2430,116,20,96,678,297,381,169,98,77,74,62,12,0,0,0,3,3,0,21,3423,2538,234,305,174,172
2021,Southend-on-Sea 002,E02003280,8565,4953,4721,3937,1158,2779,106,31,75,678,300,378,232,107,91,85,74,11,1,0,1,5,4,1,16,3505,2180,311,449,329,236
2021,Southend-on-Sea 003,E02003281,7914,4160,3979,3192,940,2252,129,28,101,658,269,389,181,91,75,70,61,9,0,0,0,5,4,1,16,3663,2598,246,329,284,206
2021,Southend-on-Sea 004,E02003282,8585,4990,4764,3901,1013,2888,133,31,102,730,313,417,226,130,95,88,72,16,1,0,1,6,4,2,35,3465,2121,367,429,304,244
2021,Southend-on-Sea 005,E02003283,8775,5074,4833,3909,1111,2798,111,24,87,813,377,436,241,141,96,89,79,10,1,0,1,6,5,1,45,3560,1969,371,482,462,276
2021,Southend-on-Sea 006,E02003284,8864,5592,5266,4425,1212,3213,104,24,80,737,330,407,326,170,139,135,112,23,1,1,0,3,3,0,31,3102,1535,335,503,443,286
2021,Southend-on-Sea 007,E02003285,8767,5892,5530,4564,1250,3314,124,29,95,842,384,458,362,130,91,84,66,18,1,0,1,6,2,4,39,2745,1066,388,532,421,338
2021,Southend-on-Sea 008,E02003286,7535,4569,4417,3621,902,2719,125,30,95,671,313,358,152,112,78,73,60,13,1,1,0,4,3,1,34,2854,2037,263,351,60,143
2021,Southend-on-Sea 009,E02003287,8147,4186,3899,3165,960,2205,131,35,96,603,281,322,287,118,88,82,72,10,1,1,0,5,5,0,30,3843,2281,331,516,450,265
2021,Southend-on-Sea 010,E02003288,10260,6306,5884,5034,1416,3618,120,37,83,730,313,417,422,231,184,164,108,56,4,4,0,16,10,6,47,3723,1326,493,708,652,544
2021,Southend-on-Sea 011,E02003289,8153,5460,5240,4212,932,3280,152,40,112,876,385,491,220,116,90,80,70,10,1,1,0,9,6,3,26,2577,1677,228,309,167,196
2021,Southend-on-Sea 012,E02003290,8314,4901,4674,3694,902,2792,151,47,104,829,406,423,227,115,87,77,59,18,1,0,1,9,5,4,28,3298,1970,250,368,390,320
2021,Southend-on-Sea 013,E02003291,9442,5538,5234,4391,1207,3184,102,26,76,741,340,401,304,143,100,96,83,13,1,1,0,3,2,1,43,3761,2087,346,478,533,317
2021,Southend-on-Sea 014,E02003292,9543,5800,5302,4477,1242,3235,100,26,74,725,300,425,498,186,129,118,93,25,4,2,2,7,2,5,57,3557,1277,439,644,672,525
2021,Southend-on-Sea 015,E02003293,9820,5894,5415,4431,1044,3387,132,34,98,852,384,468,479,236,162,145,114,31,1,1,0,16,15,1,74,3690,1652,607,466,529,436
2021,Southend-on-Sea 016,E02003294,7699,4032,3865,3061,894,2167,128,37,91,676,324,352,167,105,67,65,55,10,0,0,0,2,2,0,38,3562,2620,218,358,170,196
2021,Southend-on-Sea 017,E02003295,8088,4504,4243,3535,1037,2498,121,29,92,587,261,326,261,140,93,88,71,17,1,0,1,4,4,0,47,3444,2025,342,486,335,256
2021,Thurrock 001,E02003296,5919,3470,3340,2761,698,2063,75,21,54,504,166,338,130,101,73,66,57,9,0,0,0,7,6,1,28,2348,1672,218,237,104,117
2021,Thurrock 002,E02003297,5889,3299,3158,2644,704,1940,72,21,51,442,167,275,141,113,80,74,66,8,0,0,0,6,6,0,33,2477,1527,285,286,231,148
2021,Thurrock 003,E02003298,5815,3398,3265,2782,723,2059,57,13,44,426,140,286,133,79,57,53,42,11,4,3,1,0,0,0,22,2338,1530,198,261,188,161
2021,Thurrock 004,E02003299,5377,3305,3178,2504,605,1899,134,33,101,540,220,320,127,84,59,51,41,10,2,1,1,6,4,2,25,1988,1331,189,225,91,152
2021,Thurrock 005,E02003300,7104,4627,4449,3745,899,2846,91,23,68,613,214,399,178,153,118,107,88,19,0,0,0,11,8,3,35,2324,1418,246,308,185,167
2021,Thurrock 006,E02003301,9201,6063,5729,4772,1143,3629,130,29,101,827,287,540,334,209,161,129,94,35,5,2,3,27,12,15,48,2929,1412,392,500,342,283
2021,Thurrock 007,E02003302,7939,5006,4698,3880,1023,2857,122,15,107,696,245,451,308,204,157,132,101,31,2,0,2,23,11,12,47,2729,1070,357,491,461,350
2021,Thurrock 008,E02003303,7328,4782,4551,3773,881,2892,132,28,104,646,234,412,231,177,130,121,93,28,3,3,0,6,6,0,47,2369,1123,316,377,287,266
2021,Thurrock 009,E02003304,7673,4472,4267,3544,962,2582,121,21,100,602,217,385,205,161,122,107,89,18,2,1,1,13,6,7,39,3040,1765,332,392,344,207
2021,Thurrock 010,E02003305,5579,3367,3228,2698,703,1995,89,20,69,441,152,289,139,106,83,73,47,26,1,1,0,9,8,1,23,2106,1360,229,247,148,122
2021,Thurrock 012,E02003307,8137,4685,4405,3655,1013,2642,125,24,101,625,219,406,280,159,114,98,72,26,4,2,2,12,8,4,45,3293,1680,355,560,389,309
2021,Thurrock 013,E02003308,5853,3943,3765,3202,782,2420,89,14,75,474,174,300,178,130,98,96,71,25,1,1,0,1,1,0,32,1780,948,217,316,130,169
2021,Thurrock 014,E02003309,6329,3934,3799,3156,734,2422,118,21,97,525,194,331,135,148,114,102,73,29,1,0,1,11,5,6,34,2247,1415,250,269,143,170
2021,Thurrock 016,E02003311,7415,4891,4634,3858,849,3009,129,26,103,647,208,439,257,219,184,160,91,69,2,1,1,22,11,11,35,2305,1057,341,412,200,295
2021,Thurrock 017,E02003312,6935,4924,4584,3852,871,2981,120,27,93,612,216,396,340,238,197,161,78,83,8,4,4,28,14,14,41,1773,486,318,498,211,260
2021,Thurrock 018,E02003313,10701,6597,6121,5210,1297,3913,115,21,94,796,247,549,476,362,266,235,157,78,5,5,0,26,18,8,96,3742,1270,636,877,519,440
2021,Medway 001,E02003314,5620,3139,3004,2476,607,1869,79,14,65,449,167,282,135,57,36,32,25,7,0,0,0,4,1,3,21,2424,1592,153,280,241,158
2021,Medway 002,E02003315,4702,2925,2813,2296,565,1731,81,15,66,436,152,284,112,60,42,40,38,2,0,0,0,2,1,1,18,1717,1130,187,203,111,86
2021,Medway 003,E02003316,9552,6189,5948,4915,1115,3800,155,26,129,878,302,576,241,165,112,104,86,18,1,1,0,7,5,2,53,3198,1863,380,467,275,213
2021,Medway 004,E02003317,5634,3481,3368,2822,676,2146,84,20,64,462,164,298,113,103,75,72,55,17,1,1,0,2,2,0,28,2050,1221,228,247,229,125
2021,Medway 005,E02003318,4935,2996,2899,2396,623,1773,81,19,62,422,151,271,97,84,63,59,39,20,1,0,1,3,3,0,21,1855,1265,161,221,106,102
2021,Medway 006,E02003319,6431,4161,3914,3270,793,2477,74,21,53,570,234,336,247,101,74,70,64,6,0,0,0,4,4,0,27,2169,928,259,412,335,235
2021,Medway 007,E02003320,7511,4857,4639,3955,741,3214,94,20,74,590,237,353,218,242,168,157,115,42,1,1,0,10,4,6,74,2412,981,510,385,287,249
2021,Medway 008,E02003321,5033,2827,2632,2209,611,1598,65,16,49,358,134,224,195,96,68,62,46,16,1,1,0,5,5,0,28,2110,1014,232,377,296,191
2021,Medway 009,E02003322,6540,3685,3438,2933,653,2280,70,19,51,435,144,291,247,467,299,265,212,53,0,0,0,34,25,9,168,2388,642,845,335,320,246
2021,Medway 010,E02003323,5630,3499,3295,2803,701,2102,74,23,51,418,142,276,204,110,79,73,53,20,0,0,0,6,3,3,31,2021,843,292,383,321,182
2021,Medway 011,E02003324,7671,5098,4874,4102,1017,3085,92,16,76,680,223,457,224,159,118,102,77,25,1,0,1,15,9,6,41,2414,1066,337,436,322,253
2021,Medway 012,E02003325,5665,3430,3166,2658,674,1984,60,21,39,448,177,271,264,145,106,98,73,25,0,0,0,8,8,0,39,2090,682,414,439,302,253
2021,Medway 013,E02003326,6101,3793,3557,2991,729,2262,82,22,60,484,168,316,236,124,88,78,63,15,0,0,0,10,4,6,36,2184,967,313,352,327,225
2021,Medway 014,E02003327,6215,3953,3714,3027,619,2408,109,30,79,578,237,341,239,118,79,74,61,13,1,0,1,4,4,0,39,2144,1102,263,304,284,191
2021,Medway 015,E02003328,7876,4683,4277,3574,799,2775,112,31,81,591,238,353,406,197,140,118,88,30,2,2,0,20,15,5,57,2996,853,611,547,548,437
2021,Medway 016,E02003329,5316,3507,3304,2831,682,2149,64,21,43,409,150,259,203,149,124,111,80,31,2,1,1,11,5,6,25,1660,667,245,337,188,223
2021,Medway 017,E02003330,5335,3476,3320,2745,647,2098,87,18,69,488,188,300,156,91,71,64,46,18,3,3,0,4,3,1,20,1768,854,241,323,191,159
2021,Medway 018,E02003331,7170,4140,3933,3312,919,2393,71,13,58,550,183,367,207,122,83,76,70,6,1,0,1,6,6,0,39,2908,1614,309,372,390,223
2021,Medway 019,E02003332,5084,2978,2829,2353,606,1747,60,13,47,416,181,235,149,98,73,66,53,13,0,0,0,7,3,4,25,2008,1170,199,267,224,148
2021,Medway 020,E02003333,5128,3089,2824,2343,631,1712,74,25,49,407,152,255,265,65,58,51,34,17,2,1,1,5,1,4,7,1974,630,260,407,359,318
2021,Medway 021,E02003334,4806,2990,2805,2311,601,1710,68,18,50,426,170,256,185,136,95,84,66,18,0,0,0,11,6,5,41,1680,725,296,314,181,164
2021,Medway 022,E02003335,5265,3249,2976,2469,728,1741,87,21,66,420,143,277,273,122,87,80,50,30,0,0,0,7,4,3,35,1894,505,308,473,332,276
2021,Medway 023,E02003336,5223,3032,2911,2426,619,1807,52,8,44,433,148,285,121,81,69,65,55,10,1,1,0,3,2,1,12,2110,1539,136,209,137,89
2021,Medway 024,E02003337,6046,3439,3225,2616,709,1907,81,14,67,528,190,338,214,86,58,52,43,9,1,0,1,5,5,0,28,2521,1115,260,285,234,627
2021,Medway 025,E02003338,5881,3564,3390,2842,721,2121,65,10,55,483,165,318,174,93,70,66,58,8,0,0,0,4,4,0,23,2224,1308,208,299,244,165
2021,Medway 026,E02003339,5241,3102,2985,2417,596,1821,76,15,61,492,180,312,117,86,67,61,51,10,1,0,1,5,4,1,19,2053,1259,227,263,163,141
2021,Medway 027,E02003340,6366,3669,3477,2920,785,2135,63,15,48,494,162,332,192,106,87,83,65,18,0,0,0,4,3,1,19,2591,1277,289,392,421,212
2021,Medway 028,E02003341,5341,3433,3325,2728,662,2066,84,17,67,513,208,305,108,61,40,35,29,6,0,0,0,5,4,1,21,1847,1197,186,221,128,115
2021,Medway 029,E02003342,5225,2978,2861,2357,630,1727,54,8,46,450,164,286,117,97,70,70,58,12,0,0,0,0,0,0,27,2150,1486,194,224,153,93
2021,Medway 030,E02003343,5059,2804,2716,2132,572,1560,108,31,77,476,211,265,88,81,64,62,57,5,0,0,0,2,2,0,17,2174,1648,185,187,80,74
2021,Medway 031,E02003344,5410,3310,3150,2607,694,1913,69,16,53,474,165,309,160,77,52,45,35,10,3,1,2,4,3,1,25,2023,1050,230,304,258,181
2021,Medway 032,E02003345,4922,3250,3152,2611,654,1957,58,8,50,483,177,306,98,72,47,47,41,6,0,0,0,0,0,0,25,1600,1019,168,233,73,107
2021,Medway 033,E02003346,5759,3417,3304,2730,677,2053,100,22,78,474,155,319,113,111,91,79,67,12,2,1,1,10,5,5,20,2231,1399,217,269,215,131
2021,Medway 034,E02003347,4826,3483,3372,2843,652,2191,63,11,52,466,160,306,111,77,39,34,26,8,1,0,1,4,4,0,38,1266,691,173,196,104,102
2021,Medway 035,E02003348,6756,3837,3748,3008,822,2186,122,24,98,618,268,350,89,116,88,86,77,9,0,0,0,2,2,0,28,2803,2118,216,230,98,141
2021,Medway 036,E02003349,6020,3530,3422,2897,759,2138,68,14,54,457,164,293,108,94,71,67,59,8,0,0,0,4,4,0,23,2396,1649,208,239,174,126
2021,Medway 037,E02003350,5168,3117,2989,2458,626,1832,69,17,52,462,163,299,128,99,68,64,56,8,1,1,0,3,2,1,31,1952,1177,221,248,203,103
2021,Medway 038,E02003351,6295,4023,3864,3231,865,2366,76,12,64,557,186,371,159,76,54,49,40,9,1,0,1,4,4,0,22,2196,1357,217,266,207,149
2021,Bracknell Forest 001,E02003352,4861,2818,2712,2124,501,1623,105,20,85,483,252,231,106,87,69,57,48,9,3,2,1,9,7,2,18,1956,1396,184,223,72,81
2021,Bracknell Forest 002,E02003353,9658,6851,6639,5543,1032,4511,158,42,116,938,384,554,212,142,105,93,76,17,1,0,1,11,8,3,37,2665,1638,343,398,135,151
2021,Bracknell Forest 003,E02003354,8300,5828,5643,4755,968,3787,121,30,91,767,341,426,185,149,122,111,95,16,0,0,0,11,7,4,27,2323,1456,299,300,131,137
2021,Bracknell Forest 004,E02003355,5449,3794,3577,3031,680,2351,71,22,49,475,164,311,217,78,56,54,41,13,0,0,0,2,1,1,22,1577,750,204,262,226,135
2021,Bracknell Forest 005,E02003356,5742,3700,3566,2907,582,2325,104,24,80,555,258,297,134,69,49,47,35,12,1,0,1,1,0,1,20,1973,1290,266,212,79,126
2021,Bracknell Forest 006,E02003357,8048,5610,5357,4573,966,3607,69,9,60,715,279,436,253,122,96,90,68,22,0,0,0,6,5,1,26,2316,1179,235,371,270,261
2021,Bracknell Forest 007,E02003358,9498,6746,6417,5494,1082,4412,108,22,86,815,319,496,329,174,139,132,99,33,0,0,0,7,4,3,35,2578,1224,327,406,305,316
2021,Bracknell Forest 008,E02003359,5181,3869,3737,3194,654,2540,69,16,53,474,200,274,132,63,41,41,31,10,0,0,0,0,0,0,22,1249,684,116,187,135,127
2021,Bracknell Forest 009,E02003360,8902,6198,5945,5177,1124,4053,88,21,67,680,250,430,253,166,115,111,88,23,3,1,2,1,0,1,51,2538,1406,318,396,182,236
2021,Bracknell Forest 010,E02003361,5992,4144,3964,3384,761,2623,50,11,39,530,217,313,180,88,62,61,48,13,1,1,0,0,0,0,26,1760,1053,166,208,182,151
2021,Bracknell Forest 011,E02003362,5323,3523,3361,2870,647,2223,53,8,45,438,173,265,162,89,70,65,51,14,1,1,0,4,4,0,19,1711,1048,158,189,150,166
2021,Bracknell Forest 012,E02003363,5714,3187,3112,2673,493,2180,59,12,47,380,161,219,75,105,80,76,65,11,1,0,1,3,2,1,25,2422,1509,606,146,68,93
2021,Bracknell Forest 013,E02003364,5687,3851,3723,3183,769,2414,59,17,42,481,200,281,128,102,77,72,63,9,1,1,0,4,3,1,25,1734,1007,195,177,169,186
2021,Bracknell Forest 014,E02003365,5601,3637,3519,2956,698,2258,89,22,67,474,196,278,118,111,88,82,68,14,1,1,0,5,4,1,23,1853,1255,197,182,114,105
2021,Bracknell Forest 015,E02003366,5971,3948,3830,3339,754,2585,56,15,41,435,180,255,118,144,119,112,65,47,0,0,0,7,2,5,25,1879,1082,255,187,75,280
2021,West Berkshire 001,E02003367,5194,3275,3175,2527,628,1899,113,18,95,535,251,284,100,100,85,77,69,8,0,0,0,8,8,0,15,1819,1090,340,206,75,108
2021,West Berkshire 002,E02003368,4758,2926,2843,2193,503,1690,105,17,88,545,232,313,83,65,57,50,43,7,0,0,0,7,2,5,8,1767,1218,126,214,87,122
2021,West Berkshire 003,E02003369,5208,3149,3028,2341,526,1815,127,24,103,560,279,281,121,62,40,37,27,10,0,0,0,3,2,1,22,1997,1313,295,239,73,77
2021,West Berkshire 004,E02003370,5549,3347,3241,2701,668,2033,83,17,66,457,212,245,106,87,72,72,64,8,0,0,0,0,0,0,15,2115,1494,166,190,140,125
2021,West Berkshire 005,E02003371,4887,3086,2988,2482,655,1827,64,13,51,442,173,269,98,73,51,47,33,14,0,0,0,4,4,0,22,1728,1270,152,133,88,85
2021,West Berkshire 006,E02003372,6332,3952,3799,3219,874,2345,78,20,58,502,200,302,153,97,85,82,76,6,0,0,0,3,3,0,12,2283,1604,208,242,106,123
2021,West Berkshire 007,E02003373,6711,4232,4130,3361,751,2610,126,19,107,643,290,353,102,134,112,104,82,22,0,0,0,8,8,0,22,2345,1436,439,274,77,119
2021,West Berkshire 008,E02003374,4808,3217,3112,2638,652,1986,54,10,44,420,187,233,105,83,61,61,43,18,0,0,0,0,0,0,22,1508,970,131,183,124,100
2021,West Berkshire 009,E02003375,5044,3367,3269,2764,617,2147,75,18,57,430,183,247,98,67,54,50,44,6,0,0,0,4,3,1,13,1610,1026,150,169,129,136
2021,West Berkshire 010,E02003376,4840,2922,2808,2261,585,1676,67,14,53,480,221,259,114,55,46,43,38,5,0,0,0,3,3,0,9,1863,1316,115,193,124,115
2021,West Berkshire 011,E02003377,8343,4977,4832,3874,893,2981,146,30,116,812,356,456,145,103,81,76,65,11,0,0,0,5,4,1,22,3263,1971,587,329,222,154
2021,West Berkshire 012,E02003378,6630,4024,3857,3228,736,2492,77,18,59,552,246,306,167,71,44,40,36,4,1,1,0,3,2,1,27,2535,1713,174,280,198,170
2021,West Berkshire 013,E02003379,5638,3792,3682,3189,680,2509,60,12,48,433,161,272,110,97,78,75,58,17,0,0,0,3,3,0,19,1749,1010,173,243,157,166
2021,West Berkshire 014,E02003380,6713,4621,4464,3825,900,2925,85,17,68,554,202,352,157,105,81,77,62,15,0,0,0,4,2,2,24,1987,1292,168,240,136,151
2021,West Berkshire 015,E02003381,4791,3094,3005,2552,587,1965,79,15,64,374,154,220,89,98,81,78,69,9,0,0,0,3,1,2,17,1599,1066,171,179,89,94
2021,West Berkshire 016,E02003382,6056,3853,3704,3189,764,2425,58,9,49,457,156,301,149,100,79,78,66,12,1,1,0,0,0,0,21,2103,1239,190,279,248,147
2021,West Berkshire 017,E02003383,5446,3759,3653,3162,720,2442,56,9,47,435,179,256,106,107,92,87,73,14,0,0,0,5,3,2,15,1580,1005,194,197,99,85
2021,West Berkshire 018,E02003384,5395,3244,3137,2359,593,1766,132,28,104,646,307,339,107,66,50,45,39,6,0,0,0,5,5,0,16,2085,1404,191,270,88,132
2021,West Berkshire 019,E02003385,9218,6631,6409,5572,998,4574,116,24,92,721,290,431,222,150,128,119,94,25,1,1,0,8,6,2,22,2437,1387,162,351,290,247
2021,West Berkshire 020,E02003386,6686,4353,4182,3575,855,2720,75,11,64,532,240,292,171,90,69,62,55,7,1,1,0,6,3,3,21,2243,1354,192,264,250,183
2021,West Berkshire 021,E02003387,7597,4635,4462,3686,859,2827,121,21,100,655,318,337,173,166,124,114,97,17,0,0,0,10,5,5,42,2796,2017,225,280,130,144
2021,West Berkshire 022,E02003388,4910,3002,2906,2366,522,1844,82,16,66,458,209,249,96,86,60,57,52,5,1,1,0,2,2,0,26,1822,1213,233,218,100,58
2021,Reading 001,E02003389,6510,3999,3829,3132,751,2381,81,20,61,616,302,314,170,117,97,91,78,13,0,0,0,6,4,2,20,2394,1665,266,232,96,135
2021,Reading 002,E02003390,6115,3761,3648,2970,672,2298,119,35,84,559,291,268,113,108,83,71,57,14,3,0,3,9,8,1,25,2246,1546,300,246,71,83
2021,Reading 003,E02003391,6720,4292,4136,3492,777,2715,84,14,70,560,270,290,156,92,57,56,46,10,1,1,0,0,0,0,35,2336,1576,281,252,99,128
2021,Reading 004,E02003392,6998,4923,4683,4084,744,3340,73,14,59,526,209,317,240,106,87,75,55,20,2,1,1,10,3,7,19,1969,960,246,337,217,209
2021,Reading 005,E02003393,6599,4245,4110,3462,841,2621,93,16,77,555,213,342,135,111,90,84,65,19,1,0,1,5,5,0,21,2243,1517,214,251,118,143
2021,Reading 006,E02003394,6621,4305,4075,3490,881,2609,73,26,47,512,183,329,230,131,91,84,73,11,1,0,1,6,6,0,40,2185,898,282,437,319,249
2021,Reading 007,E02003395,9052,6648,6319,5522,1091,4431,112,24,88,685,261,424,329,222,191,175,113,62,1,0,1,15,8,7,31,2182,613,377,517,246,429
2021,Reading 008,E02003396,7900,5569,5313,4553,922,3631,89,21,68,671,256,415,256,144,108,104,71,33,1,1,0,3,3,0,36,2187,979,286,348,261,313
2021,Reading 009,E02003397,6378,3939,3723,3168,866,2302,77,22,55,478,187,291,216,130,99,99,80,19,0,0,0,0,0,0,31,2309,1317,226,303,270,193
2021,Reading 010,E02003398,9436,5920,5574,4858,1037,3821,121,43,78,595,240,355,346,520,402,374,291,83,0,0,0,28,23,5,118,2996,739,997,563,250,447
2021,Reading 012,E02003400,7827,3586,3429,2962,579,2383,51,6,45,416,184,232,157,863,659,619,514,105,3,3,0,37,28,9,204,3378,771,2005,237,171,194
2021,Reading 013,E02003401,7404,5013,4708,4066,808,3258,97,17,80,545,219,326,305,122,100,90,66,24,1,0,1,9,3,6,22,2269,1026,314,358,332,239
2021,Reading 014,E02003402,9117,5937,5665,5092,919,4173,75,16,59,498,197,301,272,466,350,327,238,89,1,1,0,22,19,3,116,2714,775,1128,340,194,277
2021,Reading 015,E02003403,7464,4687,4426,3820,938,2882,93,14,79,513,195,318,261,120,77,75,55,20,0,0,0,2,2,0,43,2657,1400,327,375,319,236
2021,Reading 016,E02003404,7228,2942,2760,2361,563,1798,61,13,48,338,136,202,182,693,458,429,368,61,6,6,0,23,14,9,235,3593,745,2142,303,224,179
2021,Reading 017,E02003405,10159,6769,6350,5561,1299,4262,113,29,84,676,251,425,419,243,161,148,114,34,0,0,0,13,7,6,82,3147,994,524,732,453,444
2021,Reading 018,E02003406,6536,4111,3879,3341,824,2517,74,22,52,464,177,287,232,121,93,89,74,15,2,2,0,2,0,2,28,2304,1026,319,422,289,248
2021,Slough 001,E02003407,7833,5181,4848,4037,1012,3025,121,35,86,690,271,419,333,150,85,83,60,23,1,1,0,1,0,1,65,2502,805,505,547,343,302
2021,Slough 002,E02003408,8401,5366,4960,3949,1108,2841,178,58,120,833,362,471,406,209,147,134,112,22,0,0,0,13,4,9,62,2826,964,468,723,253,418
2021,Slough 003,E02003409,8104,5487,5157,4382,979,3403,106,28,78,669,292,377,330,141,90,81,62,19,2,1,1,7,3,4,51,2476,1078,427,467,211,293
2021,Slough 004,E02003410,9087,5242,4874,3924,1190,2734,163,49,114,787,337,450,368,273,210,193,156,37,7,4,3,10,9,1,63,3572,952,726,992,383,519
2021,Slough 005,E02003411,9322,5634,5205,4224,1132,3092,220,68,152,761,343,418,429,260,178,173,141,32,2,0,2,3,3,0,82,3428,1095,641,889,325,478
2021,Slough 006,E02003412,7883,5241,4949,4122,882,3240,121,38,83,706,295,411,292,173,139,135,105,30,0,0,0,4,0,4,34,2469,1090,421,527,185,246
2021,Slough 008,E02003414,10071,6822,6375,5295,1260,4035,145,51,94,935,399,536,447,287,195,182,128,54,1,0,1,12,6,6,92,2962,962,579,756,264,401
2021,Slough 009,E02003415,10027,6155,5694,4632,1174,3458,145,37,108,917,370,547,461,334,247,217,164,53,2,0,2,28,17,11,87,3538,967,625,1022,338,586
2021,Slough 010,E02003416,7357,4882,4632,3819,828,2991,130,42,88,683,233,450,250,181,151,137,100,37,0,0,0,14,9,5,30,2294,999,446,463,144,242
2021,Slough 011,E02003417,9801,6494,6064,4967,1122,3845,221,61,160,876,348,528,430,246,177,150,109,41,7,4,3,20,11,9,69,3061,1130,599,729,223,380
2021,Slough 012,E02003418,7825,5044,4697,3891,969,2922,143,40,103,663,243,420,347,177,131,124,105,19,1,1,0,6,6,0,46,2604,970,507,504,284,339
2021,Slough 013,E02003419,6808,4403,4070,3363,817,2546,130,33,97,577,234,343,333,176,131,111,81,30,2,2,0,18,9,9,45,2229,904,440,448,185,252
2021,Slough 014,E02003420,4919,3471,3245,2705,587,2118,99,37,62,441,166,275,226,121,92,82,51,31,0,0,0,10,1,9,29,1327,494,226,295,140,172
2021,Windsor and Maidenhead 001,E02003421,4574,2752,2622,2085,501,1584,79,23,56,458,240,218,130,74,54,53,49,4,1,0,1,0,0,0,20,1748,1125,190,245,76,112
2021,Windsor and Maidenhead 002,E02003422,9743,5859,5676,4244,975,3269,252,63,189,1180,590,590,183,107,68,63,59,4,0,0,0,5,4,1,39,3777,2475,382,474,228,218
2021,Windsor and Maidenhead 003,E02003423,5101,3311,3114,2567,634,1933,79,18,61,468,204,264,197,103,87,81,66,15,0,0,0,6,6,0,16,1687,879,219,286,160,143
2021,Windsor and Maidenhead 004,E02003424,7733,4960,4773,3813,670,3143,149,26,123,811,413,398,187,77,58,50,30,20,1,0,1,7,6,1,19,2696,1837,267,326,99,167
2021,Windsor and Maidenhead 005,E02003425,10442,7194,6770,5689,1054,4635,142,37,105,939,430,509,424,207,163,147,108,39,3,1,2,13,10,3,44,3041,1485,350,621,248,337
2021,Windsor and Maidenhead 006,E02003426,7886,5089,4922,3954,809,3145,143,31,112,825,384,441,167,125,100,99,82,17,0,0,0,1,0,1,25,2672,1722,372,327,103,148
2021,Windsor and Maidenhead 007,E02003427,6359,4327,4098,3412,730,2682,59,13,46,627,294,333,229,121,106,96,79,17,0,0,0,10,4,6,15,1911,912,278,363,169,189
2021,Windsor and Maidenhead 008,E02003428,7238,4563,4377,3635,837,2798,103,26,77,639,259,380,186,90,68,64,46,18,0,0,0,4,3,1,22,2585,1615,298,306,185,181
2021,Windsor and Maidenhead 009,E02003429,6290,3865,3712,2820,603,2217,171,50,121,721,317,404,153,76,49,42,38,4,1,0,1,6,6,0,27,2349,1526,348,256,87,132
2021,Windsor and Maidenhead 010,E02003430,5961,3754,3593,3033,553,2480,78,12,66,482,211,271,161,79,56,46,34,12,1,0,1,9,5,4,23,2128,909,802,174,93,150
2021,Windsor and Maidenhead 011,E02003431,5713,3700,3517,2814,617,2197,131,33,98,572,236,336,183,65,53,53,36,17,0,0,0,0,0,0,12,1948,1149,213,275,151,160
2021,Windsor and Maidenhead 012,E02003432,5809,4028,3866,3167,568,2599,99,16,83,600,265,335,162,70,54,48,36,12,0,0,0,6,5,1,16,1711,1004,198,229,80,200
2021,Windsor and Maidenhead 013,E02003433,5203,3226,3094,2615,592,2023,53,13,40,426,190,236,132,63,46,43,38,5,1,1,0,2,2,0,17,1914,1291,182,210,104,127
2021,Windsor and Maidenhead 014,E02003434,7327,4568,4356,3615,787,2828,108,30,78,633,293,340,212,101,77,71,56,15,1,1,0,5,2,3,24,2658,1453,333,379,236,257
2021,Windsor and Maidenhead 015,E02003435,5773,3819,3661,2992,592,2400,106,23,83,563,258,305,158,66,48,46,39,7,0,0,0,2,1,1,18,1888,1162,263,295,46,122
2021,Windsor and Maidenhead 016,E02003436,7524,4619,4424,3408,774,2634,186,47,139,830,354,476,195,90,72,62,47,15,1,1,0,9,8,1,18,2815,1929,262,282,140,202
2021,Windsor and Maidenhead 017,E02003437,6017,3666,3524,2792,644,2148,117,29,88,615,315,300,142,107,75,65,61,4,0,0,0,10,9,1,32,2244,1289,381,321,89,164
2021,Windsor and Maidenhead 018,E02003438,8988,5074,4887,3760,806,2954,199,43,156,928,494,434,187,106,83,71,59,12,2,1,1,10,9,1,23,3808,2235,592,571,147,263
2021,Wokingham 001,E02003439,4537,2616,2510,1929,436,1493,103,19,84,478,273,205,106,55,42,40,29,11,0,0,0,2,1,1,13,1866,1288,152,229,85,112
2021,Wokingham 002,E02003440,7360,4666,4533,3771,823,2948,89,19,70,673,345,328,133,128,95,84,75,9,2,1,1,9,8,1,33,2566,1771,294,290,97,114
2021,Wokingham 003,E02003441,6258,3739,3619,2936,727,2209,113,27,86,570,256,314,120,95,70,70,64,6,0,0,0,0,0,0,25,2424,1703,237,244,130,110
2021,Wokingham 004,E02003442,6620,4636,4499,3860,863,2997,75,11,64,564,246,318,137,115,82,77,68,9,2,2,0,3,0,3,33,1869,1176,227,283,69,114
2021,Wokingham 005,E02003443,5419,3205,3034,2503,628,1875,65,16,49,466,188,278,171,65,50,47,40,7,0,0,0,3,2,1,15,2149,1312,208,273,209,147
2021,Wokingham 006,E02003444,7405,4695,4498,3698,888,2810,123,34,89,677,306,371,197,166,139,134,117,17,0,0,0,5,5,0,27,2544,1431,388,392,130,203
2021,Wokingham 007,E02003445,6958,4459,4302,3645,888,2757,80,15,65,577,222,355,157,111,76,68,61,7,1,0,1,7,4,3,35,2388,1661,230,255,125,117
2021,Wokingham 008,E02003446,8191,4071,3920,3216,710,2506,119,25,94,585,234,351,151,497,347,331,298,33,0,0,0,16,11,5,150,3623,1559,1556,298,75,135
2021,Wokingham 009,E02003447,8330,5679,5458,4623,907,3716,122,31,91,713,285,428,221,137,98,94,82,12,0,0,0,4,4,0,39,2514,1418,346,351,204,195
2021,Wokingham 010,E02003448,6377,4175,4053,3373,733,2640,125,18,107,555,240,315,122,111,98,95,81,14,2,1,1,1,0,1,13,2091,1416,229,249,84,113
2021,Wokingham 011,E02003449,5968,4309,4157,3550,703,2847,70,17,53,537,214,323,152,90,61,57,45,12,0,0,0,4,2,2,29,1569,863,267,254,48,137
2021,Wokingham 012,E02003450,10277,7186,6912,5887,1150,4737,153,34,119,872,360,512,274,157,117,108,93,15,0,0,0,9,9,0,40,2934,1592,455,454,207,226
2021,Wokingham 013,E02003451,7976,4976,4775,4071,855,3216,90,14,76,614,288,326,201,107,81,71,56,15,0,0,0,10,6,4,26,2893,1929,259,308,228,169
2021,Wokingham 014,E02003452,7300,5085,4939,4274,841,3433,99,14,85,566,252,314,146,131,91,86,73,13,1,1,0,4,3,1,40,2084,1307,272,282,83,140
2021,Wokingham 015,E02003453,5573,3553,3455,2947,629,2318,72,12,60,436,207,229,98,110,81,76,67,9,1,1,0,4,4,0,29,1910,1356,239,194,43,78
2021,Wokingham 016,E02003454,7020,4425,4290,3598,748,2850,83,21,62,609,260,349,135,104,79,76,65,11,0,0,0,3,2,1,25,2491,1674,269,288,142,118
2021,Wokingham 017,E02003455,8243,5870,5716,4758,871,3887,160,35,125,798,342,456,154,80,58,52,45,7,3,1,2,3,2,1,22,2293,1398,256,386,108,145
2021,Wokingham 018,E02003456,6264,4366,4231,3483,692,2791,107,30,77,641,261,380,135,78,61,58,45,13,1,1,0,2,2,0,17,1820,1016,275,293,132,104
2021,Wokingham 019,E02003457,8024,4858,4704,3888,858,3030,141,38,103,675,336,339,154,140,103,101,88,13,0,0,0,2,2,0,37,3026,2161,329,290,93,153
2021,Wokingham 020,E02003458,6730,4062,3926,3238,760,2478,92,22,70,596,262,334,136,138,106,100,86,14,1,1,0,5,4,1,32,2530,1798,265,228,146,93
2021,Milton Keynes 001,E02003459,7406,4404,4280,3422,861,2561,138,25,113,720,324,396,124,104,75,73,60,13,1,1,0,1,1,0,29,2898,2131,274,255,133,105
2021,Milton Keynes 002,E02003460,9411,5967,5800,4703,996,3707,167,32,135,930,410,520,167,142,99,95,73,22,1,1,0,3,3,0,43,3302,2296,307,352,156,191
2021,Milton Keynes 003,E02003461,6045,3521,3382,2877,649,2228,58,11,47,447,192,255,139,116,88,82,66,16,0,0,0,6,3,3,28,2408,1770,189,184,145,120
2021,Milton Keynes 004,E02003462,6546,4357,4205,3571,787,2784,65,18,47,569,242,327,152,123,93,92,77,15,1,1,0,0,0,0,30,2066,1424,181,203,120,138
2021,Milton Keynes 005,E02003463,5639,3331,3150,2642,600,2042,80,23,57,428,207,221,181,117,89,81,65,16,1,0,1,7,1,6,28,2191,1360,220,229,216,166
2021,Milton Keynes 006,E02003464,5471,3373,3118,2701,672,2029,45,9,36,372,162,210,255,162,107,100,75,25,1,0,1,6,6,0,55,1936,829,296,334,282,195
2021,Milton Keynes 007,E02003465,5217,3061,2936,2459,540,1919,69,14,55,408,184,224,125,82,67,56,40,16,2,1,1,9,4,5,15,2074,1481,146,204,139,104
2021,Milton Keynes 008,E02003466,6133,4209,3981,3351,713,2638,65,14,51,565,265,300,228,155,123,118,76,42,0,0,0,5,4,1,32,1769,784,266,351,173,195
2021,Milton Keynes 009,E02003467,5289,3115,2929,2538,572,1966,59,13,46,332,147,185,186,169,129,119,65,54,0,0,0,10,10,0,40,2005,997,223,257,332,196
2021,Milton Keynes 010,E02003468,6984,4311,4125,3514,749,2765,69,30,39,542,251,291,186,139,105,99,84,15,0,0,0,6,6,0,34,2534,1621,242,304,201,166
2021,Milton Keynes 011,E02003469,4726,2904,2783,2376,534,1842,47,11,36,360,154,206,121,85,66,59,48,11,2,1,1,5,3,2,19,1737,1160,173,188,111,105
2021,Milton Keynes 012,E02003470,4481,2582,2356,2021,634,1387,50,18,32,285,118,167,226,134,81,73,55,18,1,1,0,7,0,7,53,1765,527,319,394,322,203
2021,Milton Keynes 013,E02003471,5358,3275,3086,2675,607,2068,51,16,35,360,141,219,189,152,121,106,73,33,0,0,0,15,7,8,31,1931,931,279,290,248,183
2021,Milton Keynes 014,E02003472,8375,5783,5380,4734,866,3868,81,21,60,565,210,355,403,327,274,261,149,112,1,1,0,12,9,3,53,2265,567,516,482,314,386
2021,Milton Keynes 015,E02003473,4526,2935,2802,2393,506,1887,72,18,54,337,127,210,133,101,80,77,54,23,0,0,0,3,0,3,21,1490,908,148,205,101,128
2021,Milton Keynes 016,E02003474,7017,4680,4449,3866,824,3042,91,24,67,492,194,298,231,220,193,184,112,72,0,0,0,9,5,4,27,2117,1068,365,292,180,212
2021,Milton Keynes 018,E02003476,6734,3968,3672,3220,866,2354,71,29,42,381,157,224,296,250,206,198,118,80,3,0,3,5,5,0,44,2516,788,419,435,483,391
2021,Milton Keynes 020,E02003478,5447,3572,3417,2868,597,2271,99,22,77,450,178,272,155,120,99,90,71,19,3,1,2,6,6,0,21,1755,912,248,251,183,161
2021,Milton Keynes 021,E02003479,5926,3761,3520,3087,733,2354,59,21,38,374,154,220,241,194,161,152,98,54,0,0,0,9,6,3,33,1971,679,374,358,327,233
2021,Milton Keynes 022,E02003480,6517,4575,4388,3832,788,3044,86,16,70,470,198,272,187,163,131,117,82,35,2,2,0,12,7,5,32,1779,812,265,272,232,198
2021,Milton Keynes 023,E02003481,6333,3750,3443,2995,762,2233,66,18,48,382,164,218,307,222,162,151,108,43,0,0,0,11,7,4,60,2361,824,359,421,457,300
2021,Milton Keynes 024,E02003482,6986,4698,4544,3822,718,3104,132,24,108,590,259,331,154,136,107,105,82,23,0,0,0,2,1,1,29,2152,1407,242,250,115,138
2021,Milton Keynes 025,E02003483,8557,6178,5940,5129,1025,4104,155,32,123,656,263,393,238,253,200,190,159,31,1,0,1,9,6,3,53,2126,783,501,409,221,212
2021,Milton Keynes 026,E02003484,5723,3724,3539,3050,674,2376,60,23,37,429,171,258,185,130,101,93,64,29,0,0,0,8,4,4,29,1869,955,263,278,213,160
2021,Milton Keynes 027,E02003485,6544,3968,3766,3247,793,2454,70,18,52,449,171,278,202,130,105,102,86,16,0,0,0,3,3,0,25,2446,1422,268,323,243,190
2021,Milton Keynes 028,E02003486,7748,5553,5332,4590,934,3656,104,14,90,638,238,400,221,207,168,148,112,36,0,0,0,20,14,6,39,1988,890,422,346,175,155
2021,Milton Keynes 029,E02003487,5944,3435,3265,2825,700,2125,66,14,52,374,144,230,170,130,107,100,78,22,0,0,0,7,7,0,23,2379,1494,228,282,206,169
2021,Milton Keynes 030,E02003488,6739,4080,3847,3337,841,2496,72,22,50,438,173,265,233,183,142,133,87,46,1,1,0,8,5,3,41,2476,1338,277,398,244,219
2021,Milton Keynes 031,E02003489,6175,3826,3654,3098,696,2402,92,24,68,464,180,284,172,109,84,80,64,16,0,0,0,4,4,0,25,2240,1471,184,263,169,153
2021,Milton Keynes 032,E02003490,8072,5167,4846,4261,994,3267,72,18,54,513,200,313,321,268,190,177,133,44,4,0,4,9,3,6,78,2637,915,484,583,376,279
2021,Brighton and Hove 001,E02003491,6269,3865,3705,2818,879,1939,112,17,95,775,333,442,160,125,89,75,65,10,0,0,0,14,13,1,36,2279,1287,314,264,212,202
2021,Brighton and Hove 002,E02003492,9193,2240,2104,1645,559,1086,59,14,45,400,171,229,136,1381,700,641,603,38,6,6,0,53,50,3,681,5572,699,4044,257,385,187
2021,Brighton and Hove 003,E02003493,6600,3869,3736,2838,822,2016,145,35,110,753,407,346,133,114,84,79,64,15,0,0,0,5,5,0,30,2617,1762,318,262,136,139
2021,Brighton and Hove 004,E02003494,5345,3299,3167,2415,762,1653,108,19,89,644,332,312,132,116,81,73,64,9,1,1,0,7,7,0,35,1930,1187,332,179,127,105
2021,Brighton and Hove 005,E02003495,5748,3642,3478,2819,864,1955,76,25,51,583,235,348,164,121,87,80,71,9,0,0,0,7,4,3,34,1985,1156,206,251,246,126
2021,Brighton and Hove 006,E02003496,6152,3413,3223,2517,882,1635,110,32,78,596,312,284,190,114,85,74,63,11,0,0,0,11,11,0,29,2625,1406,307,353,341,218
2021,Brighton and Hove 007,E02003497,6079,3659,3547,2562,823,1739,219,63,156,766,387,379,112,103,76,66,56,10,0,0,0,10,7,3,27,2317,1426,343,278,109,161
2021,Brighton and Hove 008,E02003498,7103,3213,2981,2328,748,1580,69,24,45,584,284,300,232,593,362,321,289,32,2,1,1,39,36,3,231,3297,890,1165,370,623,249
2021,Brighton and Hove 009,E02003499,6544,3058,2874,2286,767,1519,64,10,54,524,243,281,184,533,349,320,284,36,5,4,1,24,23,1,184,2953,828,995,374,504,252
2021,Brighton and Hove 010,E02003500,6420,4277,4091,3036,889,2147,126,33,93,929,485,444,186,295,205,181,159,22,1,1,0,23,22,1,90,1848,785,656,167,104,136
2021,Brighton and Hove 011,E02003501,6940,4672,4461,3428,825,2603,164,44,120,869,429,440,211,149,99,84,75,9,1,0,1,14,13,1,50,2119,1164,403,220,189,143
2021,Brighton and Hove 012,E02003502,6263,3866,3650,2930,889,2041,94,24,70,626,265,361,216,109,79,73,64,9,2,1,1,4,4,0,30,2288,1119,284,300,370,215
2021,Brighton and Hove 013,E02003503,7272,4379,4175,3196,1075,2121,142,32,110,837,385,452,204,173,124,109,97,12,2,1,1,13,13,0,49,2720,1375,420,333,374,218
2021,Brighton and Hove 014,E02003504,7344,4879,4664,3597,845,2752,110,20,90,957,490,467,215,343,230,200,184,16,0,0,0,30,27,3,113,2122,882,663,168,222,187
2021,Brighton and Hove 015,E02003505,8094,4332,4079,3118,774,2344,89,22,67,872,463,409,253,991,669,623,556,67,1,1,0,45,45,0,322,2771,494,1644,139,287,207
2021,Brighton and Hove 016,E02003506,5640,4091,3904,3063,769,2294,98,23,75,743,380,363,187,98,62,56,53,3,0,0,0,6,3,3,36,1451,631,279,204,194,143
2021,Brighton and Hove 017,E02003507,8006,4633,4406,3398,1069,2329,124,30,94,884,403,481,227,142,100,86,71,15,0,0,0,14,10,4,42,3231,1991,319,371,333,217
2021,Brighton and Hove 018,E02003508,7510,4115,3896,3010,813,2197,77,30,47,809,384,425,219,830,561,530,483,47,1,1,0,30,29,1,269,2565,663,1451,159,159,133
2021,Brighton and Hove 019,E02003509,7741,5393,5126,4000,825,3175,155,42,113,971,481,490,267,159,125,106,85,21,2,1,1,17,11,6,34,2189,975,317,211,370,316
2021,Brighton and Hove 020,E02003510,7440,5047,4822,3637,854,2783,157,35,122,1028,524,504,225,150,110,99,81,18,2,2,0,9,7,2,40,2243,1185,451,177,216,214
2021,Brighton and Hove 021,E02003511,6841,4520,4332,3274,954,2320,132,20,112,926,420,506,188,127,101,91,79,12,1,1,0,9,5,4,26,2194,1092,343,314,243,202
2021,Brighton and Hove 022,E02003512,7827,4361,4121,3171,770,2401,92,28,64,858,408,450,240,818,526,470,419,51,3,3,0,53,48,5,292,2648,592,1469,162,253,172
2021,Brighton and Hove 023,E02003513,5326,3066,2918,2177,673,1504,124,37,87,617,309,308,148,96,73,63,54,9,0,0,0,10,8,2,23,2164,1150,292,249,305,168
2021,Brighton and Hove 024,E02003514,7696,5425,5113,4021,801,3220,95,24,71,997,494,503,312,286,224,195,165,30,1,1,0,28,22,6,62,1985,678,593,168,287,259
2021,Brighton and Hove 025,E02003515,7252,3767,3472,2777,963,1814,77,19,58,618,268,350,295,145,102,94,85,9,0,0,0,8,6,2,43,3340,1000,486,614,895,345
2021,Brighton and Hove 026,E02003516,7458,5373,5046,3878,778,3100,159,29,130,1009,470,539,327,268,186,168,119,49,5,3,2,13,13,0,82,1817,809,345,171,228,264
2021,Brighton and Hove 027,E02003517,9886,5825,5410,4218,906,3312,151,35,116,1041,495,546,415,621,421,371,320,51,1,1,0,49,41,8,200,3440,837,1621,230,436,316
2021,Brighton and Hove 028,E02003518,6750,4349,4135,3083,726,2357,155,38,117,897,485,412,214,107,80,68,46,22,0,0,0,12,6,6,27,2294,1236,262,192,326,278
2021,Brighton and Hove 029,E02003519,7652,5486,5120,3918,822,3096,122,30,92,1080,502,578,366,298,211,194,160,34,1,1,0,16,12,4,87,1868,641,476,170,297,284
2021,Brighton and Hove 030,E02003520,8226,4604,4274,3340,810,2530,123,24,99,811,406,405,330,465,315,281,242,39,0,0,0,34,29,5,150,3157,827,964,363,647,356
2021,Brighton and Hove 031,E02003521,7284,4313,4081,3082,641,2441,112,22,90,887,450,437,232,242,182,160,135,25,2,1,1,20,18,2,60,2729,1224,632,164,444,265
2021,Brighton and Hove 032,E02003522,6706,4019,3770,2842,641,2201,161,52,109,767,369,398,249,170,137,116,96,20,1,0,1,20,16,4,33,2517,1157,509,282,317,252
2021,Brighton and Hove 033,E02003523,8775,4678,4495,3265,1017,2248,196,55,141,1034,520,514,183,123,88,76,65,11,1,1,0,11,9,2,35,3974,2833,314,349,228,250
2021,Portsmouth 001,E02003524,6242,3728,3492,2928,932,1996,65,8,57,499,124,375,236,129,100,95,81,14,2,1,1,3,3,0,29,2385,992,292,413,437,251
2021,Portsmouth 002,E02003525,5006,2990,2822,2398,708,1690,45,11,34,379,120,259,168,116,87,79,67,12,1,0,1,7,4,3,29,1900,762,238,319,367,214
2021,Portsmouth 003,E02003526,5734,3096,3022,2515,703,1812,110,21,89,397,158,239,74,140,113,107,89,18,2,1,1,4,3,1,27,2498,1923,186,168,117,104
2021,Portsmouth 004,E02003527,5143,3206,3064,2576,666,1910,63,14,49,425,144,281,142,95,82,75,59,16,1,0,1,6,6,0,13,1842,1115,148,251,168,160
2021,Portsmouth 006,E02003529,6638,4303,4166,3565,953,2612,80,16,64,521,192,329,137,179,156,145,133,12,0,0,0,11,5,6,23,2156,1342,249,244,176,145
2021,Portsmouth 007,E02003530,6281,3969,3802,3246,885,2361,68,11,57,488,151,337,167,150,119,112,95,17,0,0,0,7,7,0,31,2162,1250,226,297,248,141
2021,Portsmouth 008,E02003531,6464,4167,4027,3364,941,2423,87,19,68,576,203,373,140,141,107,104,92,12,2,1,1,1,1,0,34,2156,1455,212,212,130,147
2021,Portsmouth 009,E02003532,6337,4201,4021,3378,914,2464,100,25,75,543,177,366,180,124,89,88,72,16,0,0,0,1,1,0,35,2012,1027,259,279,233,214
2021,Portsmouth 010,E02003533,4578,2925,2747,2325,634,1691,65,11,54,357,112,245,178,63,47,44,32,12,1,1,0,2,1,1,16,1590,750,149,263,245,183
2021,Portsmouth 011,E02003534,7072,4754,4557,3840,1044,2796,84,14,70,633,212,421,197,201,161,151,130,21,0,0,0,10,6,4,40,2117,1102,288,298,227,202
2021,Portsmouth 012,E02003535,7492,5162,4873,4165,1155,3010,76,13,63,632,214,418,289,187,122,114,93,21,0,0,0,8,3,5,65,2143,904,300,404,303,232
2021,Portsmouth 013,E02003536,6089,2962,2661,2201,797,1404,56,16,40,404,137,267,301,180,111,105,90,15,4,1,3,2,0,2,69,2947,958,421,581,645,342
2021,Portsmouth 014,E02003537,8313,5290,5092,4303,1191,3112,103,17,86,686,225,461,198,205,159,139,120,19,0,0,0,20,12,8,46,2818,1607,309,337,302,263
2021,Portsmouth 015,E02003538,8216,5114,4813,4100,1127,2973,76,12,64,637,238,399,301,322,226,205,171,34,3,1,2,18,15,3,96,2780,952,609,494,413,312
2021,Portsmouth 017,E02003540,7687,4545,4373,3650,997,2653,86,20,66,637,245,392,172,205,149,137,119,18,1,1,0,11,10,1,56,2937,1844,321,292,252,228
2021,Portsmouth 018,E02003541,8979,3278,2960,2546,826,1720,69,28,41,345,122,223,318,946,599,561,515,46,6,5,1,32,27,5,347,4755,1116,2145,593,566,335
2021,Portsmouth 019,E02003542,7409,4330,4116,3487,840,2647,72,11,61,557,206,351,214,551,411,375,324,51,1,1,0,35,30,5,140,2528,941,1024,243,158,162
2021,Portsmouth 020,E02003543,7683,3713,3508,2939,715,2224,95,26,69,474,190,284,205,853,604,558,499,59,10,9,1,36,28,8,249,3117,762,1638,269,247,201
2021,Portsmouth 021,E02003544,5128,3555,3407,2907,727,2180,49,10,39,451,190,261,148,125,82,75,61,14,1,1,0,6,5,1,43,1448,710,213,202,180,143
2021,Portsmouth 022,E02003545,6097,3517,3319,2732,564,2168,105,19,86,482,182,300,198,308,236,215,176,39,1,1,0,20,15,5,72,2272,1021,563,201,253,234
2021,Portsmouth 023,E02003546,6722,4170,3985,3238,801,2437,115,23,92,632,245,387,185,135,94,86,68,18,1,0,1,7,6,1,41,2417,1545,252,238,198,184
2021,Portsmouth 024,E02003547,7406,3869,3654,2991,559,2432,109,38,71,554,236,318,215,380,245,213,178,35,2,2,0,30,25,5,135,3157,1788,778,195,185,211
2021,Portsmouth 025,E02003548,5365,3258,3095,2541,567,1974,95,14,81,459,210,249,163,259,203,192,162,30,2,2,0,9,9,0,56,1848,935,429,152,172,160
2021,Southampton 001,E02003549,7400,3134,2995,2435,626,1809,123,29,94,437,201,236,139,445,289,257,218,39,6,6,0,26,24,2,156,3821,1140,2163,257,131,130
2021,Southampton 002,E02003550,6362,3895,3739,3286,878,2408,58,18,40,395,141,254,156,109,85,81,60,21,0,0,0,4,2,2,24,2358,1379,269,271,259,180
2021,Southampton 003,E02003551,5579,2392,2243,1852,532,1320,43,10,33,348,142,206,149,306,188,171,153,18,1,0,1,16,16,0,118,2881,817,1454,195,280,135
2021,Southampton 004,E02003552,5032,2935,2802,2449,698,1751,43,11,32,310,103,207,133,85,60,57,51,6,0,0,0,3,1,2,25,2012,1064,219,247,309,173
2021,Southampton 005,E02003553,6028,2597,2418,1953,570,1383,73,16,57,392,130,262,179,484,370,322,268,54,0,0,0,48,38,10,114,2947,537,1725,286,216,183
2021,Southampton 006,E02003554,5137,2979,2843,2397,564,1833,66,19,47,380,154,226,136,138,105,99,72,27,0,0,0,6,6,0,33,2020,1230,297,196,177,120
2021,Southampton 007,E02003555,6879,4401,4220,3661,941,2720,58,17,41,501,162,339,181,131,93,91,74,17,0,0,0,2,0,2,38,2347,1208,302,317,340,180
2021,Southampton 008,E02003556,4598,2940,2831,2369,677,1692,55,10,45,407,161,246,109,102,72,64,56,8,3,1,2,5,3,2,30,1556,991,152,178,152,83
2021,Southampton 009,E02003557,5956,2605,2503,2128,447,1681,56,19,37,319,173,146,102,465,366,332,274,58,3,0,3,31,30,1,99,2886,1035,1467,181,98,105
2021,Southampton 010,E02003558,5631,3643,3464,2994,709,2285,68,18,50,402,159,243,179,121,97,91,78,13,2,2,0,4,3,1,24,1867,818,272,296,302,179
2021,Southampton 011,E02003559,6275,3973,3858,3300,833,2467,89,27,62,469,231,238,115,126,99,96,79,17,0,0,0,3,1,2,27,2176,1396,298,223,140,119
2021,Southampton 012,E02003560,5624,3389,3193,2710,838,1872,65,16,49,418,124,294,196,116,83,79,66,13,0,0,0,4,4,0,33,2119,848,231,411,417,212
2021,Southampton 013,E02003561,6947,3217,3011,2494,631,1863,60,19,41,457,180,277,206,500,377,328,280,48,3,2,1,46,38,8,123,3230,792,1641,269,288,240
2021,Southampton 014,E02003562,6739,4538,4368,3658,956,2702,78,15,63,632,258,374,170,141,104,94,84,10,1,1,0,9,4,5,37,2060,1156,251,223,223,207
2021,Southampton 015,E02003563,6389,4142,3950,3399,893,2506,92,21,71,459,163,296,192,145,106,104,81,23,0,0,0,2,1,1,39,2102,1129,192,305,287,189
2021,Southampton 016,E02003564,6404,3823,3656,3047,902,2145,85,21,64,524,191,333,167,128,82,78,65,13,2,1,1,2,2,0,46,2453,1396,236,343,315,163
2021,Southampton 017,E02003565,6063,2954,2790,2386,482,1904,61,14,47,343,127,216,164,590,438,393,337,56,7,4,3,38,31,7,152,2519,440,1496,208,220,155
2021,Southampton 018,E02003566,5138,3043,2910,2479,725,1754,47,9,38,384,142,242,133,83,50,48,45,3,1,1,0,1,1,0,33,2012,1206,155,259,260,132
2021,Southampton 019,E02003567,6256,3946,3733,3187,909,2278,82,25,57,464,142,322,213,162,132,124,108,16,1,0,1,7,2,5,30,2148,946,289,378,287,248
2021,Southampton 020,E02003568,7120,4740,4509,3853,711,3142,107,19,88,549,216,333,231,289,238,227,164,63,0,0,0,11,11,0,51,2091,810,655,230,190,206
2021,Southampton 021,E02003569,6524,4549,4271,3661,847,2814,74,17,57,536,180,356,278,165,147,134,93,41,0,0,0,13,5,8,18,1810,710,260,290,290,260
2021,Southampton 022,E02003570,9185,4781,4325,3499,992,2507,133,38,95,693,295,398,456,647,462,415,343,72,4,3,1,43,29,14,185,3757,452,1496,800,431,578
2021,Southampton 023,E02003571,8239,3472,3262,2862,552,2310,49,20,29,351,120,231,210,1012,736,669,570,99,11,8,3,56,40,16,276,3755,621,2545,175,242,172
2021,Southampton 024,E02003572,4998,3151,3036,2535,692,1843,68,12,56,433,169,264,115,86,56,52,41,11,0,0,0,4,4,0,30,1761,1053,208,217,167,116
2021,Southampton 025,E02003573,6162,3527,3275,2796,872,1924,52,15,37,427,152,275,252,127,87,80,69,11,2,1,1,5,5,0,40,2508,1295,213,414,369,217
2021,Southampton 026,E02003574,6375,3911,3761,3197,857,2340,56,8,48,508,173,335,150,110,70,63,51,12,1,1,0,6,5,1,40,2354,1537,177,227,227,186
2021,Southampton 027,E02003575,4929,2885,2690,2282,739,1543,52,9,43,356,132,224,195,100,58,54,49,5,0,0,0,4,3,1,42,1944,834,206,372,345,187
2021,Southampton 028,E02003576,6460,4252,4069,3452,967,2485,76,17,59,541,188,353,183,120,80,80,64,16,0,0,0,0,0,0,40,2088,1003,235,315,334,201
2021,Southampton 030,E02003578,5223,3384,3263,2683,679,2004,66,14,52,514,189,325,121,89,63,57,46,11,0,0,0,6,5,1,26,1750,1041,168,220,194,127
2021,Southampton 031,E02003579,7870,5343,5131,4372,951,3421,93,28,65,666,229,437,212,125,99,96,74,22,0,0,0,3,1,2,26,2402,1282,260,328,304,228
2021,Southampton 032,E02003580,4699,2695,2479,2122,675,1447,43,8,35,314,101,213,216,86,50,45,40,5,0,0,0,5,4,1,36,1918,780,174,379,404,181
2021,Isle of Wight 001,E02003581,6467,3894,3704,2974,865,2109,99,25,74,631,291,340,190,75,56,56,48,8,0,0,0,0,0,0,19,2498,1604,190,278,266,160
2021,Isle of Wight 002,E02003582,7158,3910,3760,2934,942,1992,121,25,96,705,330,375,150,131,96,89,66,23,0,0,0,7,6,1,35,3117,2289,232,231,210,155
2021,Isle of Wight 003,E02003583,6425,3198,3047,2538,818,1720,69,18,51,440,202,238,151,83,68,66,56,10,0,0,0,2,1,1,15,3144,2092,210,295,385,162
2021,Isle of Wight 004,E02003584,5411,2872,2622,2087,687,1400,57,16,41,478,253,225,250,63,53,52,38,14,0,0,0,1,1,0,10,2476,1400,200,225,424,227
2021,Isle of Wight 005,E02003585,5749,2642,2544,2000,660,1340,69,14,55,475,241,234,98,55,42,37,31,6,0,0,0,5,4,1,13,3052,2401,158,197,196,100
2021,Isle of Wight 006,E02003586,6372,3278,3105,2504,862,1642,75,16,59,526,265,261,173,74,55,53,41,12,1,0,1,1,1,0,19,3020,1950,227,254,386,203
2021,Isle of Wight 007,E02003587,6922,3735,3488,2886,1027,1859,82,20,62,520,225,295,247,81,61,61,55,6,0,0,0,0,0,0,20,3106,1744,276,359,472,255
2021,Isle of Wight 008,E02003588,7642,3995,3782,3164,1001,2163,86,18,68,532,228,304,213,93,69,61,45,16,0,0,0,8,6,2,24,3554,1665,285,315,444,845
2021,Isle of Wight 009,E02003589,6021,3707,3492,2989,975,2014,63,17,46,440,198,242,215,121,91,91,73,18,0,0,0,0,0,0,30,2193,1219,195,282,349,148
2021,Isle of Wight 010,E02003590,6509,2717,2587,1801,666,1135,105,30,75,681,365,316,130,58,38,36,36,0,0,0,0,2,1,1,20,3734,3038,164,231,177,124
2021,Isle of Wight 011,E02003591,7751,4267,4091,3347,1108,2239,133,34,99,611,273,338,176,119,97,92,71,21,0,0,0,5,3,2,22,3365,2218,301,306,350,190
2021,Isle of Wight 012,E02003592,8667,3550,3372,2487,999,1488,104,40,64,781,408,373,178,69,54,50,41,9,0,0,0,4,3,1,15,5048,3860,200,328,458,202
2021,Isle of Wight 013,E02003593,4655,2223,2146,1574,539,1035,102,20,82,470,243,227,77,70,54,46,40,6,1,0,1,7,7,0,16,2362,1823,121,154,166,98
2021,Isle of Wight 014,E02003594,7962,3963,3707,2893,1085,1808,109,24,85,705,352,353,256,99,86,85,71,14,0,0,0,1,1,0,13,3900,2543,244,359,501,253
2021,Isle of Wight 015,E02003595,7038,3206,3061,2325,851,1474,103,34,69,633,298,335,145,54,39,38,34,4,0,0,0,1,0,1,15,3778,2884,174,249,295,176
2021,Isle of Wight 016,E02003596,7556,3527,3306,2509,953,1556,118,33,85,679,333,346,221,78,55,52,45,7,0,0,0,3,2,1,23,3951,2750,197,291,461,252
2021,Isle of Wight 017,E02003597,4941,2411,2306,1609,568,1041,104,23,81,593,308,285,105,41,36,32,29,3,1,0,1,3,2,1,5,2489,1852,136,201,187,113
2021,Isle of Wight 018,E02003598,6332,2881,2701,1882,720,1162,114,26,88,705,373,332,180,57,36,35,29,6,0,0,0,1,1,0,21,3394,2388,194,231,384,197
2021,Central Bedfordshire 001,E02003599,4548,2965,2853,2518,586,1932,37,10,27,298,131,167,112,91,68,64,59,5,0,0,0,4,4,0,23,1492,842,164,205,166,115
2021,Central Bedfordshire 002,E02003600,5275,3248,3139,2612,634,1978,58,16,42,469,185,284,109,97,66,66,56,10,0,0,0,0,0,0,31,1930,1225,146,230,192,137
2021,Central Bedfordshire 003,E02003601,6674,4235,4121,3291,720,2571,110,19,91,720,319,401,114,87,65,64,54,10,0,0,0,1,0,1,22,2352,1619,176,254,155,148
2021,Central Bedfordshire 004,E02003602,5517,3295,3221,2487,592,1895,140,33,107,594,258,336,74,87,69,68,59,9,0,0,0,1,0,1,18,2135,1523,203,217,104,88
2021,Central Bedfordshire 005,E02003603,9122,6186,5954,5000,1167,3833,108,24,84,846,337,509,232,119,90,86,70,16,0,0,0,4,2,2,29,2817,1769,238,354,292,164
2021,Central Bedfordshire 006,E02003604,8862,6126,5951,5169,1138,4031,99,22,77,683,278,405,175,147,123,118,97,21,1,0,1,4,3,1,24,2589,1556,247,374,226,186
2021,Central Bedfordshire 007,E02003605,8333,4868,4719,3896,844,3052,123,26,97,700,308,392,149,343,195,181,139,42,0,0,0,14,11,3,148,3122,1560,989,294,125,154
2021,Central Bedfordshire 008,E02003606,7665,4728,4572,3679,868,2811,138,23,115,755,331,424,156,142,98,88,77,11,0,0,0,10,9,1,44,2795,1909,281,286,167,152
2021,Central Bedfordshire 009,E02003607,8824,6014,5830,4841,1074,3767,154,20,134,835,317,518,184,125,82,72,62,10,0,0,0,10,8,2,43,2685,1682,312,338,175,178
2021,Central Bedfordshire 010,E02003608,9876,6610,6392,5212,1236,3976,161,41,120,1019,413,606,218,133,104,101,84,17,0,0,0,3,2,1,29,3133,2102,275,325,235,196
2021,Central Bedfordshire 011,E02003609,9398,6362,6184,5273,1141,4132,119,22,97,792,345,447,178,173,138,134,115,19,0,0,0,4,3,1,35,2863,1810,313,315,215,210
2021,Central Bedfordshire 012,E02003610,7193,4691,4559,3762,893,2869,120,27,93,677,286,391,132,153,117,105,92,13,1,1,0,11,7,4,36,2349,1632,278,207,117,115
2021,Central Bedfordshire 013,E02003611,7943,5124,4980,4136,920,3216,134,34,100,710,326,384,144,143,119,111,98,13,3,2,1,5,4,1,24,2676,1911,228,256,157,124
2021,Central Bedfordshire 014,E02003612,9571,6569,6370,5322,1240,4082,136,18,118,912,382,530,199,184,140,132,120,12,1,1,0,7,7,0,44,2818,1880,244,347,174,173
2021,Central Bedfordshire 015,E02003613,4732,2977,2878,2398,579,1819,72,17,55,408,138,270,99,87,60,56,50,6,0,0,0,4,3,1,27,1668,1100,151,164,154,99
2021,Central Bedfordshire 016,E02003614,6656,4562,4432,3746,852,2894,80,18,62,606,251,355,130,113,84,77,66,11,1,0,1,6,4,2,29,1981,1334,214,213,106,114
2021,Central Bedfordshire 017,E02003615,8462,5270,5128,4183,1043,3140,167,35,132,778,338,440,142,144,112,106,91,15,3,3,0,3,3,0,32,3048,2147,280,310,157,154
2021,Bedford 001,E02003616,4741,2740,2663,2039,495,1544,92,25,67,532,256,276,77,91,60,56,45,11,2,2,0,2,1,1,31,1910,1392,165,192,85,76
2021,Bedford 002,E02003617,7531,4351,4210,3260,830,2430,144,24,120,806,407,399,141,87,54,51,42,9,0,0,0,3,3,0,33,3093,2145,297,292,155,204
2021,Bedford 003,E02003618,7058,4260,4147,3421,866,2555,110,18,92,616,248,368,113,155,111,105,93,12,0,0,0,6,5,1,44,2643,1817,299,243,142,142
2021,Bedford 004,E02003619,9580,5988,5796,4628,1099,3529,211,28,183,957,408,549,192,179,127,120,102,18,0,0,0,7,5,2,52,3413,2266,315,376,258,198
2021,Bedford 005,E02003620,6724,3794,3606,3013,774,2239,88,25,63,505,235,270,188,97,70,66,52,14,0,0,0,4,4,0,27,2833,1975,262,249,183,164
2021,Bedford 006,E02003621,6728,3703,3581,3020,776,2244,83,22,61,478,207,271,122,135,111,104,92,12,4,4,0,3,3,0,24,2890,2121,233,221,159,156
2021,Bedford 007,E02003622,7263,4347,4104,3479,931,2548,98,28,70,527,224,303,243,152,107,98,81,17,0,0,0,9,5,4,45,2764,1450,347,416,321,230
2021,Bedford 008,E02003623,10079,6715,6504,5444,1133,4311,206,47,159,854,384,470,211,189,149,138,111,27,1,1,0,10,3,7,40,3175,2033,366,384,177,215
2021,Bedford 009,E02003624,5051,2744,2618,2156,471,1685,64,9,55,398,171,227,126,219,153,142,113,29,0,0,0,11,5,6,66,2088,1018,504,141,286,139
2021,Bedford 010,E02003625,7577,4504,4191,3577,731,2846,72,20,52,542,216,326,313,168,135,125,80,45,3,2,1,7,4,3,33,2905,1367,309,259,416,554
2021,Bedford 011,E02003626,4594,2979,2868,2430,561,1869,58,14,44,380,144,236,111,93,83,79,66,13,0,0,0,4,3,1,10,1522,874,192,181,140,135
2021,Bedford 012,E02003627,8912,5850,5458,4577,953,3624,139,37,102,742,326,416,392,249,205,189,127,62,1,0,1,15,13,2,44,2813,1326,353,396,337,401
2021,Bedford 013,E02003628,7147,4231,3933,3211,930,2281,124,51,73,598,283,315,298,194,156,148,109,39,0,0,0,8,8,0,38,2722,746,459,807,342,368
2021,Bedford 014,E02003629,8327,5218,4919,4194,1041,3153,98,32,66,627,228,399,299,199,142,134,100,34,0,0,0,8,6,2,57,2910,1218,380,540,411,361
2021,Bedford 015,E02003630,8896,5796,5424,4647,1047,3600,135,36,99,642,239,403,372,251,202,188,118,70,1,1,0,13,5,8,49,2849,878,448,616,477,430
2021,Bedford 016,E02003631,4559,2763,2612,2228,561,1667,67,16,51,317,135,182,151,107,87,84,66,18,1,1,0,2,1,1,20,1689,978,164,191,198,158
2021,Bedford 017,E02003632,5006,3235,3095,2678,661,2017,56,14,42,361,131,230,140,98,83,81,69,12,0,0,0,2,1,1,15,1673,906,181,229,194,163
2021,Bedford 018,E02003633,8274,5542,5300,4575,1055,3520,111,33,78,614,231,383,242,184,130,119,92,27,0,0,0,11,7,4,54,2548,1333,348,346,264,257
2021,Bedford 020,E02003635,7768,5375,5214,4495,972,3523,119,20,99,600,246,354,161,134,96,91,76,15,2,1,1,3,3,0,38,2259,1334,273,332,184,136
2021,Central Bedfordshire 018,E02003636,6044,3750,3641,2949,727,2222,112,20,92,580,224,356,109,116,85,77,66,11,1,1,0,7,3,4,31,2178,1407,251,232,147,141
2021,Central Bedfordshire 019,E02003637,8843,5687,5516,4363,1034,3329,198,47,151,955,387,568,171,114,83,78,63,15,0,0,0,5,4,1,31,3042,2112,288,303,193,146
2021,Central Bedfordshire 020,E02003638,6265,3802,3645,3029,697,2332,88,14,74,528,223,305,157,72,47,46,37,9,0,0,0,1,1,0,25,2391,1684,181,234,162,130
2021,Central Bedfordshire 021,E02003639,7719,5009,4804,4093,931,3162,84,23,61,627,275,352,205,79,67,64,53,11,0,0,0,3,3,0,12,2631,1551,220,330,297,233
2021,Central Bedfordshire 022,E02003640,5041,3132,3032,2491,556,1935,67,10,57,474,216,258,100,60,39,37,31,6,0,0,0,2,2,0,21,1849,1349,130,161,111,98
2021,Central Bedfordshire 023,E02003641,4361,2756,2690,2332,541,1791,48,9,39,310,144,166,66,89,76,74,68,6,2,1,1,0,0,0,13,1516,1103,147,147,58,61
2021,Central Bedfordshire 025,E02003642,7276,4660,4393,3723,832,2891,74,18,56,596,208,388,267,193,137,127,83,44,1,1,0,9,4,5,56,2423,922,395,469,369,268
2021,Central Bedfordshire 024,E02003643,10399,7493,7266,6288,1269,5019,123,29,94,855,358,497,227,141,106,99,77,22,2,1,1,5,2,3,35,2765,1529,329,425,255,227
2021,Central Bedfordshire 026,E02003644,7953,5247,5015,4200,978,3222,113,26,87,702,246,456,232,165,135,121,79,42,0,0,0,14,12,2,30,2541,1347,288,384,321,201
2021,Central Bedfordshire 027,E02003645,5700,3601,3466,2868,701,2167,86,27,59,512,200,312,135,131,98,91,66,25,1,0,1,6,0,6,33,1968,1298,181,205,130,154
2021,Central Bedfordshire 028,E02003646,8299,5423,5199,4406,1062,3344,117,22,95,676,249,427,224,191,156,144,91,53,0,0,0,12,8,4,35,2685,1513,290,381,287,214
2021,Central Bedfordshire 029,E02003647,8572,5672,5439,4556,953,3603,122,26,96,761,274,487,233,222,192,178,109,69,0,0,0,14,7,7,30,2678,1570,250,319,310,229
2021,Central Bedfordshire 030,E02003648,4336,2690,2542,2122,549,1573,56,9,47,364,123,241,148,103,79,72,57,15,2,0,2,5,5,0,24,1543,799,169,237,213,125
2021,Central Bedfordshire 031,E02003649,5549,3400,3289,2686,628,2058,90,21,69,513,209,304,111,124,101,98,65,33,0,0,0,3,2,1,23,2025,1485,161,168,102,109
2021,Central Bedfordshire 032,E02003650,5926,3319,3199,2413,613,1800,142,29,113,644,312,332,120,64,45,36,31,5,1,0,1,8,8,0,19,2543,1852,166,234,151,140
2021,Central Bedfordshire 033,E02003651,5821,3514,3423,2764,715,2049,91,22,69,568,210,358,91,75,60,56,47,9,1,1,0,3,3,0,15,2232,1616,181,176,142,117
2021,Buckinghamshire 001,E02003652,8224,5046,4886,4078,986,3092,116,23,93,692,314,378,160,164,132,123,94,29,0,0,0,9,6,3,32,3014,1678,730,328,118,160
2021,Buckinghamshire 002,E02003653,5538,3309,3203,2735,667,2068,62,17,45,406,207,199,106,139,97,91,82,9,0,0,0,6,6,0,42,2090,1286,377,205,123,99
2021,Buckinghamshire 003,E02003654,4813,2934,2850,2227,517,1710,116,23,93,507,236,271,84,56,39,36,34,2,0,0,0,3,3,0,17,1823,1311,184,191,78,59
2021,Buckinghamshire 004,E02003655,8391,5365,5228,4062,955,3107,171,40,131,995,425,570,137,125,107,101,85,16,0,0,0,6,6,0,18,2901,1907,333,340,156,165
2021,Buckinghamshire 005,E02003656,5503,3342,3245,2543,605,1938,75,18,57,627,291,336,97,56,46,44,33,11,1,0,1,1,0,1,10,2105,1466,172,201,149,117
2021,Buckinghamshire 006,E02003657,6034,3769,3663,2783,677,2106,152,39,113,728,299,429,106,79,66,66,58,8,0,0,0,0,0,0,13,2186,1531,214,234,110,97
2021,Buckinghamshire 007,E02003658,8000,5162,5011,3968,847,3121,142,26,116,901,412,489,151,99,71,67,56,11,0,0,0,4,4,0,28,2739,1796,298,336,122,187
2021,Buckinghamshire 009,E02003659,7659,5025,4868,3842,910,2932,182,28,154,844,358,486,157,128,92,83,68,15,0,0,0,9,8,1,36,2506,1481,327,362,147,189
2021,Buckinghamshire 008,E02003660,8755,5513,5344,4189,1027,3162,171,35,136,984,465,519,169,137,110,99,87,12,1,0,1,10,9,1,27,3105,2077,340,340,156,192
2021,Buckinghamshire 010,E02003661,4917,3046,2946,2239,527,1712,98,22,76,609,259,350,100,79,61,59,48,11,0,0,0,2,2,0,18,1792,1002,194,161,99,336
2021,Buckinghamshire 012,E02003662,5069,3343,3209,2698,599,2099,64,20,44,447,199,248,134,103,87,80,63,17,1,0,1,6,4,2,16,1623,842,196,262,167,156
2021,Buckinghamshire 011,E02003663,10137,7502,7210,6229,1308,4921,146,29,117,835,345,490,292,185,140,133,109,24,1,1,0,6,6,0,45,2450,825,384,635,298,308
2021,Buckinghamshire 013,E02003664,6173,4125,3927,3357,787,2570,87,25,62,483,187,296,198,102,82,80,64,16,1,1,0,1,1,0,20,1946,842,265,396,242,201
2021,Buckinghamshire 014,E02003665,4943,3133,3011,2527,637,1890,77,18,59,407,173,234,122,90,73,67,54,13,0,0,0,6,4,2,17,1720,831,199,209,186,295
2021,Buckinghamshire 015,E02003666,6229,4167,3985,3402,717,2685,95,30,65,488,203,285,182,98,82,74,55,19,3,1,2,5,1,4,16,1964,913,230,321,243,257
2021,Buckinghamshire 016,E02003667,7487,5445,5283,4573,975,3598,94,22,72,616,226,390,162,143,110,99,77,22,0,0,0,11,5,6,33,1899,973,250,349,147,180
2021,Buckinghamshire 018,E02003668,7108,4222,4095,3361,827,2534,109,22,87,625,315,310,127,106,82,76,68,8,4,1,3,2,1,1,24,2780,2021,298,235,100,126
2021,Buckinghamshire 017,E02003669,5642,3585,3392,2844,774,2070,81,35,46,467,197,270,193,126,93,88,63,25,0,0,0,5,5,0,33,1931,697,256,448,262,268
2021,Buckinghamshire 019,E02003670,7404,5016,4836,4150,950,3200,88,15,73,598,240,358,180,115,87,80,63,17,0,0,0,7,4,3,28,2273,1396,264,250,179,184
2021,Buckinghamshire 020,E02003671,4693,3151,3008,2566,637,1929,53,15,38,389,172,217,143,94,73,68,47,21,1,0,1,4,1,3,21,1448,657,184,290,178,139
2021,Buckinghamshire 021,E02003672,10005,6220,6041,4818,1166,3652,189,36,153,1034,486,548,179,161,125,114,101,13,1,1,0,10,9,1,36,3624,2449,348,421,243,163
2021,Buckinghamshire 022,E02003673,7705,4679,4541,3555,853,2702,149,37,112,837,394,443,138,101,82,75,66,9,1,0,1,6,4,2,19,2925,2160,212,270,113,170
2021,Buckinghamshire 023,E02003674,4509,2731,2649,2023,532,1491,93,15,78,533,260,273,82,49,43,39,32,7,0,0,0,4,3,1,6,1729,1229,163,177,67,93
2021,Buckinghamshire 024,E02003675,7821,5107,4942,4155,854,3301,105,29,76,682,324,358,165,103,86,80,63,17,1,1,0,5,3,2,17,2611,1699,333,253,109,217
2021,Buckinghamshire 029,E02003676,6724,3896,3770,2693,765,1928,198,52,146,879,460,419,126,87,68,63,59,4,1,0,1,4,2,2,19,2741,1881,282,349,108,121
2021,Buckinghamshire 027,E02003677,8146,5012,4781,3785,1008,2777,130,37,93,866,417,449,231,157,118,107,90,17,2,1,1,9,7,2,39,2977,1541,364,518,303,251
2021,Buckinghamshire 028,E02003678,4677,2952,2839,2232,562,1670,85,19,66,522,225,297,113,94,74,65,47,18,3,1,2,6,4,2,20,1631,1034,191,225,69,112
2021,Buckinghamshire 030,E02003679,5567,3616,3445,2728,643,2085,83,24,59,634,266,368,171,85,68,60,43,17,0,0,0,8,6,2,17,1866,1067,171,270,201,157
2021,Buckinghamshire 031,E02003680,8022,4765,4610,3581,903,2678,156,33,123,873,442,431,155,100,77,69,59,10,2,1,1,6,4,2,23,3157,2293,325,312,122,105
2021,Buckinghamshire 032,E02003681,8287,4880,4731,3693,892,2801,204,43,161,834,422,412,149,137,114,104,89,15,1,1,0,9,8,1,23,3270,2121,438,390,123,198
2021,Buckinghamshire 034,E02003682,6038,3803,3670,2919,672,2247,87,13,74,664,299,365,133,93,76,70,52,18,2,1,1,4,4,0,17,2142,1413,264,245,90,130
2021,Buckinghamshire 035,E02003683,5584,3358,3236,2571,612,1959,123,25,98,542,267,275,122,79,63,51,45,6,0,0,0,12,10,2,16,2147,1332,287,282,107,139
2021,Buckinghamshire 047,E02003685,6418,3808,3693,2758,721,2037,173,22,151,762,406,356,115,106,80,76,64,12,0,0,0,4,4,0,26,2504,1705,291,303,79,126
2021,Buckinghamshire 050,E02003686,6193,3642,3522,2679,690,1989,151,19,132,692,318,374,120,91,70,65,60,5,0,0,0,5,3,2,21,2460,1691,242,214,186,127
2021,Buckinghamshire 054,E02003687,4582,2812,2723,2113,552,1561,108,18,90,502,235,267,89,61,49,46,40,6,0,0,0,3,3,0,12,1709,1079,209,236,101,84
2021,Buckinghamshire 053,E02003688,9677,5746,5532,4349,958,3391,213,40,173,970,473,497,214,176,137,107,90,17,1,1,0,29,17,12,39,3755,2298,512,568,170,207
2021,Buckinghamshire 058,E02003689,7468,4372,4204,3072,680,2392,336,65,271,796,382,414,168,109,82,74,58,16,1,1,0,7,6,1,27,2987,1795,440,470,84,198
2021,Buckinghamshire 059,E02003690,6230,3750,3615,2846,631,2215,146,37,109,623,274,349,135,88,65,52,35,17,0,0,0,13,6,7,23,2392,1566,218,287,176,145
2021,Buckinghamshire 063,E02003691,5828,3508,3368,2549,615,1934,185,43,142,634,305,329,140,62,49,49,41,8,0,0,0,0,0,0,13,2258,1443,257,291,119,148
2021,Buckinghamshire 064,E02003692,7349,4460,4261,3253,807,2446,214,33,181,794,355,439,199,86,70,67,57,10,2,2,0,1,1,0,16,2803,1740,350,305,156,252
2021,Buckinghamshire 065,E02003693,6045,3696,3556,2760,591,2169,154,34,120,642,310,332,140,59,43,40,31,9,0,0,0,3,2,1,16,2290,1547,231,280,73,159
2021,Buckinghamshire 066,E02003694,6782,4381,4159,3443,763,2680,96,18,78,620,250,370,222,84,66,59,48,11,1,0,1,6,4,2,18,2317,1427,238,274,210,168
2021,Buckinghamshire 067,E02003695,8820,5771,5511,4430,954,3476,202,38,164,879,356,523,260,132,109,102,83,19,0,0,0,7,7,0,23,2917,1762,325,394,212,224
2021,Buckinghamshire 026,E02003696,7153,4021,3873,3078,777,2301,96,26,70,699,347,352,148,115,76,76,55,21,0,0,0,0,0,0,39,3017,2235,203,247,195,137
2021,Buckinghamshire 025,E02003697,5211,3184,3095,2328,515,1813,117,25,92,650,321,329,89,68,53,49,37,12,1,0,1,3,2,1,15,1959,1345,240,244,62,68
2021,Buckinghamshire 033,E02003698,6924,4188,4083,3189,782,2407,143,34,109,751,353,398,105,108,86,81,66,15,0,0,0,5,5,0,22,2628,1962,272,228,52,114
2021,Buckinghamshire 037,E02003699,4810,3027,2909,2282,561,1721,80,16,64,547,245,302,118,56,41,38,33,5,1,1,0,2,2,0,15,1727,1199,164,187,82,95
2021,Buckinghamshire 038,E02003701,9708,5787,5511,4482,1069,3413,150,48,102,879,409,470,276,307,212,198,163,35,3,3,0,11,8,3,95,3614,1834,648,531,241,360
2021,Buckinghamshire 040,E02003702,6857,4516,4398,3359,723,2636,166,33,133,873,462,411,118,62,52,45,36,9,0,0,0,7,6,1,10,2279,1478,229,318,74,180
2021,Buckinghamshire 041,E02003703,7116,4768,4544,3733,809,2924,131,23,108,680,296,384,224,188,162,148,121,27,0,0,0,14,9,5,26,2160,1012,379,382,186,201
2021,Buckinghamshire 045,E02003704,4696,2931,2842,2207,552,1655,98,21,77,537,266,271,89,76,64,59,55,4,0,0,0,5,4,1,12,1689,1140,193,202,57,97
2021,Buckinghamshire 042,E02003705,5534,3591,3354,2721,654,2067,77,29,48,556,259,297,237,155,126,121,104,17,1,0,1,4,4,0,29,1788,597,319,482,171,219
2021,Buckinghamshire 043,E02003706,5343,3525,3350,2806,657,2149,61,15,46,483,245,238,175,94,61,59,49,10,0,0,0,2,2,0,33,1724,829,261,299,149,186
2021,Buckinghamshire 044,E02003707,5310,3674,3488,2866,650,2216,70,18,52,552,266,286,186,102,81,73,56,17,0,0,0,8,6,2,21,1534,626,227,333,157,191
2021,Buckinghamshire 046,E02003708,7508,4587,4235,3374,1018,2356,130,58,72,731,368,363,352,211,182,173,129,44,0,0,0,9,3,6,29,2710,656,470,811,289,484
2021,Buckinghamshire 048,E02003709,4386,2839,2673,2254,564,1690,45,10,35,374,156,218,166,94,76,68,61,7,0,0,0,8,3,5,18,1453,616,216,287,183,151
2021,Buckinghamshire 049,E02003710,10075,6406,6073,5024,1082,3942,158,61,97,891,369,522,333,445,298,280,228,52,0,0,0,18,14,4,147,3224,1197,908,577,215,327
2021,Buckinghamshire 051,E02003711,7748,5492,5273,4378,859,3519,106,24,82,789,356,433,219,111,91,84,55,29,0,0,0,7,7,0,20,2145,1096,267,363,205,214
2021,Buckinghamshire 052,E02003712,6594,3943,3758,3086,714,2372,93,20,73,579,265,314,185,73,50,48,39,9,1,1,0,1,1,0,23,2578,1583,258,320,216,201
2021,Buckinghamshire 055,E02003713,4789,2782,2677,2131,564,1567,76,18,58,470,225,245,105,59,41,40,36,4,0,0,0,1,1,0,18,1948,1401,175,202,71,99
2021,Buckinghamshire 056,E02003714,5454,3622,3473,2741,615,2126,83,20,63,649,292,357,149,79,58,53,45,8,0,0,0,5,5,0,21,1753,1054,214,222,124,139
2021,Buckinghamshire 057,E02003715,5314,3180,3088,2395,537,1858,111,28,83,582,334,248,92,83,60,60,55,5,0,0,0,0,0,0,23,2051,1457,230,221,33,110
2021,Buckinghamshire 060,E02003716,4933,2962,2849,2243,511,1732,81,13,68,525,261,264,113,43,32,30,27,3,1,0,1,1,0,1,11,1928,1336,162,231,88,111
2021,Buckinghamshire 062,E02003717,7284,4287,4135,3185,775,2410,142,23,119,808,416,392,152,90,68,63,55,8,0,0,0,5,5,0,22,2907,2080,292,287,102,146
2021,Buckinghamshire 061,E02003718,4494,2805,2708,2109,508,1601,79,21,58,520,266,254,97,78,53,52,43,9,0,0,0,1,0,1,25,1611,1079,158,197,71,106
2021,Cambridge 001,E02003719,8473,5716,5457,4763,1122,3641,88,30,58,606,264,342,259,228,184,165,116,49,1,0,1,18,13,5,44,2529,1103,369,373,350,334
2021,Cambridge 002,E02003720,7961,4850,4609,3944,860,3084,81,16,65,584,300,284,241,244,215,186,125,61,4,4,0,25,19,6,29,2867,1188,787,439,237,216
2021,Cambridge 003,E02003721,8094,5122,4888,4230,899,3331,89,21,68,569,267,302,234,228,184,165,100,65,0,0,0,19,18,1,44,2744,1302,491,380,329,242
2021,Cambridge 004,E02003722,7286,4546,4394,3734,728,3006,92,20,72,568,337,231,152,286,240,199,139,60,6,5,1,35,31,4,46,2454,1244,716,203,115,176
2021,Cambridge 005,E02003723,12070,3607,3493,3049,478,2571,55,7,48,389,183,206,114,873,722,540,307,233,4,4,0,178,166,12,151,7590,783,6324,197,97,189
2021,Cambridge 006,E02003724,8554,5411,5203,4494,1072,3422,85,23,62,624,296,328,208,383,310,276,197,79,0,0,0,34,29,5,73,2760,1032,617,370,494,247
2021,Cambridge 007,E02003725,15196,3824,3712,3076,498,2578,83,19,64,553,334,219,112,1266,1058,728,445,283,7,5,2,323,295,28,208,10106,1168,8476,206,107,149
2021,Cambridge 008,E02003726,7289,4096,3953,3373,550,2823,79,22,57,501,272,229,143,541,397,344,237,107,2,1,1,51,42,9,144,2652,745,1479,151,132,145
2021,Cambridge 009,E02003727,8899,5856,5688,4978,831,4147,69,19,50,641,321,320,168,618,489,454,341,113,2,1,1,33,33,0,129,2425,814,1008,263,164,176
2021,Cambridge 010,E02003728,9427,5957,5776,5074,968,4106,116,21,95,586,307,279,181,525,453,418,234,184,2,1,1,33,31,2,72,2945,1111,996,271,229,338
2021,Cambridge 011,E02003729,7475,4861,4712,4114,927,3187,76,27,49,522,236,286,149,142,123,115,80,35,0,0,0,8,7,1,19,2472,1317,427,297,239,192
2021,Cambridge 013,E02003731,10314,5353,5184,4511,791,3720,118,23,95,555,294,261,169,424,375,319,187,132,2,0,2,54,51,3,49,4537,1407,2179,444,347,160
2021,East Cambridgeshire 001,E02003732,7933,5213,5046,4273,972,3301,112,27,85,661,246,415,167,79,58,55,45,10,1,1,0,2,0,2,21,2641,1596,208,361,291,185
2021,East Cambridgeshire 002,E02003733,6949,4384,4280,3448,929,2519,149,28,121,683,274,409,104,97,74,72,63,9,0,0,0,2,2,0,23,2468,1731,214,252,146,125
2021,East Cambridgeshire 003,E02003734,9698,6172,5922,5103,1164,3939,111,24,87,708,332,376,250,145,108,102,81,21,1,1,0,5,5,0,37,3381,2220,365,374,246,176
2021,East Cambridgeshire 004,E02003735,7059,4527,4397,3735,830,2905,91,21,70,571,286,285,130,106,83,74,53,21,0,0,0,9,3,6,23,2426,1613,277,217,179,140
2021,East Cambridgeshire 005,E02003736,8438,5212,5059,4018,1051,2967,147,32,115,894,391,503,153,103,79,75,64,11,0,0,0,4,4,0,24,3123,2131,287,325,211,169
2021,East Cambridgeshire 006,E02003737,10541,6997,6801,5710,1377,4333,160,35,125,931,352,579,196,153,125,114,85,29,0,0,0,11,6,5,28,3391,2088,297,454,315,237
2021,East Cambridgeshire 007,E02003738,5202,3311,3239,2582,690,1892,118,21,97,539,217,322,72,74,67,66,58,8,0,0,0,1,1,0,7,1817,1242,144,212,125,94
2021,East Cambridgeshire 008,E02003739,5267,3236,3145,2574,668,1906,102,19,83,469,230,239,91,70,54,48,41,7,1,1,0,5,4,1,16,1961,1382,186,179,115,99
2021,East Cambridgeshire 009,E02003740,5156,3033,2949,2364,616,1748,82,20,62,503,263,240,84,87,67,63,57,6,0,0,0,4,4,0,20,2036,1410,194,196,133,103
2021,Fenland 001,E02003742,5794,2978,2872,2316,597,1719,104,20,84,452,190,262,106,65,49,45,36,9,1,0,1,3,2,1,16,2751,1898,135,299,283,136
2021,Fenland 002,E02003743,8916,5235,4947,4364,901,3463,94,17,77,489,179,310,288,115,95,90,59,31,0,0,0,5,5,0,20,3566,1880,310,511,506,359
2021,Fenland 003,E02003744,11415,6701,6353,5578,1268,4310,124,36,88,651,274,377,348,125,98,95,67,28,0,0,0,3,0,3,27,4589,2610,338,589,629,423
2021,Fenland 004,E02003745,8628,4747,4550,3660,989,2671,124,18,106,766,318,448,197,107,77,71,52,19,0,0,0,6,3,3,30,3774,2429,223,457,416,249
2021,Fenland 005,E02003746,6445,3631,3453,2894,779,2115,81,16,65,478,169,309,178,102,81,79,62,17,1,0,1,1,1,0,21,2712,1526,199,292,281,414
2021,Fenland 006,E02003747,10434,6034,5788,4944,1249,3695,148,41,107,696,255,441,246,153,113,106,86,20,2,0,2,5,5,0,40,4247,2825,307,435,422,258
2021,Fenland 007,E02003748,6328,3393,3249,2769,765,2004,84,17,67,396,149,247,144,51,31,29,20,9,0,0,0,2,2,0,20,2884,1895,175,320,348,146
2021,Fenland 008,E02003749,5113,3069,2972,2415,611,1804,91,14,77,466,167,299,97,71,54,53,43,10,0,0,0,1,0,1,17,1973,1346,123,205,166,133
2021,Fenland 009,E02003750,6319,3363,3223,2726,714,2012,78,15,63,419,158,261,140,58,42,42,37,5,0,0,0,0,0,0,16,2898,2029,189,286,254,140
2021,Fenland 010,E02003751,6244,3581,3470,2800,684,2116,95,18,77,575,239,336,111,85,64,58,51,7,0,0,0,6,4,2,21,2578,1738,173,281,245,141
2021,Fenland 011,E02003752,9211,5621,5447,4622,1028,3594,111,32,79,714,278,436,174,111,84,77,50,27,0,0,0,7,4,3,27,3479,2149,287,435,385,223
2021,Huntingdonshire 001,E02003753,9003,5681,5474,4645,1130,3515,152,35,117,677,283,394,207,151,126,114,101,13,1,0,1,11,9,2,25,3171,2016,286,364,322,183
2021,Huntingdonshire 002,E02003754,4751,2852,2774,2240,542,1698,114,25,89,420,185,235,78,74,56,53,45,8,1,0,1,2,1,1,18,1825,1315,149,148,124,89
2021,Huntingdonshire 003,E02003755,7082,4356,4221,3453,850,2603,104,20,84,664,255,409,135,93,71,65,56,9,2,2,0,4,3,1,22,2633,1756,201,274,228,174
2021,Huntingdonshire 004,E02003756,5873,3719,3590,3031,676,2355,86,19,67,473,209,264,129,87,61,60,56,4,0,0,0,1,1,0,26,2067,1431,162,203,172,99
2021,Huntingdonshire 005,E02003757,5712,3466,3377,2797,671,2126,95,18,77,485,215,270,89,67,51,49,39,10,0,0,0,2,0,2,16,2179,1484,162,234,190,109
2021,Huntingdonshire 006,E02003758,7982,5112,4960,4135,907,3228,119,17,102,706,319,387,152,111,86,84,69,15,0,0,0,2,2,0,25,2759,1865,209,328,171,186
2021,Huntingdonshire 007,E02003759,4977,3008,2926,2421,638,1783,61,10,51,444,189,255,82,72,47,44,39,5,0,0,0,3,3,0,25,1897,1428,139,140,98,92
2021,Huntingdonshire 008,E02003760,6941,4610,4391,3920,915,3005,74,18,56,397,148,249,219,183,147,142,108,34,0,0,0,5,2,3,36,2148,815,278,381,375,299
2021,Huntingdonshire 009,E02003761,5055,2947,2873,2481,536,1945,59,11,48,333,143,190,74,85,60,58,48,10,1,1,0,1,1,0,25,2023,1468,128,194,112,121
2021,Huntingdonshire 010,E02003762,9138,5844,5669,4958,1015,3943,105,16,89,606,262,344,175,171,141,136,92,44,0,0,0,5,3,2,30,3123,2083,276,378,212,174
2021,Huntingdonshire 011,E02003763,7880,5124,4961,4334,1003,3331,90,20,70,537,242,295,163,121,96,93,78,15,0,0,0,3,2,1,25,2635,1754,230,284,204,163
2021,Huntingdonshire 012,E02003764,8509,5985,5774,5176,971,4205,73,13,60,525,217,308,211,149,119,106,75,31,4,0,4,9,5,4,30,2375,1302,284,314,258,217
2021,Huntingdonshire 013,E02003765,6044,3568,3442,2988,687,2301,81,24,57,373,174,199,126,92,66,58,46,12,0,0,0,8,8,0,26,2384,1669,172,217,166,160
2021,Huntingdonshire 014,E02003766,6287,4175,4040,3510,735,2775,80,17,63,450,214,236,135,110,95,85,64,21,0,0,0,10,0,10,15,2002,1278,194,223,171,136
2021,Huntingdonshire 015,E02003767,5403,3245,3171,2504,609,1895,126,25,101,541,275,266,74,78,59,58,50,8,0,0,0,1,0,1,19,2080,1434,231,200,114,101
2021,Huntingdonshire 016,E02003768,8325,4845,4736,3888,982,2906,125,28,97,723,337,386,109,103,86,76,62,14,1,0,1,9,4,5,17,3377,2539,237,285,155,161
2021,Huntingdonshire 017,E02003769,6480,3184,3078,2511,623,1888,96,19,77,471,220,251,106,79,63,58,48,10,1,0,1,4,4,0,16,3217,1742,159,177,95,1044
2021,Huntingdonshire 018,E02003770,8448,5545,5378,4581,1042,3539,135,21,114,662,290,372,167,153,113,107,81,26,0,0,0,6,6,0,40,2750,1729,281,374,210,156
2021,Huntingdonshire 019,E02003771,5289,3245,3123,2684,605,2079,64,11,53,375,159,216,122,74,63,61,56,5,0,0,0,2,0,2,11,1970,1270,166,204,189,141
2021,Huntingdonshire 020,E02003772,5686,3358,3257,2765,659,2106,77,17,60,415,161,254,101,103,88,87,75,12,0,0,0,1,0,1,15,2225,1735,135,182,82,91
2021,Huntingdonshire 021,E02003773,8651,5783,5560,4818,1051,3767,103,15,88,639,263,376,223,121,100,99,84,15,0,0,0,1,0,1,21,2747,1660,258,333,277,219
2021,Huntingdonshire 022,E02003774,4750,2872,2778,2387,556,1831,53,10,43,338,140,198,94,50,44,43,36,7,1,0,1,0,0,0,6,1828,1232,147,153,178,118
2021,South Cambridgeshire 001,E02003775,5855,3708,3602,2950,769,2181,103,21,82,549,252,297,106,95,75,71,59,12,0,0,0,4,4,0,20,2052,1383,231,204,132,102
2021,South Cambridgeshire 002,E02003776,5571,3425,3361,2726,699,2027,77,19,58,558,257,301,64,73,56,49,43,6,2,0,2,5,5,0,17,2073,1394,270,178,137,94
2021,South Cambridgeshire 003,E02003777,7714,5317,5164,4420,927,3493,95,22,73,649,291,358,153,120,87,76,60,16,1,1,0,10,10,0,33,2277,1339,363,288,138,149
2021,South Cambridgeshire 004,E02003778,5285,3535,3452,2932,610,2322,78,17,61,442,217,225,83,77,65,59,46,13,1,0,1,5,4,1,12,1673,1045,150,184,129,165
2021,South Cambridgeshire 006,E02003780,9236,5956,5758,4921,1096,3825,132,32,100,705,341,364,198,177,150,142,107,35,0,0,0,8,5,3,27,3103,1925,394,333,281,170
2021,South Cambridgeshire 007,E02003781,5137,3419,3322,2836,588,2248,72,14,58,414,208,206,97,69,60,54,37,17,0,0,0,6,6,0,9,1649,1057,180,190,91,131
2021,South Cambridgeshire 010,E02003784,7270,4524,4397,3627,871,2756,111,26,85,659,323,336,127,133,111,101,83,18,0,0,0,10,9,1,22,2613,1754,339,275,116,129
2021,South Cambridgeshire 011,E02003785,7256,4700,4536,3889,831,3058,101,20,81,546,249,297,164,97,72,70,47,23,1,0,1,1,0,1,25,2459,1566,305,298,149,141
2021,South Cambridgeshire 012,E02003786,5364,3179,3095,2587,520,2067,79,11,68,429,230,199,84,50,37,36,26,10,0,0,0,1,1,0,13,2135,1505,245,208,93,84
2021,South Cambridgeshire 013,E02003787,6343,3795,3610,2832,778,2054,124,22,102,654,324,330,185,71,56,54,49,5,0,0,0,2,2,0,15,2477,1839,179,252,110,97
2021,South Cambridgeshire 014,E02003788,6444,4127,4018,3310,708,2602,147,29,118,561,268,293,109,103,86,84,67,17,0,0,0,2,2,0,17,2214,1522,263,242,105,82
2021,South Cambridgeshire 015,E02003789,5851,3529,3403,2933,687,2246,58,14,44,412,197,215,126,71,55,52,41,11,1,0,1,2,2,0,16,2251,1523,193,206,199,130
2021,South Cambridgeshire 016,E02003790,7745,4631,4519,3633,929,2704,134,26,108,752,353,399,112,118,97,92,75,17,0,0,0,5,5,0,21,2996,2147,312,277,145,115
2021,South Cambridgeshire 017,E02003791,6675,4247,4151,3397,809,2588,116,24,92,638,307,331,96,91,75,66,48,18,2,0,2,7,4,3,16,2337,1601,218,263,123,132
2021,South Cambridgeshire 018,E02003792,8024,4822,4706,3795,955,2840,152,35,117,759,380,379,116,99,76,69,56,13,1,0,1,6,5,1,23,3103,2144,300,301,213,145
2021,South Cambridgeshire 019,E02003793,5871,3613,3537,2837,738,2099,109,31,78,591,266,325,76,96,73,68,57,11,1,1,0,4,2,2,23,2162,1368,215,234,196,149
2021,Cheshire West and Chester 022,E02003794,7149,4160,4041,3341,800,2541,105,35,70,595,259,336,119,120,90,83,74,9,1,0,1,6,6,0,30,2869,1971,274,263,244,117
2021,Cheshire West and Chester 025,E02003795,5359,3044,2954,2409,720,1689,131,30,101,414,176,238,90,71,59,57,46,11,0,0,0,2,2,0,12,2244,1493,206,178,184,183
2021,Cheshire West and Chester 027,E02003796,5974,3166,3031,2614,777,1837,60,13,47,357,171,186,135,73,54,51,43,8,0,0,0,3,1,2,19,2735,1788,220,261,291,175
2021,Cheshire West and Chester 028,E02003797,8346,5015,4813,4113,1001,3112,134,30,104,566,267,299,202,211,172,160,136,24,4,4,0,8,8,0,39,3120,2075,364,273,246,162
2021,Cheshire West and Chester 029,E02003798,4892,2763,2569,2280,789,1491,31,9,22,258,114,144,194,93,65,65,61,4,0,0,0,0,0,0,28,2036,915,240,284,405,192
2021,Cheshire West and Chester 031,E02003799,5801,3275,3052,2712,862,1850,48,18,30,292,125,167,223,102,77,74,64,10,0,0,0,3,3,0,25,2424,1178,208,341,458,239
2021,Cheshire West and Chester 030,E02003800,5864,3311,3214,2574,669,1905,138,29,109,502,246,256,97,73,59,54,45,9,1,1,0,4,3,1,14,2480,1928,208,190,92,62
2021,Cheshire West and Chester 032,E02003801,5770,3419,3313,2826,753,2073,84,17,67,403,163,240,106,106,75,71,66,5,0,0,0,4,4,0,31,2245,1512,212,231,172,118
2021,Cheshire West and Chester 033,E02003802,7833,4641,4435,3883,797,3086,107,30,77,445,185,260,206,404,306,289,230,59,0,0,0,17,17,0,98,2788,1383,576,179,404,246
2021,Cheshire West and Chester 034,E02003803,9641,4235,4008,3405,741,2664,78,22,56,525,210,315,227,1265,900,867,776,91,1,0,1,32,26,6,365,4141,1200,2287,161,275,218
2021,Cheshire West and Chester 036,E02003804,5796,3760,3592,3064,673,2391,80,20,60,448,202,246,168,98,77,77,65,12,0,0,0,0,0,0,21,1938,1194,196,164,192,192
2021,Cheshire West and Chester 039,E02003805,5247,2890,2808,2273,624,1649,104,24,80,431,214,217,82,67,49,45,42,3,1,1,0,3,3,0,18,2290,1713,239,175,79,84
2021,Cheshire West and Chester 041,E02003806,6540,4111,3998,3414,802,2612,105,16,89,479,205,274,113,106,84,83,69,14,1,0,1,0,0,0,22,2323,1666,281,187,102,87
2021,Cheshire West and Chester 043,E02003807,7551,3947,3766,3104,788,2316,115,20,95,547,281,266,181,102,65,61,52,9,0,0,0,4,4,0,37,3502,2371,447,291,162,231
2021,Cheshire West and Chester 044,E02003808,5159,3170,2997,2631,725,1906,59,11,48,307,151,156,173,92,71,69,58,11,0,0,0,2,1,1,21,1897,931,209,269,318,170
2021,Cheshire West and Chester 046,E02003809,6923,3978,3874,2949,775,2174,212,50,162,713,319,394,104,95,72,66,59,7,0,0,0,6,5,1,23,2850,2079,274,231,130,136
2021,Cheshire West and Chester 047,E02003810,8074,4719,4586,3478,960,2518,243,62,181,865,406,459,133,152,120,114,96,18,0,0,0,6,5,1,32,3203,2191,271,278,287,176
2021,Cheshire East 022,E02003811,6287,3679,3591,2704,685,2019,199,42,157,688,325,363,88,90,74,70,64,6,0,0,0,4,3,1,16,2518,1841,239,230,108,100
2021,Cheshire East 023,E02003812,5459,2949,2874,2353,559,1794,82,18,64,439,220,219,75,93,79,78,66,12,0,0,0,1,1,0,14,2417,1800,198,173,149,97
2021,Cheshire East 024,E02003813,5234,2970,2847,2459,586,1873,48,11,37,340,149,191,123,82,68,66,56,10,0,0,0,2,1,1,14,2182,1535,138,152,247,110
2021,Cheshire East 025,E02003814,6703,4448,4304,3776,880,2896,95,21,74,433,193,240,144,123,117,112,94,18,0,0,0,5,4,1,6,2132,1262,228,262,222,158
2021,Cheshire East 026,E02003815,5971,3469,3324,2801,752,2049,64,13,51,459,195,264,145,65,51,48,41,7,0,0,0,3,3,0,14,2437,1385,209,273,380,190
2021,Cheshire East 027,E02003816,6344,3831,3697,3146,807,2339,89,23,66,462,196,266,134,82,61,56,47,9,0,0,0,5,3,2,21,2431,1636,183,171,289,152
2021,Cheshire East 028,E02003817,6419,3641,3548,2923,752,2171,93,20,73,532,222,310,93,80,68,66,54,12,0,0,0,2,1,1,12,2698,2041,204,185,164,104
2021,Cheshire East 029,E02003818,4868,2779,2716,2170,545,1625,109,32,77,437,215,222,63,57,42,38,33,5,0,0,0,4,4,0,15,2032,1666,132,112,43,79
2021,Cheshire East 030,E02003819,5573,3037,2956,2549,637,1912,78,18,60,329,154,175,81,65,57,56,44,12,1,0,1,0,0,0,8,2471,1905,180,135,159,92
2021,Cheshire East 031,E02003820,7752,5351,5207,4524,1001,3523,120,20,100,563,238,325,144,112,101,98,77,21,1,0,1,2,1,1,11,2289,1450,298,251,197,93
2021,Cheshire East 032,E02003821,4753,2663,2573,2153,542,1611,77,12,65,343,164,179,90,55,40,40,33,7,0,0,0,0,0,0,15,2035,1507,132,138,178,80
2021,Cheshire East 033,E02003822,9813,5653,5513,4383,1100,3283,213,53,160,917,392,525,140,123,101,93,76,17,1,0,1,7,7,0,22,4037,3014,266,311,272,174
2021,Cheshire East 040,E02003823,5717,2951,2844,2400,627,1773,74,15,59,370,179,191,107,93,71,69,63,6,1,0,1,1,1,0,22,2673,1977,168,181,212,135
2021,Cheshire East 042,E02003824,5243,3101,3028,2563,569,1994,93,20,73,372,170,202,73,99,83,77,66,11,0,0,0,6,5,1,16,2043,1481,192,154,133,83
2021,Cheshire East 034,E02003825,5194,3618,3506,3153,755,2398,51,8,43,302,132,170,112,131,111,111,89,22,0,0,0,0,0,0,20,1445,921,143,175,103,103
2021,Cheshire East 035,E02003826,6899,4258,4002,3556,917,2639,61,19,42,385,155,230,256,126,75,73,65,8,0,0,0,2,2,0,51,2515,1224,266,312,488,225
2021,Cheshire East 036,E02003827,7544,4602,4303,3893,958,2935,78,23,55,332,127,205,299,104,87,85,65,20,0,0,0,2,1,1,17,2838,1356,270,468,438,306
2021,Cheshire East 037,E02003828,5034,3079,2929,2639,702,1937,42,10,32,248,104,144,150,64,48,46,35,11,0,0,0,2,1,1,16,1891,972,190,278,280,171
2021,Cheshire East 038,E02003829,4886,2694,2601,2324,481,1843,43,6,37,234,112,122,93,53,49,48,39,9,0,0,0,1,0,1,4,2139,1569,162,122,165,121
2021,Cheshire East 039,E02003830,6402,4073,3803,3403,782,2621,69,16,53,331,149,182,270,109,84,80,62,18,1,0,1,3,1,2,25,2220,921,240,333,452,274
2021,Cheshire East 041,E02003831,8490,5070,4935,4124,994,3130,170,33,137,641,255,386,135,154,133,126,110,16,1,1,0,6,5,1,21,3266,2425,255,222,191,173
2021,Cheshire East 043,E02003832,5482,3697,3469,3128,626,2502,66,21,45,275,111,164,228,120,103,100,52,48,0,0,0,3,0,3,17,1665,693,184,227,218,343
2021,Cheshire East 044,E02003833,5127,3132,3034,2665,641,2024,48,12,36,321,128,193,98,109,74,66,59,7,0,0,0,8,5,3,35,1886,1177,174,197,206,132
2021,Cheshire East 045,E02003834,5725,3822,3651,3270,774,2496,78,11,67,303,117,186,171,118,101,95,61,34,0,0,0,6,6,0,17,1785,899,214,241,214,217
2021,Cheshire East 046,E02003835,7093,3892,3806,3255,803,2452,96,13,83,455,225,230,86,129,108,101,88,13,0,0,0,7,4,3,21,3072,2540,164,175,108,85
2021,Cheshire East 047,E02003836,6047,3186,3053,2596,692,1904,87,24,63,370,184,186,133,85,64,64,49,15,0,0,0,0,0,0,21,2776,2049,164,200,242,121
2021,Cheshire East 048,E02003838,6695,4123,4014,3440,812,2628,99,17,82,475,227,248,109,97,81,81,68,13,0,0,0,0,0,0,16,2475,1790,190,201,178,116
2021,Cheshire East 050,E02003839,6060,3181,3061,2531,692,1839,87,19,68,443,208,235,120,82,70,67,58,9,0,0,0,3,2,1,12,2797,1987,159,192,338,121
2021,Cheshire East 051,E02003840,9210,4969,4846,3510,956,2554,275,42,233,1061,493,568,123,132,114,109,96,13,0,0,0,5,4,1,18,4109,3042,310,369,251,137
2021,Cheshire West and Chester 001,E02003841,6701,3375,3198,2654,789,1865,95,17,78,449,234,215,177,89,69,66,54,12,0,0,0,3,3,0,20,3237,2215,353,256,262,151
2021,Cheshire West and Chester 004,E02003842,4849,2454,2394,1871,479,1392,114,16,98,409,185,224,60,53,42,41,36,5,0,0,0,1,0,1,11,2342,1866,145,138,104,89
2021,Cheshire West and Chester 005,E02003843,5392,3055,2885,2581,712,1869,47,14,33,257,104,153,170,71,56,55,48,7,1,1,0,0,0,0,15,2266,1386,174,174,384,148
2021,Cheshire West and Chester 006,E02003844,5683,2876,2798,2339,666,1673,74,12,62,385,170,215,78,106,88,82,69,13,0,0,0,6,6,0,18,2701,1984,257,176,177,107
2021,Cheshire West and Chester 007,E02003845,8655,5507,5180,4675,1207,3468,72,13,59,433,179,254,327,165,135,127,102,25,0,0,0,8,8,0,30,2983,1118,306,551,665,343
2021,Cheshire West and Chester 008,E02003846,5305,3144,2948,2613,807,1806,49,8,41,286,133,153,196,109,89,87,78,9,0,0,0,2,1,1,20,2052,936,199,327,415,175
2021,Cheshire West and Chester 009,E02003847,8276,5112,4976,4417,1061,3356,85,15,70,474,196,278,136,145,102,100,85,15,0,0,0,2,1,1,43,3019,2275,287,210,136,111
2021,Cheshire West and Chester 010,E02003848,4249,2479,2368,2128,639,1489,50,8,42,190,86,104,111,82,71,70,54,16,0,0,0,1,0,1,11,1688,860,179,212,294,143
2021,Cheshire West and Chester 011,E02003849,6584,3879,3652,3271,970,2301,51,16,35,330,155,175,227,132,115,112,87,25,0,0,0,3,2,1,17,2573,1010,295,376,646,246
2021,Cheshire West and Chester 013,E02003850,4255,2412,2319,2097,595,1502,34,10,24,188,75,113,93,63,47,45,37,8,0,0,0,2,2,0,16,1780,1250,131,135,174,90
2021,Cheshire West and Chester 014,E02003851,4872,2850,2770,2453,593,1860,57,9,48,260,101,159,80,106,83,80,70,10,0,0,0,3,1,2,23,1916,1424,136,144,133,79
2021,Cheshire West and Chester 016,E02003852,5491,3167,3069,2747,725,2022,49,11,38,273,105,168,98,95,85,84,72,12,0,0,0,1,1,0,10,2229,1697,185,135,128,84
2021,Cheshire East 001,E02003853,5145,3058,2969,2385,598,1787,125,24,101,459,223,236,89,68,51,46,40,6,2,2,0,3,1,2,17,2019,1551,139,126,117,86
2021,Cheshire East 002,E02003854,5265,2947,2866,2382,676,1706,81,13,68,403,199,204,81,99,86,84,73,11,0,0,0,2,2,0,13,2219,1703,160,152,118,86
2021,Cheshire East 003,E02003855,5404,2805,2733,2261,648,1613,95,22,73,377,188,189,72,91,73,72,63,9,0,0,0,1,1,0,18,2508,2092,143,122,84,67
2021,Cheshire East 004,E02003856,9284,5792,5524,4575,1191,3384,214,35,179,735,326,409,268,101,78,75,57,18,0,0,0,3,3,0,23,3391,1987,353,409,403,239
2021,Cheshire East 005,E02003857,5438,3468,3340,2724,696,2028,143,32,111,473,222,251,128,88,77,71,55,16,1,0,1,5,4,1,11,1882,1160,237,253,106,126
2021,Cheshire East 006,E02003858,5743,3286,3178,2431,551,1880,174,48,126,573,286,287,108,72,59,53,49,4,0,0,0,6,6,0,13,2385,1658,263,254,78,132
2021,Cheshire East 007,E02003859,10508,5837,5684,4088,1080,3008,418,99,319,1178,542,636,153,87,58,54,45,9,0,0,0,4,4,0,29,4584,2968,408,409,406,393
2021,Cheshire East 008,E02003860,5720,3482,3389,2660,714,1946,162,28,134,567,264,303,93,82,68,64,64,0,0,0,0,4,4,0,14,2156,1562,228,210,62,94
2021,Cheshire East 009,E02003861,5193,3002,2866,2336,608,1728,96,15,81,434,188,246,136,80,68,65,57,8,0,0,0,3,3,0,12,2111,1366,179,202,223,141
2021,Cheshire East 011,E02003862,4501,2245,2181,1541,424,1117,204,45,159,436,216,220,64,45,36,33,33,0,1,1,0,2,2,0,9,2211,1637,185,213,82,94
2021,Cheshire East 010,E02003863,5579,3121,3043,2372,565,1807,150,36,114,521,258,263,78,88,68,63,60,3,0,0,0,5,5,0,20,2370,1772,200,216,87,95
2021,Cheshire East 012,E02003864,7341,3955,3845,2878,680,2198,240,46,194,727,355,372,110,81,63,58,52,6,0,0,0,5,5,0,18,3305,2364,271,327,173,170
2021,Cheshire East 013,E02003865,6569,4058,3950,3133,830,2303,118,21,97,699,307,392,108,65,51,48,41,7,0,0,0,3,3,0,14,2446,1779,208,170,167,122
2021,Cheshire East 014,E02003866,5184,3047,2957,2449,655,1794,102,17,85,406,206,200,90,89,79,73,66,7,1,0,1,5,5,0,10,2048,1547,198,164,59,80
2021,Cheshire East 015,E02003867,6168,3739,3611,3056,834,2222,82,15,67,473,246,227,128,93,83,82,72,10,1,1,0,0,0,0,10,2336,1565,278,192,188,113
2021,Cheshire East 016,E02003868,6947,4280,4077,3514,896,2618,76,20,56,487,231,256,203,116,93,87,62,25,0,0,0,6,6,0,23,2551,1674,171,231,311,164
2021,Cheshire East 017,E02003869,6153,3660,3529,2991,733,2258,80,17,63,458,200,258,131,96,78,76,66,10,0,0,0,2,2,0,18,2397,1804,185,116,178,114
2021,Cheshire East 018,E02003870,8938,6097,5803,4936,1120,3816,121,36,85,746,339,407,294,134,100,95,71,24,1,0,1,4,4,0,34,2707,1642,235,219,359,252
2021,Cheshire East 019,E02003871,5601,3216,3074,2608,786,1822,60,22,38,406,173,233,142,86,66,60,51,9,0,0,0,6,4,2,20,2299,1469,169,175,322,164
2021,Cheshire East 020,E02003872,8754,4905,4798,3479,1033,2446,298,62,236,1021,452,569,107,103,81,81,74,7,0,0,0,0,0,0,22,3746,2741,337,291,191,186
2021,Cheshire East 021,E02003873,4985,3105,2944,2534,657,1877,47,10,37,363,177,186,161,69,53,50,41,9,0,0,0,3,3,0,16,1811,936,150,209,346,170
2021,Cheshire West and Chester 002,E02003874,7683,4245,4111,3506,823,2683,109,21,88,496,236,260,134,141,116,111,92,19,0,0,0,5,5,0,25,3297,2432,296,208,230,131
2021,Cheshire West and Chester 003,E02003875,5564,3070,2995,2214,590,1624,184,42,142,597,262,335,75,64,45,40,36,4,1,0,1,4,3,1,19,2430,1850,176,207,111,86
2021,Cheshire West and Chester 012,E02003876,4604,2740,2647,2312,619,1693,38,10,28,297,129,168,93,83,60,57,50,7,1,1,0,2,2,0,23,1781,1200,124,168,177,112
2021,Cheshire West and Chester 015,E02003877,8177,4598,4460,3653,902,2751,146,41,105,661,306,355,138,100,74,68,58,10,0,0,0,6,4,2,26,3479,2678,273,231,149,148
2021,Cheshire West and Chester 017,E02003878,7734,4597,4456,3606,919,2687,161,23,138,689,302,387,141,90,70,69,61,8,0,0,0,1,1,0,20,3047,2218,193,284,206,146
2021,Cheshire West and Chester 018,E02003879,7343,5167,4986,4360,954,3406,84,19,65,542,228,314,181,109,84,80,69,11,1,0,1,3,3,0,25,2067,1084,203,263,318,199
2021,Cheshire West and Chester 019,E02003880,5414,3072,2944,2487,691,1796,66,17,49,391,191,200,128,68,53,53,48,5,0,0,0,0,0,0,15,2274,1531,210,210,207,116
2021,Cheshire West and Chester 020,E02003881,4805,3030,2917,2495,664,1831,45,9,36,377,163,214,113,65,45,44,38,6,0,0,0,1,1,0,20,1710,967,128,181,297,137
2021,Cheshire West and Chester 021,E02003882,7677,4632,4465,3907,1031,2876,69,16,53,489,210,279,167,134,95,91,75,16,0,0,0,4,1,3,39,2911,1653,207,384,473,194
2021,Cheshire West and Chester 023,E02003883,9244,5603,5401,4608,1075,3533,140,35,105,653,315,338,202,183,141,140,124,16,0,0,0,1,1,0,42,3458,2495,386,275,158,144
2021,Cheshire West and Chester 024,E02003884,7395,4090,3976,3211,752,2459,164,36,128,601,268,333,114,102,80,74,63,11,2,0,2,4,3,1,22,3203,2424,236,268,155,120
2021,Cheshire West and Chester 026,E02003885,5316,3162,3074,2525,622,1903,82,13,69,467,196,271,88,69,58,58,52,6,0,0,0,0,0,0,11,2085,1535,159,162,134,95
2021,Cheshire West and Chester 035,E02003886,5242,3232,3086,2781,641,2140,45,11,34,260,103,157,146,87,70,69,61,8,0,0,0,1,0,1,17,1923,1009,182,271,315,146
2021,Cheshire West and Chester 037,E02003887,5636,3624,3486,3028,642,2386,71,9,62,387,177,210,138,72,62,58,49,9,0,0,0,4,4,0,10,1940,1207,192,203,194,144
2021,Cheshire West and Chester 038,E02003888,5300,3152,3000,2668,662,2006,34,5,29,298,142,156,152,60,41,39,31,8,0,0,0,2,1,1,19,2088,1040,150,249,450,199
2021,Cheshire West and Chester 040,E02003889,4941,2745,2601,2273,562,1711,40,9,31,288,128,160,144,77,55,47,39,8,1,0,1,7,5,2,22,2119,962,203,359,376,219
2021,Cheshire West and Chester 042,E02003890,5680,3490,3364,2926,688,2238,65,19,46,373,153,220,126,76,57,53,45,8,1,0,1,3,2,1,19,2114,1165,182,287,295,185
2021,Cheshire West and Chester 045,E02003891,5371,2968,2882,2191,630,1561,141,26,115,550,233,317,86,73,47,45,41,4,0,0,0,2,1,1,26,2330,1745,194,222,78,91
2021,Cornwall 010,E02003892,5751,2973,2866,2063,637,1426,90,20,70,713,349,364,107,51,42,40,30,10,0,0,0,2,2,0,9,2727,2004,176,205,200,142
2021,Cornwall 012,E02003893,5696,3026,2927,1978,661,1317,119,23,96,830,334,496,99,53,44,40,35,5,0,0,0,4,4,0,9,2617,1872,168,213,222,142
2021,Cornwall 013,E02003894,7007,3804,3659,2832,866,1966,125,40,85,702,290,412,145,65,50,44,38,6,0,0,0,6,4,2,15,3138,2133,247,273,350,135
2021,Cornwall 016,E02003895,7737,4393,4237,3347,1019,2328,117,25,92,773,297,476,156,104,88,80,65,15,0,0,0,8,8,0,16,3240,2073,215,364,381,207
2021,Cornwall 017,E02003896,4974,2537,2394,1937,633,1304,53,6,47,404,151,253,143,64,48,45,37,8,0,0,0,3,3,0,16,2373,1466,188,234,352,133
2021,Cornwall 022,E02003897,4533,2570,2532,2008,611,1397,98,23,75,426,193,233,38,70,58,53,46,7,1,0,1,4,4,0,12,1893,1450,163,125,89,66
2021,Cornwall 023,E02003898,5815,3028,2933,2101,640,1461,141,21,120,691,324,367,95,86,70,63,55,8,0,0,0,7,6,1,16,2701,2001,204,211,156,129
2021,Cornwall 025,E02003899,4393,2221,2128,1803,573,1230,41,9,32,284,123,161,93,43,36,34,34,0,0,0,0,2,1,1,7,2129,1493,142,170,238,86
2021,Cornwall 026,E02003900,5858,3254,3155,2672,786,1886,55,13,42,428,214,214,99,98,74,70,59,11,0,0,0,4,3,1,24,2506,1792,190,199,217,108
2021,Cornwall 028,E02003901,7165,3468,3328,2214,781,1433,165,26,139,949,419,530,140,83,62,56,47,9,0,0,0,6,4,2,21,3614,2593,196,335,326,164
2021,Cornwall 029,E02003902,4412,2439,2345,1993,550,1443,47,10,37,305,121,184,94,58,42,36,27,9,1,1,0,5,5,0,16,1915,1239,163,155,255,103
2021,Cornwall 034,E02003903,5307,2746,2644,1990,657,1333,97,30,67,557,308,249,102,67,53,46,36,10,0,0,0,7,4,3,14,2494,1847,174,204,178,91
2021,Cornwall 037,E02003904,4489,2161,2059,1374,486,888,129,31,98,556,281,275,102,62,50,48,42,6,1,0,1,1,1,0,12,2266,1717,105,153,179,112
2021,Cornwall 032,E02003905,5828,3509,3409,2520,765,1755,157,32,125,732,310,422,100,97,85,81,67,14,0,0,0,4,4,0,12,2222,1394,255,234,186,153
2021,Cornwall 033,E02003906,5295,2940,2836,2039,691,1348,145,40,105,652,298,354,104,75,64,61,49,12,0,0,0,3,2,1,11,2280,1555,200,201,196,128
2021,Cornwall 040,E02003907,6919,3980,3854,2794,864,1930,170,38,132,890,402,488,126,104,91,85,75,10,0,0,0,6,6,0,13,2835,1969,241,228,243,154
2021,Cornwall 042,E02003908,6964,3868,3715,3023,964,2059,129,28,101,563,222,341,153,142,88,86,76,10,0,0,0,2,1,1,54,2954,1840,341,288,314,171
2021,Cornwall 043,E02003909,8954,5095,4911,4176,1201,2975,108,23,85,627,273,354,184,197,147,137,113,24,0,0,0,10,8,2,50,3662,2198,528,306,427,203
2021,Cornwall 044,E02003910,5852,3393,3256,2723,764,1959,83,22,61,450,208,242,137,105,82,79,68,11,0,0,0,3,3,0,23,2354,1566,238,176,224,150
2021,Cornwall 047,E02003911,7690,4042,3963,2950,955,1995,176,36,140,837,345,492,79,131,87,81,67,14,1,0,1,5,4,1,44,3517,2586,279,311,183,158
2021,Cornwall 048,E02003912,7033,3821,3735,2611,798,1813,191,26,165,933,419,514,86,104,80,72,64,8,1,1,0,7,4,3,24,3108,2304,231,226,187,160
2021,Cornwall 056,E02003913,5111,2439,2372,1752,610,1142,122,28,94,498,243,255,67,62,46,43,36,7,0,0,0,3,2,1,16,2610,1965,179,194,174,98
2021,Cornwall 060,E02003914,7228,3729,3530,2824,891,1933,80,14,66,626,282,344,199,412,279,249,209,40,0,0,0,30,24,6,133,3087,1212,1188,245,283,159
2021,Cornwall 062,E02003915,7218,3229,3026,2390,791,1599,81,24,57,555,282,273,203,529,361,320,295,25,5,4,1,36,30,6,168,3460,1308,1198,312,393,249
2021,Cornwall 063,E02003916,6481,2597,2461,1785,569,1216,110,34,76,566,292,274,136,652,426,357,339,18,4,4,0,65,60,5,226,3232,1570,1302,123,132,105
2021,Cornwall 064,E02003917,6865,4006,3863,3135,1047,2088,104,20,84,624,290,334,143,163,126,111,97,14,0,0,0,15,15,0,37,2696,1860,306,239,165,126
2021,Cornwall 045,E02003918,6047,3309,3199,2550,813,1737,90,20,70,559,232,327,110,103,86,83,73,10,0,0,0,3,3,0,17,2635,1817,158,241,294,125
2021,Cornwall 046,E02003919,6023,3490,3329,2733,868,1865,103,20,83,493,183,310,161,89,61,54,47,7,0,0,0,7,4,3,28,2444,1341,183,288,448,184
2021,Cornwall 049,E02003920,6750,4085,3949,3273,954,2319,87,20,67,589,238,351,136,104,88,87,75,12,0,0,0,1,0,1,16,2561,1604,228,268,297,164
2021,Cornwall 050,E02003921,5262,2976,2890,2224,717,1507,93,17,76,573,247,326,86,64,50,47,40,7,1,0,1,2,2,0,14,2222,1498,179,213,197,135
2021,Cornwall 051,E02003922,7274,4264,4071,3405,1068,2337,94,24,70,572,246,326,193,113,96,93,83,10,0,0,0,3,1,2,17,2897,1658,232,371,424,212
2021,Cornwall 052,E02003923,7529,4464,4261,3676,1078,2598,69,21,48,516,187,329,203,97,82,80,65,15,1,0,1,1,0,1,15,2968,1520,242,397,576,233
2021,Cornwall 053,E02003924,6215,3068,2944,2427,814,1613,69,14,55,448,186,262,124,97,74,73,60,13,0,0,0,1,1,0,23,3050,1919,175,293,475,188
2021,Cornwall 055,E02003925,5890,3170,3029,2510,809,1701,46,8,38,473,209,264,141,75,59,54,44,10,0,0,0,5,5,0,16,2645,1555,208,362,378,142
2021,Cornwall 059,E02003926,6961,4151,4034,2931,958,1973,173,25,148,930,440,490,117,83,65,59,51,8,2,0,2,4,4,0,18,2727,1854,224,273,196,180
2021,Cornwall 066,E02003927,9196,4179,4045,2891,920,1971,161,50,111,993,498,495,134,332,196,176,162,14,0,0,0,20,16,4,136,4685,2698,1294,350,202,141
2021,Cornwall 071,E02003928,9687,5815,5598,4723,1526,3197,113,28,85,762,336,426,217,204,160,147,121,26,2,1,1,11,9,2,44,3668,2424,301,387,342,214
2021,Cornwall 072,E02003929,5916,3009,2903,2109,705,1404,112,26,86,682,327,355,106,87,76,71,59,12,1,1,0,4,3,1,11,2820,2088,157,249,206,120
2021,Cornwall 073,E02003930,7582,3811,3662,2415,898,1517,184,34,150,1063,484,579,149,106,76,71,60,11,0,0,0,5,4,1,30,3665,2655,270,311,285,144
2021,Cornwall 001,E02003931,8790,4418,4183,3069,1153,1916,143,29,114,971,443,528,235,93,69,64,59,5,0,0,0,5,4,1,24,4279,2990,265,352,464,208
2021,Cornwall 002,E02003932,6207,3345,3242,2018,739,1279,192,37,155,1032,425,607,103,60,50,43,38,5,0,0,0,7,7,0,10,2802,1980,141,335,199,147
2021,Cornwall 003,E02003933,6008,3189,3057,1942,754,1188,160,40,120,955,416,539,132,57,45,42,34,8,0,0,0,3,2,1,12,2762,2019,149,234,209,151
2021,Cornwall 004,E02003934,5957,3223,3063,2032,760,1272,174,40,134,857,352,505,160,72,53,46,40,6,0,0,0,7,5,2,19,2662,1806,177,275,250,154
2021,Cornwall 005,E02003935,8241,4718,4545,3748,1095,2653,129,27,102,668,268,400,173,113,95,88,73,15,1,0,1,6,3,3,18,3410,1955,299,383,511,262
2021,Cornwall 006,E02003936,7234,3791,3683,2510,765,1745,163,30,133,1010,407,603,108,81,57,52,42,10,0,0,0,5,5,0,24,3362,2438,244,262,281,137
2021,Cornwall 007,E02003937,4475,2394,2323,1406,513,893,168,37,131,749,363,386,71,72,58,54,47,7,0,0,0,4,3,1,14,2009,1463,138,170,121,117
2021,Cornwall 008,E02003938,5581,3157,3052,2180,742,1438,149,39,110,723,282,441,105,64,48,47,40,7,0,0,0,1,1,0,16,2360,1590,178,252,202,138
2021,Cornwall 009,E02003939,5748,3063,2954,2243,682,1561,143,34,109,568,242,326,109,101,75,71,59,12,1,1,0,3,0,3,26,2584,1874,172,182,238,118
2021,Cornwall 011,E02003940,5508,3002,2903,1994,669,1325,157,40,117,752,373,379,99,56,39,39,31,8,0,0,0,0,0,0,17,2450,1754,165,204,189,138
2021,Cornwall 014,E02003941,7283,4220,4061,3439,1020,2419,115,29,86,507,196,311,159,79,62,59,45,14,0,0,0,3,2,1,17,2984,1760,290,290,371,273
2021,Cornwall 015,E02003942,6360,3614,3410,2902,868,2034,70,17,53,438,166,272,204,104,86,82,71,11,1,1,0,3,3,0,18,2642,1399,201,372,458,212
2021,Cornwall 054,E02003943,5911,3022,2875,2036,786,1250,133,47,86,706,352,354,147,53,43,40,35,5,1,1,0,2,2,0,10,2836,1835,200,280,300,221
2021,Cornwall 057,E02003944,8541,4627,4392,3425,1175,2250,147,41,106,820,360,460,235,123,96,95,73,22,1,0,1,0,0,0,27,3791,2488,308,351,433,211
2021,Cornwall 058,E02003945,5164,2546,2446,1698,664,1034,112,31,81,636,291,345,100,71,48,39,32,7,1,0,1,8,6,2,23,2547,1888,164,180,174,141
2021,Cornwall 061,E02003946,7870,4260,4106,2959,1040,1919,172,49,123,975,460,515,154,116,86,82,74,8,1,1,0,3,1,2,30,3494,2423,232,324,325,190
2021,Cornwall 065,E02003947,5607,2929,2842,1880,755,1125,151,28,123,811,386,425,87,68,57,52,46,6,0,0,0,5,4,1,11,2610,1760,174,227,314,135
2021,Cornwall 067,E02003948,6972,3436,3232,2577,963,1614,72,13,59,583,252,331,204,109,88,83,68,15,0,0,0,5,5,0,21,3427,2037,260,349,565,216
2021,Cornwall 068,E02003949,5703,2915,2692,2014,727,1287,93,29,64,585,287,298,223,71,43,39,29,10,0,0,0,4,4,0,28,2717,1621,211,249,393,243
2021,Cornwall 069,E02003950,4610,2396,2313,1520,592,928,107,30,77,686,328,358,83,46,32,30,25,5,0,0,0,2,0,2,14,2168,1489,218,164,200,97
2021,Cornwall 070,E02003951,5020,2442,2328,1618,645,973,79,15,64,631,277,354,114,76,61,57,52,5,0,0,0,4,3,1,15,2502,1806,137,192,232,135
2021,Cornwall 018,E02003952,7844,4872,4680,3705,1104,2601,166,36,130,809,307,502,192,106,79,75,58,17,1,1,0,3,2,1,27,2866,1786,275,311,292,202
2021,Cornwall 019,E02003953,8809,5186,4982,3801,1204,2597,175,40,135,1006,433,573,204,131,110,103,87,16,1,1,0,6,5,1,21,3492,2186,253,409,371,273
2021,Cornwall 020,E02003954,6628,3874,3649,2653,830,1823,137,35,102,859,337,522,225,108,90,84,66,18,0,0,0,6,6,0,18,2646,1526,241,223,344,312
2021,Cornwall 021,E02003955,8414,4890,4646,3646,1246,2400,162,46,116,838,347,491,244,112,84,78,70,8,1,0,1,5,4,1,28,3412,2141,298,332,353,288
2021,Cornwall 024,E02003956,6336,3738,3587,2866,839,2027,102,20,82,619,230,389,151,86,72,71,59,12,1,1,0,0,0,0,14,2512,1488,195,314,324,191
2021,Cornwall 027,E02003957,9130,5055,4848,3681,1135,2546,169,47,122,998,417,581,207,146,107,100,85,15,0,0,0,7,7,0,39,3929,2490,324,452,436,227
2021,Cornwall 030,E02003958,6708,3846,3695,2929,892,2037,101,21,80,665,276,389,151,98,55,53,48,5,0,0,0,2,2,0,43,2764,1686,231,326,332,189
2021,Cornwall 031,E02003959,5648,3213,3076,2494,839,1655,79,21,58,503,230,273,137,97,78,76,64,12,1,0,1,1,1,0,19,2338,1485,197,255,278,123
2021,Cornwall 035,E02003960,4980,2431,2343,1703,627,1076,120,35,85,520,254,266,88,56,44,44,38,6,0,0,0,0,0,0,12,2493,1861,159,161,175,137
2021,Cornwall 036,E02003961,8006,4390,4244,3522,1135,2387,133,34,99,589,256,333,146,127,104,99,84,15,0,0,0,5,3,2,23,3489,2529,243,285,291,141
2021,Cornwall 038,E02003962,5974,3347,3171,2619,823,1796,78,14,64,474,173,301,176,84,66,60,50,10,0,0,0,6,5,1,18,2543,1552,193,259,357,182
2021,Cornwall 039,E02003963,8274,4250,4029,3328,1099,2229,106,32,74,595,220,375,221,132,96,92,75,17,0,0,0,4,4,0,36,3892,2320,277,411,610,274
2021,Cornwall 041,E02003964,6972,3480,3350,2349,782,1567,187,48,139,814,374,440,130,73,56,52,44,8,0,0,0,4,3,1,17,3419,2625,199,252,190,153
2021,Allerdale 001,E02003965,9309,5048,4871,4015,1199,2816,158,25,133,698,294,404,177,120,95,89,67,22,0,0,0,6,5,1,25,4141,2901,250,312,469,209
2021,Allerdale 002,E02003966,6029,3501,3422,2363,764,1599,208,41,167,851,321,530,79,67,53,50,40,10,0,0,0,3,1,2,14,2461,1833,171,206,139,112
2021,Allerdale 003,E02003967,6737,3824,3700,2830,875,1955,169,33,136,701,272,429,124,50,42,38,27,11,0,0,0,4,4,0,8,2863,1908,198,273,328,156
2021,Allerdale 004,E02003968,7457,4175,4032,3484,952,2532,117,22,95,431,164,267,143,92,76,73,57,16,1,0,1,2,2,0,16,3190,2134,227,244,378,207
2021,Allerdale 005,E02003969,5252,2879,2739,2431,779,1652,45,12,33,263,116,147,140,60,53,52,41,11,0,0,0,1,1,0,7,2313,1203,143,318,461,188
2021,Allerdale 006,E02003970,6946,3994,3895,3183,862,2321,129,33,96,583,264,319,99,80,65,61,51,10,0,0,0,4,3,1,15,2872,2139,212,194,200,127
2021,Allerdale 007,E02003971,6617,3569,3472,2785,840,1945,147,36,111,540,244,296,97,72,54,49,36,13,1,1,0,4,3,1,18,2976,2285,215,178,167,131
2021,Allerdale 008,E02003972,7464,4352,4166,3726,1002,2724,88,24,64,352,150,202,186,68,54,54,41,13,0,0,0,0,0,0,14,3044,1987,213,270,374,200
2021,Allerdale 009,E02003973,6972,3816,3575,3285,1055,2230,41,14,27,249,118,131,241,89,68,64,49,15,0,0,0,4,3,1,21,3067,1479,208,421,616,343
2021,Allerdale 010,E02003974,6222,3454,3310,3007,935,2072,52,15,37,251,109,142,144,56,42,37,30,7,3,0,3,2,2,0,14,2712,1664,171,248,423,206
2021,Allerdale 011,E02003975,6011,3516,3424,3020,771,2249,77,9,68,327,130,197,92,80,67,64,55,9,0,0,0,3,3,0,13,2415,1855,165,128,169,98
2021,Allerdale 012,E02003976,5501,2977,2904,2092,694,1398,153,35,118,659,285,374,73,82,61,60,45,15,0,0,0,1,0,1,21,2442,1883,139,123,114,183
2021,Barrow-in-Furness 001,E02003977,5222,3225,3130,2743,760,1983,70,15,55,317,126,191,95,91,70,69,52,17,1,1,0,0,0,0,21,1906,1352,123,156,175,100
2021,Barrow-in-Furness 002,E02003978,4869,2827,2735,2409,645,1764,59,14,45,267,108,159,92,78,52,51,41,10,0,0,0,1,0,1,26,1964,1352,142,148,203,119
2021,Barrow-in-Furness 003,E02003979,6692,3454,3398,3042,720,2322,83,22,61,273,114,159,56,91,70,66,51,15,1,1,0,3,1,2,21,3147,2547,148,152,189,111
2021,Barrow-in-Furness 004,E02003980,5390,2939,2754,2486,817,1669,51,18,33,217,88,129,185,78,56,56,38,18,0,0,0,0,0,0,22,2373,1137,157,331,532,216
2021,Barrow-in-Furness 005,E02003981,5396,3459,3340,3020,756,2264,40,12,28,280,108,172,119,77,66,65,56,9,0,0,0,1,1,0,11,1860,1233,135,157,184,151
2021,Barrow-in-Furness 006,E02003982,6564,3887,3774,3408,862,2546,66,15,51,300,140,160,113,86,67,67,51,16,0,0,0,0,0,0,19,2591,1853,143,228,235,132
2021,Barrow-in-Furness 007,E02003983,5848,3341,3169,2830,849,1981,52,17,35,287,111,176,172,104,78,77,54,23,0,0,0,1,1,0,26,2403,1139,195,321,513,235
2021,Barrow-in-Furness 008,E02003984,5183,2784,2553,2294,755,1539,36,10,26,223,109,114,231,60,48,47,31,16,0,0,0,1,1,0,12,2339,948,188,317,627,259
2021,Barrow-in-Furness 009,E02003985,5589,3102,3010,2768,736,2032,28,7,21,214,90,124,92,88,68,67,53,14,0,0,0,1,1,0,20,2399,1643,125,165,312,154
2021,Barrow-in-Furness 010,E02003986,5082,2842,2700,2449,677,1772,45,7,38,206,73,133,142,82,51,49,41,8,0,0,0,2,1,1,31,2158,1398,109,168,339,144
2021,Carlisle 001,E02003987,5099,3022,2921,2071,656,1415,167,34,133,683,199,484,101,67,54,49,44,5,1,0,1,4,4,0,13,2010,1370,130,179,208,123
2021,Carlisle 002,E02003988,5548,3036,2923,2220,670,1550,121,20,101,582,240,342,113,75,50,46,42,4,0,0,0,4,3,1,25,2437,1772,177,177,204,107
2021,Carlisle 003,E02003989,6311,3578,3481,3076,932,2144,78,19,59,327,129,198,97,99,70,65,56,9,0,0,0,5,3,2,29,2634,1989,166,160,201,118
2021,Carlisle 004,E02003990,9031,5354,5232,4487,1293,3194,162,33,129,583,261,322,122,185,140,129,107,22,2,1,1,9,8,1,45,3492,2594,285,231,234,148
2021,Carlisle 005,E02003991,6400,3676,3623,3026,948,2078,127,30,97,470,188,282,53,112,88,87,70,17,0,0,0,1,0,1,24,2612,2037,149,152,173,101
2021,Carlisle 006,E02003992,7055,4097,3880,3376,913,2463,99,34,65,405,176,229,217,240,184,175,157,18,2,1,1,7,4,3,56,2718,1339,493,161,427,298
2021,Carlisle 007,E02003993,7533,4207,4120,3114,925,2189,224,56,168,782,326,456,87,96,85,85,75,10,0,0,0,0,0,0,11,3230,2531,211,214,145,129
2021,Carlisle 008,E02003994,6043,3596,3425,3071,898,2173,52,9,43,302,120,182,171,101,75,73,60,13,0,0,0,2,0,2,26,2346,1331,198,230,348,239
2021,Carlisle 009,E02003995,8086,4725,4478,4014,1275,2739,66,14,52,398,155,243,247,130,98,92,75,17,1,1,0,5,3,2,32,3231,1721,220,348,654,288
2021,Carlisle 010,E02003996,7953,5150,4962,4441,1261,3180,88,17,71,433,182,251,188,244,152,150,133,17,0,0,0,2,2,0,92,2559,1224,401,248,430,256
2021,Carlisle 011,E02003997,7372,4291,4075,3705,1119,2586,42,16,26,328,135,193,216,132,99,95,78,17,0,0,0,4,4,0,33,2949,1437,255,419,576,262
2021,Carlisle 012,E02003998,5135,2938,2773,2454,823,1631,52,10,42,267,108,159,165,78,56,55,49,6,0,0,0,1,1,0,22,2119,1144,194,276,342,163
2021,Carlisle 013,E02003999,9772,5864,5759,4846,1321,3525,220,49,171,693,265,428,105,167,139,133,110,23,4,1,3,2,2,0,28,3741,2790,278,248,262,163
2021,Copeland 001,E02004000,4323,2411,2287,2001,552,1449,56,11,45,230,109,121,124,50,39,39,25,14,0,0,0,0,0,0,11,1862,1200,115,188,266,93
2021,Copeland 002,E02004001,4502,2446,2313,2095,504,1591,44,11,33,174,65,109,133,56,47,45,34,11,1,1,0,1,1,0,9,2000,1199,138,157,322,184
2021,Copeland 003,E02004002,7983,4635,4515,4167,947,3220,69,11,58,279,101,178,120,113,86,84,66,18,0,0,0,2,2,0,27,3235,2243,232,260,328,172
2021,Copeland 004,E02004003,9690,5525,5310,4719,1191,3528,114,22,92,477,209,268,215,95,73,72,48,24,0,0,0,1,1,0,22,4070,2514,282,382,607,285
2021,Copeland 005,E02004004,7794,4470,4249,3865,1030,2835,66,13,53,318,128,190,221,83,64,63,38,25,0,0,0,1,1,0,19,3241,1746,235,422,571,267
2021,Copeland 006,E02004005,6341,3527,3381,3058,777,2281,69,21,48,254,105,149,146,80,63,61,35,26,1,0,1,1,1,0,17,2734,1748,192,229,373,192
2021,Copeland 007,E02004006,7154,3883,3780,3100,721,2379,139,23,116,541,193,348,103,90,68,66,49,17,0,0,0,2,2,0,22,3181,2470,153,237,193,128
2021,Copeland 008,E02004007,8210,4402,4244,3543,1070,2473,119,22,97,582,229,353,158,76,49,46,32,14,0,0,0,3,3,0,27,3732,2458,196,304,426,348
2021,Eden 001,E02004008,5491,3246,3168,2117,748,1369,174,32,142,877,341,536,78,71,65,64,55,9,0,0,0,1,0,1,6,2174,1579,125,193,160,117
2021,Eden 002,E02004009,5343,3203,3149,2239,666,1573,189,39,150,721,259,462,54,83,74,66,49,17,0,0,0,8,7,1,9,2057,1476,183,180,116,102
2021,Eden 003,E02004010,6452,3999,3823,3314,979,2335,90,24,66,419,164,255,176,88,75,73,58,15,0,0,0,2,2,0,13,2365,1378,183,212,381,211
2021,Eden 004,E02004011,9246,5411,5272,4301,1300,3001,177,32,145,794,332,462,139,124,110,102,83,19,0,0,0,8,4,4,14,3711,2838,230,239,231,173
2021,Eden 005,E02004012,4775,2799,2730,1818,529,1289,151,25,126,761,318,443,69,69,62,57,52,5,0,0,0,5,4,1,7,1907,1445,122,154,83,103
2021,Eden 006,E02004013,8715,5092,4940,3585,1120,2465,234,43,191,1121,419,702,152,107,91,89,79,10,0,0,0,2,2,0,16,3516,2597,247,259,215,198
2021,Eden 007,E02004014,6607,3797,3697,2485,836,1649,191,44,147,1021,368,653,100,92,77,72,64,8,0,0,0,5,5,0,15,2718,2030,144,213,174,157
2021,South Lakeland 001,E02004015,5484,2968,2895,2124,679,1445,180,52,128,591,263,328,73,128,98,94,84,10,0,0,0,4,3,1,30,2388,1670,282,111,148,177
2021,South Lakeland 002,E02004016,6935,4069,3940,2917,903,2014,157,40,117,866,384,482,129,135,116,108,88,20,0,0,0,8,2,6,19,2731,1902,198,214,157,260
2021,South Lakeland 003,E02004017,7473,4569,4470,3668,1174,2494,129,28,101,673,335,338,99,142,128,121,105,16,1,1,0,6,6,0,14,2762,1971,186,174,254,177
2021,South Lakeland 004,E02004018,6918,4236,4081,3358,1066,2292,109,23,86,614,317,297,155,124,111,105,83,22,0,0,0,6,6,0,13,2558,1607,233,185,326,207
2021,South Lakeland 005,E02004019,6651,3794,3722,2856,933,1923,153,28,125,713,272,441,72,114,98,97,87,10,0,0,0,1,0,1,16,2743,2180,161,153,125,124
2021,South Lakeland 006,E02004020,7572,4468,4364,3667,1121,2546,115,40,75,582,268,314,104,155,134,128,117,11,1,0,1,5,1,4,21,2949,2258,192,148,192,159
2021,South Lakeland 007,E02004021,4655,2640,2596,1713,550,1163,152,36,116,731,323,408,44,42,36,35,28,7,0,0,0,1,0,1,6,1973,1517,118,132,93,113
2021,South Lakeland 008,E02004022,4796,2726,2662,1875,534,1341,135,30,105,652,247,405,64,51,42,38,34,4,1,1,0,3,2,1,9,2019,1560,118,155,79,107
2021,South Lakeland 009,E02004023,5250,2718,2646,1826,614,1212,127,42,85,693,284,409,72,72,59,58,51,7,0,0,0,1,0,1,13,2460,1765,354,138,102,101
2021,South Lakeland 010,E02004024,6377,3481,3437,2565,846,1719,188,35,153,684,292,392,44,95,79,77,71,6,0,0,0,2,2,0,16,2801,2271,178,177,101,74
2021,South Lakeland 011,E02004025,6829,3461,3394,2603,844,1759,136,33,103,655,302,353,67,106,81,80,68,12,0,0,0,1,1,0,25,3262,2648,212,169,125,108
2021,South Lakeland 012,E02004026,6836,4046,3906,3294,943,2351,94,25,69,518,238,280,140,92,75,74,58,16,0,0,0,1,1,0,17,2698,1829,197,207,275,190
2021,South Lakeland 013,E02004027,7109,3389,3289,2424,775,1649,160,27,133,705,373,332,100,82,60,60,49,11,0,0,0,0,0,0,22,3638,3023,147,173,146,149
2021,South Lakeland 014,E02004028,6815,3643,3550,2907,833,2074,126,26,100,517,258,259,93,82,62,58,47,11,2,0,2,2,1,1,20,3090,2537,150,161,124,118
2021,Amber Valley 001,E02004029,6073,3560,3416,2988,707,2281,71,17,54,357,159,198,144,86,64,64,54,10,0,0,0,0,0,0,22,2427,1336,182,267,444,198
2021,Amber Valley 002,E02004030,5158,2790,2706,2160,657,1503,92,24,68,454,230,224,84,47,33,29,27,2,1,0,1,3,2,1,14,2321,1821,128,155,141,76
2021,Amber Valley 003,E02004031,5896,3303,3089,2711,692,2019,56,10,46,322,130,192,214,63,52,50,39,11,0,0,0,2,2,0,11,2530,1159,184,421,548,218
2021,Amber Valley 004,E02004032,7172,4114,3973,3421,915,2506,82,18,64,470,181,289,141,108,84,84,66,18,0,0,0,0,0,0,24,2950,2189,156,230,226,149
2021,Amber Valley 005,E02004033,7528,4520,4368,3772,961,2811,78,17,61,518,221,297,152,98,79,74,68,6,0,0,0,5,4,1,19,2910,1867,209,275,359,200
2021,Amber Valley 006,E02004034,5888,3230,3161,2663,741,1922,63,12,51,435,185,250,69,78,67,64,51,13,0,0,0,3,3,0,11,2580,1978,151,189,166,96
2021,Amber Valley 007,E02004035,5569,2988,2906,2251,612,1639,118,14,104,537,226,311,82,81,66,65,58,7,0,0,0,1,1,0,15,2500,1914,198,168,142,78
2021,Amber Valley 008,E02004036,8464,4860,4637,4027,1068,2959,83,21,62,527,200,327,223,109,87,78,64,14,0,0,0,9,4,5,22,3495,2136,268,409,473,209
2021,Amber Valley 009,E02004037,6560,4002,3899,3359,901,2458,68,12,56,472,218,254,103,117,93,87,79,8,0,0,0,6,4,2,24,2441,1764,229,213,132,103
2021,Amber Valley 010,E02004038,6468,3781,3636,3064,826,2238,69,14,55,503,233,270,145,87,76,68,61,7,0,0,0,8,6,2,11,2600,1848,168,192,242,150
2021,Amber Valley 011,E02004039,6501,3893,3802,3229,872,2357,73,18,55,500,236,264,91,108,91,83,74,9,0,0,0,8,7,1,17,2500,1786,197,182,203,132
2021,Amber Valley 012,E02004040,7768,4911,4753,4135,1051,3084,96,18,78,522,196,326,158,79,64,60,53,7,0,0,0,4,2,2,15,2778,1700,246,332,300,200
2021,Amber Valley 013,E02004041,6127,3725,3595,3139,802,2337,62,8,54,394,167,227,130,85,58,58,51,7,0,0,0,0,0,0,27,2317,1402,184,266,280,185
2021,Amber Valley 015,E02004043,6076,3534,3435,2928,754,2174,89,25,64,418,167,251,99,89,73,69,57,12,0,0,0,4,3,1,16,2453,1727,165,206,242,113
2021,Amber Valley 016,E02004044,7351,4260,4141,3341,884,2457,190,39,151,610,289,321,119,160,121,111,102,9,0,0,0,10,9,1,39,2931,2127,311,238,132,123
2021,Bolsover 001,E02004045,8180,4854,4725,4082,1046,3036,114,23,91,529,186,343,129,119,97,95,81,14,0,0,0,2,0,2,22,3207,2202,262,252,333,158
2021,Bolsover 002,E02004046,5189,2897,2814,2412,662,1750,71,10,61,331,128,203,83,71,49,47,38,9,0,0,0,2,2,0,22,2221,1465,139,198,296,123
2021,Bolsover 003,E02004047,4932,2723,2589,2274,606,1668,44,6,38,271,94,177,134,62,44,43,35,8,0,0,0,1,1,0,18,2147,1104,169,322,411,141
2021,Bolsover 004,E02004048,5662,3220,3070,2628,726,1902,71,21,50,371,135,236,150,78,64,59,50,9,0,0,0,5,4,1,14,2364,1244,171,340,441,168
2021,Bolsover 005,E02004049,6715,3646,3556,3074,832,2242,69,12,57,413,147,266,90,99,77,71,63,8,0,0,0,6,6,0,22,2970,2037,166,229,366,172
2021,Bolsover 006,E02004050,6243,3664,3529,3197,791,2406,46,8,38,286,106,180,135,96,87,87,68,19,0,0,0,0,0,0,9,2483,1297,233,324,477,152
2021,Bolsover 007,E02004051,8050,4682,4530,4025,997,3028,85,17,68,420,186,234,152,127,105,102,79,23,0,0,0,3,3,0,22,3241,1769,185,382,626,279
2021,Bolsover 008,E02004052,7200,4352,4218,3652,956,2696,95,15,80,471,208,263,134,119,86,82,67,15,0,0,0,4,2,2,33,2729,1723,212,307,325,162
2021,Bolsover 009,E02004053,6392,3847,3672,3257,760,2497,54,14,40,361,129,232,175,106,87,86,71,15,0,0,0,1,1,0,19,2439,1299,197,316,435,192
2021,Bolsover 010,E02004054,7717,4761,4601,3977,917,3060,94,23,71,530,215,315,160,129,99,97,83,14,0,0,0,2,2,0,30,2827,1831,184,286,337,189
2021,Chesterfield 001,E02004055,5794,3253,3115,2666,781,1885,53,19,34,396,158,238,138,66,46,44,38,6,0,0,0,2,2,0,20,2475,1502,140,264,413,156
2021,Chesterfield 002,E02004056,6280,3533,3344,2956,930,2026,57,12,45,331,145,186,189,122,84,82,71,11,0,0,0,2,1,1,38,2625,1291,220,401,504,209
2021,Chesterfield 003,E02004057,6302,3939,3802,3361,936,2425,63,13,50,378,161,217,137,120,90,85,71,14,1,1,0,4,4,0,30,2243,1106,189,287,444,217
2021,Chesterfield 004,E02004058,6539,3637,3428,2935,888,2047,79,25,54,414,162,252,209,90,65,63,53,10,1,1,0,1,1,0,25,2812,1537,211,321,533,210
2021,Chesterfield 005,E02004059,6164,3437,3347,2933,844,2089,59,15,44,355,139,216,90,81,67,63,54,9,1,0,1,3,3,0,14,2646,1835,170,203,309,129
2021,Chesterfield 006,E02004060,6116,3288,3163,2764,818,1946,51,10,41,348,136,212,125,107,89,86,77,9,1,0,1,2,2,0,18,2721,1699,217,296,372,137
2021,Chesterfield 007,E02004061,6224,3590,3412,2952,845,2107,73,20,53,387,166,221,178,117,74,71,51,20,0,0,0,3,3,0,43,2517,1507,205,217,369,219
2021,Chesterfield 008,E02004062,6470,3447,3294,2826,826,2000,71,20,51,397,168,229,153,99,79,75,67,8,0,0,0,4,2,2,20,2924,1869,205,249,452,149
2021,Chesterfield 009,E02004063,6572,3667,3541,2975,866,2109,80,16,64,486,223,263,126,76,48,48,37,11,0,0,0,0,0,0,28,2829,2130,210,171,213,105
2021,Chesterfield 010,E02004064,7897,5041,4816,4206,1078,3128,91,24,67,519,235,284,225,127,101,100,68,32,0,0,0,1,0,1,26,2729,1245,289,384,500,311
2021,Chesterfield 011,E02004065,6916,3555,3484,2961,872,2089,102,21,81,421,193,228,71,82,53,53,45,8,0,0,0,0,0,0,29,3279,2673,185,184,149,88
2021,Chesterfield 012,E02004066,9587,5638,5438,4737,1318,3419,90,20,70,611,250,361,200,116,86,78,63,15,2,2,0,6,6,0,30,3833,2543,284,363,423,220
2021,Chesterfield 013,E02004067,5149,2592,2417,2141,755,1386,26,9,17,250,99,151,175,67,53,53,39,14,0,0,0,0,0,0,14,2490,1177,182,334,581,216
2021,Derbyshire Dales 001,E02004068,6200,3428,3355,2510,823,1687,156,42,114,689,318,371,73,78,67,66,58,8,0,0,0,1,1,0,11,2694,1998,223,201,129,143
2021,Derbyshire Dales 002,E02004069,5513,2871,2780,2055,670,1385,137,24,113,588,295,293,91,81,65,63,55,8,0,0,0,2,0,2,16,2561,2026,190,170,87,88
2021,Derbyshire Dales 005,E02004072,7989,4325,4195,3433,1041,2392,115,19,96,647,335,312,130,79,66,66,60,6,0,0,0,0,0,0,13,3585,2675,244,233,261,172
2021,Derbyshire Dales 006,E02004073,7519,4039,3881,2968,985,1983,130,39,91,783,346,437,158,65,50,48,44,4,1,0,1,1,1,0,15,3415,2397,242,265,321,190
2021,Derbyshire Dales 007,E02004074,4935,2707,2635,2033,671,1362,67,17,50,535,264,271,72,54,47,46,39,7,0,0,0,1,1,0,7,2174,1583,145,169,167,110
2021,Derbyshire Dales 008,E02004075,6166,3493,3392,2372,731,1641,193,45,148,827,368,459,101,58,44,41,35,6,0,0,0,3,2,1,14,2615,1991,177,224,117,106
2021,Derbyshire Dales 009,E02004076,6127,3669,3562,2995,890,2105,85,19,66,482,209,273,107,101,90,85,71,14,0,0,0,5,4,1,11,2357,1600,206,207,218,126
2021,Derbyshire Dales 010,E02004077,7049,4033,3873,2865,761,2104,219,40,179,789,323,466,160,81,65,61,49,12,0,0,0,4,4,0,16,2935,1883,249,232,129,442
2021,Erewash 001,E02004078,5625,2979,2783,2419,670,1749,36,6,30,328,102,226,196,74,57,47,36,11,0,0,0,10,3,7,17,2572,1247,192,380,545,208
2021,Erewash 003,E02004080,8070,5055,4773,4148,1076,3072,87,27,60,538,217,321,282,103,82,80,59,21,0,0,0,2,1,1,21,2912,1628,218,351,452,263
2021,Erewash 004,E02004081,4900,2693,2605,2146,578,1568,100,18,82,359,165,194,88,75,60,56,52,4,0,0,0,4,4,0,15,2132,1536,139,182,197,78
2021,Erewash 005,E02004082,5188,2852,2795,2322,650,1672,75,12,63,398,142,256,57,87,64,62,58,4,0,0,0,2,1,1,23,2249,1760,123,143,104,119
2021,Erewash 006,E02004083,6751,4354,4176,3635,955,2680,68,14,54,473,143,330,178,121,99,93,80,13,0,0,0,6,2,4,22,2276,1332,232,261,293,158
2021,Erewash 007,E02004084,4861,2744,2618,2312,660,1652,52,18,34,254,87,167,126,79,66,64,53,11,1,0,1,1,0,1,13,2038,1200,153,233,333,119
2021,Erewash 008,E02004085,7317,4269,4137,3498,958,2540,109,21,88,530,227,303,132,126,90,89,74,15,0,0,0,1,1,0,36,2922,1947,250,275,317,133
2021,Erewash 009,E02004086,5976,3402,3279,2798,737,2061,93,19,74,388,175,213,123,87,69,68,55,13,0,0,0,1,0,1,18,2487,1777,208,204,190,108
2021,Erewash 010,E02004087,6293,3957,3780,3311,824,2487,56,11,45,413,173,240,177,80,56,49,42,7,0,0,0,7,7,0,24,2256,1330,194,251,319,162
2021,Erewash 011,E02004088,6395,3818,3710,3228,781,2447,83,20,63,399,168,231,108,110,81,77,72,5,0,0,0,4,4,0,29,2467,1812,257,148,132,118
2021,Erewash 012,E02004089,5679,3698,3505,3162,754,2408,42,9,33,301,135,166,193,82,70,59,47,12,0,0,0,11,9,2,12,1899,891,157,226,408,217
2021,Erewash 013,E02004090,5075,2854,2754,2325,625,1700,89,19,70,340,151,189,100,70,59,52,40,12,0,0,0,7,7,0,11,2151,1559,144,164,164,120
2021,Erewash 014,E02004091,7823,4994,4844,4296,1072,3224,60,11,49,488,212,276,150,111,86,85,71,14,0,0,0,1,0,1,25,2718,1862,222,209,236,189
2021,Erewash 015,E02004092,7701,4608,4429,3910,973,2937,66,10,56,453,182,271,179,101,85,85,70,15,0,0,0,0,0,0,16,2992,1947,237,287,334,187
2021,High Peak 001,E02004093,5230,3350,3204,2705,719,1986,70,17,53,429,203,226,146,66,55,55,46,9,0,0,0,0,0,0,11,1814,1132,197,138,211,136
2021,High Peak 002,E02004094,5562,3368,3172,2737,741,1996,58,9,49,377,162,215,196,75,62,59,49,10,0,0,0,3,3,0,13,2119,1161,219,215,376,148
2021,High Peak 003,E02004095,8506,5295,5046,4219,1036,3183,128,36,92,699,322,377,249,94,81,76,63,13,0,0,0,5,1,4,13,3117,1922,299,286,400,210
2021,High Peak 004,E02004096,8162,4831,4711,3869,976,2893,163,37,126,679,282,397,120,135,108,102,88,14,0,0,0,6,5,1,27,3196,2419,285,195,154,143
2021,High Peak 005,E02004097,6378,3985,3854,3104,804,2300,98,21,77,652,310,342,131,86,72,70,63,7,0,0,0,2,2,0,14,2307,1670,176,162,160,139
2021,High Peak 006,E02004098,6123,3598,3471,2850,810,2040,77,18,59,544,250,294,127,79,57,55,47,8,0,0,0,2,2,0,22,2446,1595,212,214,261,164
2021,High Peak 008,E02004100,6795,4048,3950,3107,927,2180,133,27,106,710,317,393,98,99,86,79,72,7,0,0,0,7,5,2,13,2648,1985,230,172,130,131
2021,High Peak 010,E02004102,6684,3622,3416,2830,843,1987,101,23,78,485,233,252,206,107,83,82,62,20,0,0,0,1,1,0,24,2955,1957,250,180,346,222
2021,High Peak 011,E02004103,5435,3271,3120,2713,865,1848,57,17,40,350,159,191,151,77,62,61,51,10,0,0,0,1,0,1,15,2087,1148,229,233,331,146
2021,High Peak 012,E02004104,5962,3742,3653,3056,917,2139,103,23,80,494,237,257,89,100,89,85,76,9,0,0,0,4,2,2,11,2120,1556,201,146,134,83
2021,North East Derbyshire 001,E02004105,7699,4547,4376,3699,1132,2567,96,20,76,581,224,357,171,122,92,92,76,16,0,0,0,0,0,0,30,3030,2008,207,288,329,198
2021,North East Derbyshire 002,E02004106,5899,3106,3026,2485,793,1692,115,28,87,426,181,245,80,73,55,54,48,6,0,0,0,1,1,0,18,2720,2112,195,155,151,107
2021,North East Derbyshire 004,E02004108,6302,3508,3376,2824,841,1983,88,15,73,464,205,259,132,99,83,78,66,12,2,0,2,3,2,1,16,2695,1758,209,214,322,192
2021,North East Derbyshire 005,E02004109,5713,2878,2812,2242,740,1502,121,21,100,449,207,242,66,96,72,66,60,6,0,0,0,6,4,2,24,2739,2226,164,146,110,93
2021,North East Derbyshire 006,E02004110,6071,3445,3344,2848,824,2024,61,16,45,435,191,244,101,89,76,74,62,12,0,0,0,2,1,1,13,2537,2021,186,165,108,57
2021,North East Derbyshire 007,E02004111,4715,2555,2484,2097,569,1528,72,18,54,315,123,192,71,59,39,38,33,5,0,0,0,1,1,0,20,2101,1426,126,184,251,114
2021,North East Derbyshire 008,E02004112,5493,2718,2657,2145,614,1531,126,33,93,386,170,216,61,71,47,45,34,11,1,0,1,1,1,0,24,2704,2210,149,127,130,88
2021,North East Derbyshire 009,E02004113,8229,4621,4415,3881,1074,2807,85,21,64,449,160,289,206,104,66,59,46,13,0,0,0,7,7,0,38,3504,1748,264,506,741,245
2021,North East Derbyshire 010,E02004114,7220,4029,3934,3184,846,2338,137,18,119,613,239,374,95,103,77,70,64,6,1,0,1,6,6,0,26,3088,2366,170,224,208,120
2021,North East Derbyshire 011,E02004115,7526,4350,4206,3606,1038,2568,87,14,73,513,207,306,144,111,92,91,76,15,0,0,0,1,1,0,19,3065,2048,194,269,384,170
2021,North East Derbyshire 012,E02004116,7005,3854,3638,3172,944,2228,66,19,47,400,164,236,216,90,69,65,57,8,0,0,0,4,3,1,21,3061,1737,214,347,568,195
2021,North East Derbyshire 013,E02004117,6638,3675,3549,2986,852,2134,97,25,72,466,201,265,126,74,61,60,51,9,0,0,0,1,1,0,13,2889,1869,150,326,392,152
2021,South Derbyshire 001,E02004118,6331,3982,3870,3171,738,2433,152,25,127,547,201,346,112,110,95,87,60,27,2,2,0,6,3,3,15,2239,1456,196,208,131,248
2021,South Derbyshire 002,E02004119,9424,6340,6189,5408,1174,4234,123,24,99,658,273,385,151,187,142,134,116,18,0,0,0,8,8,0,45,2897,1858,389,323,195,132
2021,South Derbyshire 003,E02004120,8759,5765,5568,4910,1090,3820,119,31,88,539,220,319,197,129,95,95,68,27,0,0,0,0,0,0,34,2865,1821,309,329,228,178
2021,South Derbyshire 004,E02004121,7505,4789,4664,4002,907,3095,134,26,108,528,247,281,125,139,120,112,96,16,1,1,0,7,6,1,19,2577,1796,253,261,155,112
2021,South Derbyshire 005,E02004122,5720,3259,3193,2617,610,2007,125,29,96,451,220,231,66,97,70,66,57,9,0,0,0,4,3,1,27,2364,1600,401,175,97,91
2021,South Derbyshire 006,E02004123,5659,3318,3227,2616,694,1922,97,23,74,514,232,282,91,65,48,43,35,8,0,0,0,5,3,2,17,2276,1665,186,198,144,83
2021,South Derbyshire 007,E02004124,6149,3559,3431,2947,756,2191,68,14,54,416,150,266,128,126,97,95,76,19,1,1,0,1,1,0,29,2464,1544,184,286,301,149
2021,South Derbyshire 008,E02004125,7140,4223,4028,3552,860,2692,64,11,53,412,147,265,195,133,110,105,76,29,1,1,0,4,4,0,23,2784,1689,206,320,402,167
2021,South Derbyshire 009,E02004126,6131,3526,3416,3037,748,2289,59,12,47,320,111,209,110,92,63,61,51,10,0,0,0,2,1,1,29,2513,1623,143,262,308,177
2021,South Derbyshire 011,E02004128,9532,5691,5519,4644,1135,3509,149,37,112,726,282,444,172,143,117,110,97,13,0,0,0,7,3,4,26,3698,2515,270,334,327,252
2021,East Devon 001,E02004129,5155,2865,2798,1822,610,1212,151,25,126,825,328,497,67,55,46,44,40,4,0,0,0,2,1,1,9,2235,1655,129,211,97,143
2021,East Devon 002,E02004130,5245,2670,2573,2078,670,1408,72,19,53,423,181,242,97,51,41,41,38,3,0,0,0,0,0,0,10,2524,1819,123,197,265,120
2021,East Devon 003,E02004131,4650,2614,2539,2142,669,1473,47,9,38,350,161,189,75,73,59,58,52,6,0,0,0,1,1,0,14,1963,1470,130,162,123,78
2021,East Devon 004,E02004132,7412,4354,4240,3126,978,2148,202,36,166,912,408,504,114,91,80,77,59,18,0,0,0,3,1,2,11,2967,2202,260,230,149,126
2021,East Devon 005,E02004133,8249,4428,4228,3153,1058,2095,127,25,102,948,423,525,200,93,75,67,58,9,0,0,0,8,7,1,18,3728,2725,232,303,292,176
2021,East Devon 007,E02004135,7294,3475,3349,2219,852,1367,200,44,156,930,462,468,126,59,41,41,37,4,0,0,0,0,0,0,18,3760,2985,178,268,183,146
2021,East Devon 008,E02004136,7773,4171,4053,3154,1029,2125,161,23,138,738,346,392,118,116,102,99,81,18,1,0,1,2,1,1,14,3486,2535,296,297,196,162
2021,East Devon 009,E02004137,4685,2295,2217,1468,513,955,128,27,101,621,302,319,78,46,38,34,33,1,1,1,0,3,3,0,8,2344,1862,123,177,78,104
2021,East Devon 010,E02004138,6905,2841,2735,2143,764,1379,89,18,71,503,231,272,106,69,57,55,43,12,1,0,1,1,1,0,12,3995,3313,119,203,221,139
2021,East Devon 011,E02004139,5978,2726,2616,2058,754,1304,88,17,71,470,228,242,110,87,77,71,58,13,2,2,0,4,3,1,10,3165,2419,187,217,216,126
2021,East Devon 012,E02004140,4813,1731,1665,1245,434,811,79,28,51,341,180,161,66,40,37,34,25,9,0,0,0,3,2,1,3,3042,2596,103,142,111,90
2021,East Devon 013,E02004141,5303,2795,2709,2075,642,1433,102,22,80,532,264,268,86,79,68,65,58,7,0,0,0,3,2,1,11,2429,1801,239,169,109,111
2021,East Devon 014,E02004142,5451,3198,3127,2469,757,1712,127,28,99,531,288,243,71,70,65,61,44,17,0,0,0,4,2,2,5,2183,1581,163,155,99,185
2021,East Devon 015,E02004143,5349,2849,2780,2269,743,1526,67,21,46,444,204,240,69,55,39,35,29,6,0,0,0,4,3,1,16,2445,1909,135,143,171,87
2021,East Devon 016,E02004144,5816,2990,2913,2359,762,1597,91,20,71,463,201,262,77,97,80,77,69,8,1,1,0,2,2,0,17,2729,2136,157,173,165,98
2021,East Devon 017,E02004145,5418,2182,2126,1570,582,988,97,25,72,459,251,208,56,54,39,39,29,10,0,0,0,0,0,0,15,3182,2654,124,163,136,105
2021,East Devon 018,E02004146,6134,3628,3466,2857,929,1928,70,20,50,539,252,287,162,73,63,62,57,5,1,0,1,0,0,0,10,2433,1605,183,211,277,157
2021,East Devon 019,E02004147,5939,3670,3492,2845,874,1971,113,30,83,534,234,300,178,75,61,60,53,7,0,0,0,1,0,1,14,2194,1337,166,177,295,219
2021,East Devon 020,E02004148,6817,2818,2702,2150,737,1413,98,20,78,454,232,222,116,80,64,61,47,14,1,1,0,2,2,0,16,3919,3073,183,210,294,159
2021,Exeter 001,E02004149,10180,2746,2668,2182,652,1530,83,25,58,403,221,182,78,951,595,519,487,32,6,5,1,70,60,10,356,6483,1568,4558,150,119,88
2021,Exeter 002,E02004150,5889,3090,2969,2575,781,1794,36,11,25,358,146,212,121,293,213,183,163,20,0,0,0,30,29,1,80,2506,854,1003,221,286,142
2021,Exeter 003,E02004151,8056,4974,4826,4171,1158,3013,98,25,73,557,236,321,148,118,93,92,80,12,1,1,0,0,0,0,25,2964,1880,297,295,340,152
2021,Exeter 004,E02004152,9200,2460,2320,1925,465,1460,65,14,51,330,166,164,140,1040,753,657,601,56,6,6,0,90,90,0,287,5700,658,4421,111,233,277
2021,Exeter 005,E02004153,6038,3935,3790,3236,988,2248,52,12,40,502,201,301,145,112,100,99,73,26,0,0,0,1,1,0,12,1991,1095,235,234,257,170
2021,Exeter 006,E02004154,7165,3844,3725,3233,783,2450,58,13,45,434,200,234,119,487,372,332,298,34,0,0,0,40,37,3,115,2834,956,1410,159,170,139
2021,Exeter 007,E02004155,6047,3589,3431,3012,949,2063,66,10,56,353,130,223,158,78,50,47,42,5,0,0,0,3,3,0,28,2380,1446,256,227,322,129
2021,Exeter 008,E02004156,10862,4177,3920,3370,856,2514,80,21,59,470,218,252,257,949,615,547,477,70,4,4,0,64,57,7,334,5736,1138,3469,190,614,325
2021,Exeter 009,E02004157,5365,3240,3139,2634,628,2006,98,24,74,407,181,226,101,168,135,122,99,23,0,0,0,13,12,1,33,1957,1186,372,148,146,105
2021,Exeter 010,E02004158,6699,4518,4376,3742,982,2760,74,13,61,560,244,316,142,150,126,114,96,18,0,0,0,12,12,0,24,2031,1097,269,199,253,213
2021,Exeter 011,E02004159,10275,6854,6668,5754,1557,4197,138,28,110,776,325,451,186,204,157,148,127,21,0,0,0,9,8,1,47,3217,2004,427,301,286,199
2021,Exeter 012,E02004160,5992,3439,3335,2799,908,1891,78,15,63,458,175,283,104,95,78,73,63,10,0,0,0,5,5,0,17,2458,1702,191,197,237,131
2021,Exeter 013,E02004161,6739,4022,3840,3362,977,2385,70,15,55,408,156,252,182,114,98,88,73,15,3,1,2,7,6,1,16,2603,1369,297,325,376,236
2021,Exeter 014,E02004162,5952,3653,3547,3033,808,2225,79,19,60,435,186,249,106,89,75,72,61,11,0,0,0,3,2,1,14,2210,1495,200,150,213,152
2021,Exeter 015,E02004163,6871,3764,3624,2997,872,2125,94,13,81,533,262,271,140,103,69,65,58,7,2,1,1,2,2,0,34,3004,2112,227,275,226,164
2021,Mid Devon 001,E02004164,5744,3287,3214,2083,661,1422,177,44,133,954,410,544,73,61,51,51,46,5,0,0,0,0,0,0,10,2396,1765,142,222,141,126
2021,Mid Devon 002,E02004165,7475,4434,4322,3467,975,2492,141,34,107,714,283,431,112,106,91,85,70,15,0,0,0,6,5,1,15,2935,2230,195,228,184,98
2021,Mid Devon 003,E02004166,5537,3331,3260,2356,725,1631,155,30,125,749,339,410,71,66,54,49,42,7,0,0,0,5,5,0,12,2140,1484,187,183,166,120
2021,Mid Devon 004,E02004167,5657,3261,3122,2669,788,1881,64,15,49,389,147,242,139,94,66,60,50,10,0,0,0,6,6,0,28,2302,1267,273,279,321,162
2021,Mid Devon 005,E02004168,5111,2952,2819,2336,705,1631,59,15,44,424,173,251,133,66,56,55,49,6,0,0,0,1,0,1,10,2093,1236,187,205,303,162
2021,Mid Devon 006,E02004169,6217,3833,3731,2858,817,2041,151,41,110,722,304,418,102,109,93,93,80,13,0,0,0,0,0,0,16,2275,1613,185,215,158,104
2021,Mid Devon 007,E02004170,7163,4521,4386,3760,1017,2743,102,21,81,524,182,342,135,103,86,82,66,16,0,0,0,4,1,3,17,2539,1644,211,246,252,186
2021,Mid Devon 008,E02004171,6986,4225,4111,3103,939,2164,180,38,142,828,380,448,114,125,95,88,71,17,0,0,0,7,5,2,30,2636,1833,249,242,168,144
2021,Mid Devon 009,E02004172,5460,3159,3064,2095,662,1433,112,22,90,857,368,489,95,78,61,50,41,9,2,2,0,9,8,1,17,2223,1535,160,223,165,140
2021,Mid Devon 010,E02004173,6245,3721,3630,2549,794,1755,165,27,138,916,422,494,91,88,71,64,54,10,0,0,0,7,6,1,17,2436,1717,208,210,203,98
2021,Mid Devon 011,E02004174,6601,3925,3806,3167,1015,2152,86,15,71,553,267,286,119,99,81,79,74,5,0,0,0,2,2,0,18,2577,1723,211,241,257,145
2021,North Devon 001,E02004175,4365,2375,2230,1704,632,1072,95,31,64,431,208,223,145,32,22,19,14,5,0,0,0,3,2,1,10,1958,1181,174,167,253,183
2021,North Devon 002,E02004176,4833,2557,2461,1640,618,1022,139,33,106,682,299,383,96,39,26,24,20,4,0,0,0,2,1,1,13,2237,1655,126,164,161,131
2021,North Devon 003,E02004177,4906,2721,2577,1975,710,1265,97,23,74,505,247,258,144,60,46,40,29,11,0,0,0,6,6,0,14,2125,1378,177,190,240,140
2021,North Devon 004,E02004178,4418,2460,2390,1599,559,1040,147,27,120,644,331,313,70,68,57,54,45,9,0,0,0,3,2,1,11,1890,1415,150,140,88,97
2021,North Devon 005,E02004179,7552,4329,4197,3332,1055,2277,156,41,115,709,333,376,132,157,130,125,101,24,0,0,0,5,3,2,27,3066,2203,241,258,184,180
2021,North Devon 006,E02004180,5428,3163,3113,2125,739,1386,158,39,119,830,330,500,50,89,64,61,57,4,0,0,0,3,2,1,25,2176,1532,167,196,190,91
2021,North Devon 007,E02004181,4729,2737,2649,2242,722,1520,55,13,42,352,140,212,88,58,50,50,38,12,0,0,0,0,0,0,8,1934,1317,137,154,231,95
2021,North Devon 008,E02004182,5169,2929,2765,2395,807,1588,39,12,27,331,133,198,164,74,50,47,33,14,0,0,0,3,3,0,24,2166,1192,152,217,374,231
2021,North Devon 009,E02004183,5012,2586,2494,2040,658,1382,57,13,44,397,160,237,92,68,57,53,49,4,1,1,0,3,3,0,11,2358,1711,121,186,217,123
2021,North Devon 010,E02004184,6835,4097,3920,3304,1153,2151,94,19,75,522,210,312,177,123,99,94,82,12,0,0,0,5,4,1,24,2615,1425,262,344,412,172
2021,North Devon 011,E02004185,5701,2810,2704,2082,735,1347,104,16,88,518,220,298,106,67,49,48,37,11,0,0,0,1,0,1,18,2824,2255,111,193,168,97
2021,North Devon 012,E02004186,8295,4994,4837,3863,1249,2614,159,32,127,815,337,478,157,136,97,89,76,13,0,0,0,8,6,2,39,3165,2233,228,309,251,144
2021,North Devon 013,E02004187,8910,5011,4845,3453,1076,2377,237,66,171,1155,460,695,166,112,79,75,64,11,0,0,0,4,1,3,33,3787,2575,307,349,350,206
2021,North Devon 014,E02004188,6039,3220,3104,1991,657,1334,211,42,169,902,341,561,116,63,47,41,37,4,0,0,0,6,6,0,16,2756,1981,169,281,190,135
2021,South Hams 001,E02004189,5130,3211,3144,2572,688,1884,106,21,85,466,205,261,67,92,84,80,66,14,0,0,0,4,4,0,8,1827,1291,140,141,148,107
2021,South Hams 002,E02004190,7355,4193,4088,2821,902,1919,175,42,133,1092,542,550,105,104,85,76,64,12,0,0,0,9,8,1,19,3058,2112,275,253,246,172
2021,South Hams 003,E02004191,7656,4066,3883,2681,1045,1636,140,45,95,1062,623,439,183,105,75,65,51,14,0,0,0,10,6,4,30,3485,2194,299,298,456,238
2021,South Hams 004,E02004192,6640,3472,3374,2222,759,1463,194,62,132,958,498,460,98,74,60,56,46,10,0,0,0,4,3,1,14,3094,2334,206,232,172,150
2021,South Hams 005,E02004193,9756,5886,5732,4789,1413,3376,135,32,103,808,366,442,154,177,150,141,119,22,0,0,0,9,5,4,27,3693,2560,357,283,312,181
2021,South Hams 006,E02004194,6080,3527,3417,2111,771,1340,157,37,120,1149,598,551,110,83,69,63,57,6,0,0,0,6,6,0,14,2470,1686,227,254,166,137
2021,South Hams 007,E02004195,4626,2328,2240,1662,600,1062,89,26,63,489,224,265,88,78,68,67,48,19,0,0,0,1,1,0,10,2220,1611,140,152,203,114
2021,South Hams 008,E02004196,6729,3684,3583,2430,775,1655,203,51,152,950,481,469,101,59,45,40,32,8,0,0,0,5,3,2,14,2986,2202,246,243,187,108
2021,South Hams 009,E02004197,6140,3140,3042,2325,672,1653,143,33,110,574,286,288,98,89,73,65,57,8,0,0,0,8,7,1,16,2911,2302,146,208,154,101
2021,South Hams 010,E02004198,5337,2873,2797,1987,722,1265,121,29,92,689,321,368,76,80,69,62,57,5,0,0,0,7,3,4,11,2384,1672,183,174,227,128
2021,South Hams 011,E02004199,5036,2397,2321,1386,512,874,149,32,117,786,372,414,76,41,35,34,32,2,0,0,0,1,1,0,6,2598,2068,124,210,99,97
2021,South Hams 012,E02004200,4479,2210,2126,1363,488,875,120,27,93,643,330,313,84,40,23,20,20,0,0,0,0,3,2,1,17,2229,1704,117,170,131,107
2021,Teignbridge 001,E02004201,4727,2538,2484,1709,553,1156,126,28,98,649,282,367,54,56,49,41,31,10,0,0,0,8,7,1,7,2133,1644,126,160,103,100
2021,Teignbridge 002,E02004202,7157,4281,4161,3336,969,2367,132,24,108,693,307,386,120,130,110,104,85,19,0,0,0,6,3,3,20,2746,2003,204,226,194,119
2021,Teignbridge 003,E02004203,4983,2710,2646,1679,567,1112,108,28,80,859,435,424,64,40,24,23,19,4,1,1,0,0,0,0,16,2233,1702,146,182,94,109
2021,Teignbridge 004,E02004204,8170,4693,4557,3609,1126,2483,117,28,89,831,378,453,136,133,114,108,92,16,0,0,0,6,6,0,19,3344,2471,247,258,227,141
2021,Teignbridge 005,E02004205,7222,3782,3649,2963,1012,1951,97,30,67,589,239,350,133,97,74,73,65,8,0,0,0,1,1,0,23,3343,2329,225,266,350,173
2021,Teignbridge 006,E02004206,5933,2749,2623,2040,659,1381,100,30,70,483,224,259,126,77,61,60,50,10,0,0,0,1,1,0,16,3107,2390,99,189,287,142
2021,Teignbridge 007,E02004207,5614,3167,3073,2389,705,1684,112,28,84,572,266,306,94,65,53,49,40,9,1,1,0,3,3,0,12,2382,1732,174,204,177,95
2021,Teignbridge 008,E02004208,7109,3613,3481,2730,888,1842,105,31,74,646,304,342,132,96,70,68,60,8,0,0,0,2,0,2,26,3400,2607,217,246,195,135
2021,Teignbridge 009,E02004209,7595,4584,4438,3677,1171,2506,117,21,96,644,264,380,146,122,106,100,85,15,2,1,1,4,3,1,16,2889,1981,218,254,273,163
2021,Teignbridge 010,E02004210,5586,2970,2798,2268,767,1501,84,21,63,446,193,253,172,57,42,41,35,6,1,0,1,0,0,0,15,2559,1652,156,225,344,182
2021,Teignbridge 011,E02004211,5770,2736,2664,1979,628,1351,135,35,100,550,275,275,72,60,48,46,41,5,0,0,0,2,1,1,12,2974,2405,152,179,118,120
2021,Teignbridge 012,E02004212,5094,3100,3017,2534,764,1770,77,18,59,406,153,253,83,67,56,56,46,10,0,0,0,0,0,0,11,1927,1312,156,178,184,97
2021,Teignbridge 013,E02004213,7380,4624,4471,3696,1058,2638,130,32,98,645,275,370,153,90,65,64,50,14,1,0,1,0,0,0,25,2666,1506,220,216,211,513
2021,Teignbridge 014,E02004214,5045,3143,3001,2538,736,1802,74,13,61,389,150,239,142,78,56,51,42,9,0,0,0,5,5,0,22,1824,1037,147,207,275,158
2021,Teignbridge 015,E02004215,4916,2768,2673,2171,617,1554,85,19,66,417,176,241,95,81,62,59,50,9,0,0,0,3,3,0,19,2067,1303,180,177,250,157
2021,Teignbridge 016,E02004216,4698,2562,2483,2049,628,1421,47,10,37,387,169,218,79,65,60,58,48,10,0,0,0,2,2,0,5,2071,1515,121,187,154,94
2021,Teignbridge 017,E02004217,6467,3669,3531,2561,852,1709,131,36,95,839,462,377,138,92,70,61,53,8,1,1,0,8,6,2,22,2706,1788,238,256,279,145
2021,Teignbridge 018,E02004218,5191,2764,2677,2080,646,1434,103,28,75,494,249,245,87,85,76,71,60,11,1,0,1,4,3,1,9,2342,1721,175,191,149,106
2021,Teignbridge 019,E02004219,4802,2517,2449,1809,608,1201,106,29,77,534,267,267,68,66,59,58,53,5,0,0,0,1,1,0,7,2219,1669,160,144,168,78
2021,Torridge 001,E02004220,5236,2486,2369,1822,683,1139,93,26,67,454,213,241,117,56,40,40,36,4,0,0,0,0,0,0,16,2694,2014,105,178,262,135
2021,Torridge 002,E02004221,5640,2467,2377,1782,643,1139,96,22,74,499,233,266,90,71,54,50,41,9,0,0,0,4,3,1,17,3102,2463,124,156,261,98
2021,Torridge 003,E02004222,4848,2664,2531,2069,739,1330,48,8,40,414,184,230,133,62,49,48,44,4,0,0,0,1,0,1,13,2122,1323,173,158,308,160
2021,Torridge 004,E02004223,10380,6059,5782,4666,1632,3034,145,40,105,971,397,574,277,145,109,101,81,20,0,0,0,8,8,0,36,4176,2469,342,488,580,297
2021,Torridge 005,E02004224,5562,3026,2920,1901,664,1237,169,26,143,850,387,463,106,54,43,38,32,6,0,0,0,5,4,1,11,2482,1874,122,204,151,131
2021,Torridge 006,E02004225,4772,2684,2585,2106,715,1391,74,14,60,405,160,245,99,59,47,44,37,7,0,0,0,3,3,0,12,2029,1403,159,179,199,89
2021,Torridge 007,E02004226,6324,3349,3240,2128,731,1397,171,34,137,941,376,565,109,54,34,31,28,3,0,0,0,3,3,0,20,2921,2220,144,245,181,131
2021,Torridge 008,E02004227,8513,4683,4493,3033,1100,1933,238,56,182,1222,481,741,190,99,85,83,69,14,0,0,0,2,1,1,14,3731,2544,219,385,371,212
2021,Torridge 009,E02004228,6277,3332,3245,2097,755,1342,184,46,138,964,374,590,87,70,52,49,45,4,0,0,0,3,2,1,18,2875,2083,173,242,250,127
2021,West Devon 001,E02004229,8275,4838,4710,3269,1047,2222,185,36,149,1256,536,720,128,88,69,61,53,8,0,0,0,8,6,2,19,3349,2179,284,349,347,190
2021,West Devon 002,E02004230,6392,3563,3427,2775,822,1953,96,22,74,556,236,320,136,69,66,66,52,14,0,0,0,0,0,0,3,2760,1831,235,251,287,156
2021,West Devon 003,E02004231,6131,3212,3085,1995,663,1332,143,34,109,947,423,524,127,66,53,46,42,4,0,0,0,7,5,2,13,2853,1806,170,212,192,473
2021,West Devon 004,E02004232,5940,3332,3242,2086,656,1430,178,49,129,978,408,570,90,86,76,72,66,6,0,0,0,4,3,1,10,2522,1823,174,243,134,148
2021,West Devon 005,E02004233,10659,5358,5156,4069,1331,2738,173,51,122,914,448,466,202,127,104,95,81,14,0,0,0,9,9,0,23,5174,3715,405,336,495,223
2021,West Devon 006,E02004234,5391,2682,2589,1840,637,1203,135,37,98,614,282,332,93,44,41,40,33,7,0,0,0,1,1,0,3,2665,1986,179,191,193,116
2021,West Devon 007,E02004235,5577,2771,2698,2016,666,1350,98,27,71,584,258,326,73,83,70,63,53,10,0,0,0,7,6,1,13,2723,2062,175,219,186,81
2021,"Bournemouth, Christchurch and Poole 002",E02004236,5337,2808,2722,2130,673,1457,88,21,67,504,230,274,86,76,56,56,48,8,0,0,0,0,0,0,20,2453,1894,151,173,136,99
2021,"Bournemouth, Christchurch and Poole 014",E02004237,6668,3659,3518,2800,915,1885,100,20,80,618,293,325,141,151,123,119,108,11,0,0,0,4,4,0,28,2858,2019,259,226,209,145
2021,"Bournemouth, Christchurch and Poole 019",E02004238,6688,2691,2596,2072,612,1460,67,14,53,457,223,234,95,83,67,62,52,10,0,0,0,5,4,1,16,3914,3325,148,184,151,106
2021,"Bournemouth, Christchurch and Poole 018",E02004239,5363,2612,2526,2051,654,1397,66,20,46,409,191,218,86,80,63,63,50,13,0,0,0,0,0,0,17,2671,2196,150,138,105,82
2021,"Bournemouth, Christchurch and Poole 024",E02004240,4910,2781,2632,2228,703,1525,44,17,27,360,162,198,149,86,60,59,59,0,0,0,0,1,0,1,26,2043,1025,175,283,415,145
2021,"Bournemouth, Christchurch and Poole 031",E02004241,7821,4265,4088,3312,1067,2245,127,31,96,649,287,362,177,133,101,97,83,14,1,0,1,3,3,0,32,3423,2462,249,263,293,156
2021,"Bournemouth, Christchurch and Poole 033",E02004242,5719,2466,2383,1805,571,1234,90,23,67,488,242,246,83,70,48,46,42,4,0,0,0,2,1,1,22,3183,2661,125,173,118,106
2021,Dorset 007,E02004243,5412,3185,3082,2282,730,1552,128,35,93,672,309,363,103,72,59,55,48,7,0,0,0,4,3,1,13,2155,1539,173,198,138,107
2021,Dorset 010,E02004244,6441,3697,3611,2946,808,2138,78,15,63,587,265,322,86,111,88,85,76,9,0,0,0,3,3,0,23,2633,2090,138,176,127,102
2021,Dorset 012,E02004245,6228,3362,3256,2612,812,1800,92,15,77,552,263,289,106,130,102,99,88,11,0,0,0,3,1,2,28,2736,1983,156,240,179,178
2021,Dorset 015,E02004246,6947,3145,3051,2304,683,1621,133,35,98,614,317,297,94,65,50,47,37,10,2,2,0,1,1,0,15,3737,3070,160,239,141,127
2021,Dorset 013,E02004247,5130,2936,2857,2083,699,1384,127,28,99,647,302,345,79,73,53,53,47,6,0,0,0,0,0,0,20,2121,1559,155,189,108,110
2021,Dorset 016,E02004248,6632,2824,2717,2167,683,1484,85,13,72,465,211,254,107,64,50,48,38,10,0,0,0,2,0,2,14,3744,3129,119,212,180,104
2021,Dorset 017,E02004249,4993,2780,2712,2199,696,1503,88,19,69,425,222,203,68,88,73,72,61,11,0,0,0,1,0,1,15,2125,1625,155,186,89,70
2021,Dorset 018,E02004250,6719,2946,2842,2284,703,1581,93,24,69,465,227,238,104,76,60,58,49,9,0,0,0,2,1,1,16,3697,2883,154,249,257,154
2021,Dorset 020,E02004251,5356,2906,2843,2274,722,1552,77,13,64,492,234,258,63,70,58,56,47,9,0,0,0,2,1,1,12,2380,1873,124,172,137,74
2021,Dorset 021,E02004252,6666,3545,3429,2799,784,2015,75,17,58,555,294,261,116,122,69,68,58,10,0,0,0,1,1,0,53,2999,2128,226,211,295,139
2021,Dorset 024,E02004253,8542,4020,3917,3102,976,2126,142,31,111,673,324,349,103,124,105,104,92,12,0,0,0,1,1,0,19,4398,3670,181,265,160,122
2021,Dorset 025,E02004254,8593,5027,4895,3979,1246,2733,133,21,112,783,340,443,132,165,141,131,108,23,1,0,1,9,9,0,24,3401,2498,309,245,224,125
2021,Dorset 001,E02004255,6197,3340,3225,2609,755,1854,69,15,54,547,242,305,115,70,54,54,47,7,0,0,0,0,0,0,16,2787,2055,156,218,248,110
2021,Dorset 002,E02004256,7681,4468,4359,3174,944,2230,165,45,120,1020,478,542,109,90,68,66,60,6,1,0,1,1,1,0,22,3123,2297,238,296,160,132
2021,Dorset 003,E02004257,7498,4412,4230,3417,945,2472,95,17,78,718,305,413,182,100,78,69,54,15,0,0,0,9,8,1,22,2986,2052,286,290,227,131
2021,Dorset 005,E02004258,8952,4621,4509,3372,1000,2372,183,47,136,954,418,536,112,112,86,83,68,15,2,1,1,1,0,1,26,4219,3187,220,351,278,183
2021,Dorset 006,E02004259,6098,2934,2846,1980,579,1401,115,28,87,751,363,388,88,60,39,38,27,11,1,1,0,0,0,0,21,3104,2041,286,227,182,368
2021,Dorset 009,E02004260,7365,4177,4074,3312,847,2465,103,17,86,659,299,360,103,207,188,182,77,105,0,0,0,6,6,0,19,2981,1812,493,315,157,204
2021,Dorset 011,E02004261,8484,5018,4855,4118,1270,2848,93,22,71,644,295,349,163,106,85,80,70,10,0,0,0,5,5,0,21,3360,2356,178,333,304,189
2021,Dorset 014,E02004262,6811,3727,3614,2668,820,1848,155,34,121,791,374,417,113,88,64,59,47,12,1,0,1,4,4,0,24,2996,2173,243,254,192,134
2021,Dorset 027,E02004263,4859,2702,2624,2064,635,1429,90,20,70,470,222,248,78,70,53,51,43,8,0,0,0,2,2,0,17,2087,1540,165,184,101,97
2021,Dorset 028,E02004264,7155,4152,3996,3395,1016,2379,80,20,60,521,244,277,156,122,94,92,77,15,0,0,0,2,1,1,28,2881,2081,205,254,201,140
2021,Dorset 033,E02004265,7222,3764,3636,2968,1008,1960,94,21,73,574,271,303,128,90,60,57,51,6,1,1,0,2,2,0,30,3368,2531,169,234,248,186
2021,Dorset 035,E02004266,6822,4091,3941,3303,844,2459,99,20,79,539,251,288,150,119,102,101,62,39,0,0,0,1,0,1,17,2612,1747,204,258,224,179
2021,Dorset 039,E02004267,4484,2230,2167,1530,545,985,134,35,99,503,242,261,63,60,43,42,39,3,1,1,0,0,0,0,17,2194,1716,125,165,94,94
2021,Dorset 042,E02004268,8255,3868,3681,2837,1057,1780,135,37,98,709,367,342,187,87,72,65,61,4,0,0,0,7,7,0,15,4300,3270,212,273,331,214
2021,Dorset 004,E02004269,8538,3948,3760,3053,897,2156,109,18,91,598,271,327,188,106,77,77,66,11,0,0,0,0,0,0,29,4484,3149,627,270,301,137
2021,Dorset 008,E02004270,6683,3541,3442,2438,800,1638,182,53,129,822,371,451,99,59,47,43,37,6,1,1,0,3,3,0,12,3083,2375,198,229,149,132
2021,Dorset 019,E02004271,8667,4445,4266,2913,933,1980,213,55,158,1140,546,594,179,66,55,52,44,8,0,0,0,3,3,0,11,4156,3139,231,331,256,199
2021,Dorset 022,E02004272,10324,5794,5634,4204,1257,2947,248,46,202,1182,577,605,160,129,100,91,75,16,0,0,0,9,9,0,29,4401,3279,290,388,246,198
2021,Dorset 023,E02004273,6339,2894,2784,1761,639,1122,155,42,113,868,440,428,110,54,38,36,32,4,0,0,0,2,1,1,16,3391,2669,173,231,161,157
2021,Dorset 026,E02004274,5502,2720,2594,1975,743,1232,75,21,54,544,265,279,126,61,51,51,40,11,0,0,0,0,0,0,10,2721,1977,130,200,257,157
2021,Dorset 029,E02004275,6647,3358,3252,2241,832,1409,181,46,135,830,413,417,106,67,57,55,51,4,1,1,0,1,1,0,10,3222,2490,175,248,157,152
2021,Dorset 030,E02004276,4899,2306,2203,1618,621,997,82,17,65,503,269,234,103,36,29,25,24,1,0,0,0,4,4,0,7,2557,1987,111,178,174,107
2021,Dorset 034,E02004278,7329,4075,3985,3347,1038,2309,88,16,72,550,267,283,90,164,118,114,94,20,0,0,0,4,3,1,46,3090,2238,236,259,234,123
2021,Dorset 036,E02004279,6817,3682,3578,2796,838,1958,131,30,101,651,333,318,104,101,76,71,64,7,0,0,0,5,5,0,25,3034,2321,180,222,193,118
2021,Dorset 037,E02004280,7120,3907,3799,3049,918,2131,110,24,86,640,277,363,108,94,79,71,58,13,0,0,0,8,6,2,15,3119,2274,213,243,205,184
2021,Dorset 038,E02004281,6259,3647,3488,2902,899,2003,70,22,48,516,241,275,159,98,63,60,51,9,0,0,0,3,3,0,35,2514,1461,179,320,371,183
2021,Dorset 040,E02004282,7861,3566,3469,2824,917,1907,119,39,80,526,272,254,97,91,81,80,72,8,0,0,0,1,1,0,10,4204,3481,177,198,197,151
2021,Dorset 041,E02004283,7540,3948,3754,3139,1017,2122,93,24,69,522,223,299,194,126,106,103,90,13,0,0,0,3,3,0,20,3466,2420,250,271,356,169
2021,Dorset 044,E02004284,8330,4257,3968,3238,1065,2173,111,31,80,619,269,350,289,90,66,60,46,14,0,0,0,6,4,2,24,3983,2419,198,340,630,396
2021,Dorset 043,E02004285,6541,3738,3572,2994,905,2089,70,19,51,508,215,293,166,105,79,77,64,13,0,0,0,2,1,1,26,2698,1736,182,215,369,196
2021,Dorset 045,E02004286,4242,2310,2222,1847,559,1288,58,14,44,317,146,171,88,69,55,55,46,9,0,0,0,0,0,0,14,1863,1279,138,171,168,107
2021,Dorset 046,E02004287,4664,2597,2497,2052,674,1378,77,14,63,368,161,207,100,84,63,60,52,8,0,0,0,3,3,0,21,1983,1383,138,167,187,108
2021,Dorset 047,E02004288,5263,2625,2449,2041,715,1326,48,16,32,360,180,180,176,61,42,42,33,9,0,0,0,0,0,0,19,2577,1097,178,265,275,762
2021,Dorset 048,E02004289,6125,3398,3279,2809,900,1909,68,14,54,402,192,210,119,89,69,68,60,8,0,0,0,1,0,1,20,2638,1853,159,247,251,128
2021,County Durham 002,E02004290,4909,2818,2721,2378,598,1780,64,14,50,279,118,161,97,82,68,59,49,10,7,1,6,2,1,1,14,2009,1487,149,136,136,101
2021,County Durham 005,E02004291,5877,3431,3271,2892,694,2198,62,16,46,317,129,188,160,92,69,59,48,11,2,0,2,8,6,2,23,2354,1290,201,247,391,225
2021,County Durham 007,E02004292,6774,3640,3550,3087,720,2367,93,20,73,370,159,211,90,88,66,62,50,12,1,0,1,3,1,2,22,3046,2223,255,208,215,145
2021,County Durham 011,E02004293,7839,4344,4092,3596,972,2624,84,19,65,412,179,233,252,154,120,107,76,31,4,0,4,9,3,6,34,3341,1811,318,365,597,250
2021,County Durham 013,E02004294,6791,3681,3560,3141,767,2374,89,24,65,330,131,199,121,131,107,97,77,20,7,0,7,3,3,0,24,2979,2269,249,162,165,134
2021,County Durham 015,E02004295,6086,3208,3051,2628,707,1921,86,19,67,337,146,191,157,86,66,62,55,7,0,0,0,4,3,1,20,2792,1829,250,232,314,167
2021,County Durham 019,E02004296,6974,3902,3690,3208,856,2352,80,20,60,402,162,240,212,135,100,94,72,22,0,0,0,6,5,1,35,2937,1622,319,287,438,271
2021,County Durham 001,E02004297,6623,3877,3720,3236,761,2475,82,21,61,402,165,237,157,88,63,59,42,17,3,0,3,1,0,1,25,2658,1854,199,210,278,117
2021,County Durham 003,E02004298,8356,4600,4454,3814,975,2839,132,29,103,508,225,283,146,114,86,78,62,16,0,0,0,8,7,1,28,3642,2540,313,305,314,170
2021,County Durham 004,E02004299,6819,3698,3489,3082,767,2315,100,24,76,307,117,190,209,113,77,74,62,12,0,0,0,3,0,3,36,3008,1914,235,293,377,189
2021,County Durham 006,E02004300,6266,3187,2999,2628,687,1941,81,17,64,290,112,178,188,81,60,54,42,12,0,0,0,6,4,2,21,2998,1662,217,344,568,207
2021,County Durham 008,E02004301,7599,4194,3942,3510,902,2608,74,17,57,358,153,205,252,137,91,87,64,23,1,1,0,3,3,0,46,3268,1510,329,465,690,274
2021,County Durham 009,E02004302,6407,3414,3127,2751,752,1999,54,16,38,322,144,178,287,85,65,58,42,16,2,0,2,5,2,3,20,2908,1447,266,383,541,271
2021,County Durham 010,E02004303,9334,5438,5146,4573,1102,3471,99,25,74,474,210,264,292,148,121,117,96,21,0,0,0,4,4,0,27,3748,2296,295,324,555,278
2021,County Durham 012,E02004304,7232,4176,3967,3493,920,2573,93,19,74,381,132,249,209,114,85,80,65,15,0,0,0,5,5,0,29,2942,1659,278,328,460,217
2021,County Durham 014,E02004305,8065,4851,4614,4046,987,3059,88,16,72,480,183,297,237,156,115,108,95,13,1,1,0,6,2,4,41,3058,1709,306,356,466,221
2021,County Durham 020,E02004306,4936,2554,2469,2049,553,1496,95,21,74,325,136,189,85,53,36,30,27,3,1,1,0,5,4,1,17,2329,1673,155,202,192,107
2021,County Durham 024,E02004307,5393,3150,3020,2549,683,1866,97,17,80,374,150,224,130,66,46,42,35,7,0,0,0,4,4,0,20,2177,1308,178,233,307,151
2021,County Durham 022,E02004308,6703,3225,3138,2754,744,2010,67,19,48,317,133,184,87,85,62,62,47,15,0,0,0,0,0,0,23,3393,2078,268,138,193,716
2021,County Durham 023,E02004309,5109,2757,2638,2336,564,1772,51,11,40,251,121,130,119,77,61,56,44,12,1,1,0,4,4,0,16,2275,1419,349,170,223,114
2021,County Durham 026,E02004310,6430,3565,3419,2931,790,2141,90,18,72,398,180,218,146,103,72,67,51,16,0,0,0,5,3,2,31,2762,1642,253,304,410,153
2021,County Durham 027,E02004311,7652,4303,4099,3524,950,2574,99,19,80,476,200,276,204,105,80,77,57,20,0,0,0,3,3,0,25,3244,2018,278,301,446,201
2021,County Durham 028,E02004312,6348,3205,3127,2743,641,2102,45,9,36,339,147,192,78,125,106,101,81,20,0,0,0,5,5,0,19,3018,2420,178,153,155,112
2021,County Durham 029,E02004313,5714,2320,2124,1887,559,1328,36,10,26,201,100,101,196,340,276,220,187,33,2,1,1,54,52,2,64,3054,913,1251,297,398,195
2021,County Durham 030,E02004314,12399,1080,1021,851,211,640,29,8,21,141,66,75,59,1456,1017,779,730,49,12,11,1,226,224,2,439,9863,769,8446,67,176,405
2021,County Durham 033,E02004315,11165,5083,4929,4207,867,3340,167,25,142,555,282,273,154,610,448,359,305,54,0,0,0,89,86,3,162,5472,1906,2942,276,198,150
2021,County Durham 031,E02004316,5266,3010,2857,2410,639,1771,83,8,75,364,141,223,153,48,33,32,26,6,0,0,0,1,1,0,15,2208,1177,215,258,406,152
2021,County Durham 038,E02004317,6149,3164,2963,2544,750,1794,71,13,58,348,141,207,201,88,70,69,51,18,0,0,0,1,1,0,18,2897,1787,254,265,436,155
2021,County Durham 041,E02004318,5482,3094,2947,2598,593,2005,73,17,56,276,122,154,147,71,56,56,41,15,0,0,0,0,0,0,15,2317,1425,229,221,327,115
2021,County Durham 044,E02004319,6587,3916,3780,3339,744,2595,80,8,72,361,126,235,136,113,84,79,61,18,0,0,0,5,5,0,29,2558,1563,255,233,347,160
2021,County Durham 016,E02004320,7102,4030,3922,3494,836,2658,78,17,61,350,140,210,108,109,80,77,56,21,0,0,0,3,3,0,29,2963,1953,242,262,322,184
2021,County Durham 017,E02004321,6732,3549,3337,2987,797,2190,68,12,56,282,109,173,212,104,86,83,62,21,0,0,0,3,3,0,18,3079,1638,271,377,540,253
2021,County Durham 018,E02004322,6853,3283,3041,2740,815,1925,46,8,38,255,98,157,242,86,57,54,39,15,0,0,0,3,2,1,29,3484,1660,326,519,694,285
2021,County Durham 021,E02004323,6087,3488,3336,2989,711,2278,54,11,43,293,119,174,152,89,64,60,52,8,0,0,0,4,2,2,25,2510,1382,213,297,418,200
2021,County Durham 025,E02004324,4785,2481,2336,2032,500,1532,60,15,45,244,113,131,145,65,44,42,32,10,0,0,0,2,1,1,21,2239,1278,189,243,348,181
2021,County Durham 032,E02004325,7091,3467,3208,2890,788,2102,41,11,30,277,122,155,259,98,68,66,49,17,1,1,0,1,1,0,30,3526,1444,368,521,863,330
2021,County Durham 034,E02004326,5467,2952,2803,2443,613,1830,58,12,46,302,108,194,149,86,73,71,54,17,0,0,0,2,2,0,13,2429,1207,234,320,460,208
2021,County Durham 036,E02004327,4654,2118,1897,1656,490,1166,28,5,23,213,94,119,221,67,48,45,39,6,0,0,0,3,1,2,19,2469,1285,181,286,515,202
2021,County Durham 035,E02004328,5781,3102,2900,2608,671,1937,35,7,28,257,89,168,202,101,70,66,51,15,0,0,0,4,4,0,31,2578,1255,297,342,470,214
2021,County Durham 037,E02004329,5504,2770,2631,2326,550,1776,60,12,48,245,110,135,139,73,51,46,39,7,2,0,2,3,3,0,22,2661,1635,240,229,384,173
2021,County Durham 039,E02004330,5044,2383,2225,1955,494,1461,55,13,42,215,84,131,158,55,41,39,26,13,0,0,0,2,2,0,14,2606,1538,161,234,495,178
2021,County Durham 040,E02004331,5926,3148,2988,2600,618,1982,53,11,42,335,131,204,160,48,37,34,29,5,0,0,0,3,3,0,11,2730,1449,229,324,501,227
2021,County Durham 043,E02004332,6011,3353,3223,2764,728,2036,92,12,80,367,139,228,130,96,75,70,54,16,0,0,0,5,3,2,21,2562,1359,245,324,420,214
2021,County Durham 047,E02004333,5738,2947,2857,2496,620,1876,57,11,46,304,115,189,90,91,67,66,48,18,0,0,0,1,1,0,24,2700,1909,198,196,270,127
2021,County Durham 048,E02004334,5758,3134,2969,2532,699,1833,95,19,76,342,147,195,165,68,54,49,36,13,0,0,0,5,5,0,14,2556,1416,244,263,424,209
2021,County Durham 049,E02004335,6255,3564,3374,3005,713,2292,75,16,59,294,116,178,190,103,72,65,51,14,1,1,0,6,3,3,31,2588,1306,217,370,446,249
2021,County Durham 050,E02004336,5623,2747,2602,2276,584,1692,52,14,38,274,93,181,145,65,48,48,31,17,0,0,0,0,0,0,17,2811,1685,183,284,487,172
2021,County Durham 052,E02004337,8619,4993,4772,4230,946,3284,101,19,82,441,157,284,221,118,79,74,55,19,2,2,0,3,1,2,39,3508,1991,321,373,558,265
2021,County Durham 053,E02004338,6112,3525,3344,2934,644,2290,71,14,57,339,114,225,181,83,59,56,40,16,1,1,0,2,1,1,24,2504,1385,244,266,404,205
2021,County Durham 054,E02004339,5900,3285,3223,2696,669,2027,131,24,107,396,146,250,62,112,78,74,56,18,1,0,1,3,2,1,34,2503,1871,230,147,167,88
2021,County Durham 059,E02004340,8502,4361,4056,3538,930,2608,105,25,80,413,171,242,305,124,91,89,81,8,0,0,0,2,2,0,33,4017,2100,315,531,750,321
2021,County Durham 060,E02004341,7359,4289,4166,3699,775,2924,81,20,61,386,165,221,123,127,89,86,66,20,0,0,0,3,3,0,38,2943,2118,236,222,219,148
2021,County Durham 061,E02004342,4246,2129,1962,1783,448,1335,24,4,20,155,72,83,167,94,65,65,50,15,0,0,0,0,0,0,29,2023,789,252,348,461,173
2021,County Durham 062,E02004343,4555,2443,2323,2097,504,1593,33,8,25,193,84,109,120,81,63,61,44,17,0,0,0,2,0,2,18,2031,1179,171,202,345,134
2021,County Durham 063,E02004344,5759,2891,2740,2437,588,1849,39,8,31,264,115,149,151,83,56,55,43,12,0,0,0,1,1,0,27,2785,1746,227,247,393,172
2021,County Durham 064,E02004345,10738,5790,5587,4377,1159,3218,219,39,180,991,388,603,203,128,88,87,72,15,0,0,0,1,0,1,40,4820,3342,371,414,441,252
2021,County Durham 042,E02004348,6772,3490,3391,2554,716,1838,161,35,126,676,274,402,99,57,44,40,34,6,0,0,0,4,4,0,13,3225,2368,196,236,290,135
2021,County Durham 045,E02004349,7509,4021,3767,3165,848,2317,92,21,71,510,197,313,254,79,47,44,31,13,1,0,1,2,2,0,32,3409,1740,294,505,644,226
2021,County Durham 046,E02004350,8154,4464,4268,3594,893,2701,125,29,96,549,218,331,196,89,65,59,46,13,1,1,0,5,4,1,24,3601,2323,298,282,451,247
2021,County Durham 051,E02004351,5860,2900,2705,2322,672,1650,87,19,68,296,116,180,195,82,51,48,37,11,0,0,0,3,3,0,31,2878,1458,225,379,608,208
2021,County Durham 055,E02004352,6715,3653,3416,2938,784,2154,84,15,69,394,147,247,237,101,71,69,57,12,0,0,0,2,2,0,30,2961,1621,248,348,500,244
2021,County Durham 056,E02004353,6073,3284,3173,2775,768,2007,85,15,70,313,126,187,111,107,75,72,60,12,1,0,1,2,2,0,32,2682,1897,178,215,256,136
2021,County Durham 057,E02004354,7362,4180,3970,3384,915,2469,102,17,85,484,183,301,210,80,58,55,42,13,0,0,0,3,1,2,22,3102,1798,268,367,481,188
2021,County Durham 058,E02004355,5595,2778,2598,2282,723,1559,47,12,35,269,111,158,180,67,50,47,39,8,0,0,0,3,2,1,17,2750,1300,261,372,591,226
2021,Eastbourne 001,E02004356,5941,3308,3154,2628,867,1761,58,13,45,468,179,289,154,119,78,76,70,6,1,0,1,1,1,0,41,2514,1328,244,318,441,183
2021,Eastbourne 002,E02004357,6003,3444,3245,2748,905,1843,51,11,40,446,188,258,199,115,92,85,76,9,0,0,0,7,0,7,23,2444,1235,271,375,380,183
2021,Eastbourne 003,E02004358,6469,3317,3160,2630,903,1727,47,11,36,483,206,277,157,108,78,71,60,11,0,0,0,7,5,2,30,3044,1987,184,335,391,147
2021,Eastbourne 004,E02004359,6500,3149,2986,2407,786,1621,78,17,61,501,217,284,163,109,70,65,54,11,1,1,0,4,2,2,39,3242,2066,228,319,442,187
2021,Eastbourne 006,E02004361,6557,3523,3403,2694,878,1816,110,22,88,599,301,298,120,125,79,73,61,12,1,0,1,5,5,0,46,2909,1922,296,286,256,149
2021,Eastbourne 007,E02004362,7079,4339,4132,3376,1080,2296,97,18,79,659,266,393,207,193,127,123,106,17,2,1,1,2,0,2,66,2547,1452,311,306,284,194
2021,Eastbourne 008,E02004363,6002,3222,3049,2422,593,1829,96,24,72,531,246,285,173,88,70,64,53,11,1,0,1,5,3,2,18,2692,1730,237,211,270,244
2021,Eastbourne 009,E02004364,6897,3768,3590,2839,854,1985,99,20,79,652,345,307,178,122,91,88,79,9,1,0,1,2,0,2,31,3007,2077,272,237,247,174
2021,Eastbourne 010,E02004365,7035,4282,3927,3265,953,2312,95,25,70,567,217,350,355,226,179,168,114,54,0,0,0,11,11,0,47,2527,769,446,362,563,387
2021,Eastbourne 011,E02004366,6741,3476,3246,2634,645,1989,94,20,74,518,228,290,230,127,101,92,77,15,0,0,0,9,9,0,26,3138,2027,381,185,313,232
2021,Eastbourne 012,E02004367,6094,2243,2106,1564,465,1099,88,27,61,454,245,209,137,129,84,76,68,8,1,1,0,7,7,0,45,3722,2882,349,182,172,137
2021,Hastings 001,E02004368,6700,4135,3995,3254,946,2308,94,20,74,647,260,387,140,112,81,78,70,8,1,1,0,2,2,0,31,2453,1512,236,269,270,166
2021,Hastings 002,E02004369,8609,4359,4203,3256,990,2266,123,30,93,824,351,473,156,136,98,85,72,13,2,2,0,11,7,4,38,4114,3103,259,285,304,163
2021,Hastings 003,E02004370,6235,3284,3054,2546,833,1713,68,12,56,440,174,266,230,103,71,65,56,9,1,0,1,5,5,0,32,2848,1168,286,471,666,257
2021,Hastings 004,E02004371,5593,3255,3093,2482,810,1672,62,13,49,549,233,316,162,78,55,53,43,10,1,0,1,1,0,1,23,2260,1233,225,333,322,147
2021,Hastings 005,E02004372,5345,2905,2627,2136,726,1410,50,16,34,441,197,244,278,78,45,38,31,7,2,0,2,5,5,0,33,2362,907,254,460,519,222
2021,Hastings 006,E02004373,7114,4133,3936,3160,1056,2104,100,31,69,676,287,389,197,119,86,79,66,13,1,1,0,6,5,1,33,2862,1603,244,340,441,234
2021,Hastings 007,E02004374,6154,3639,3440,2464,799,1665,91,22,69,885,423,462,199,96,76,66,50,16,0,0,0,10,9,1,20,2419,1412,230,258,310,209
2021,Hastings 008,E02004375,7038,4145,3884,2869,876,1993,99,24,75,916,465,451,261,109,84,69,47,22,2,1,1,13,6,7,25,2784,1458,287,299,447,293
2021,Hastings 009,E02004376,5900,3601,3304,2458,728,1730,99,21,78,747,360,387,297,101,76,67,45,22,1,0,1,8,7,1,25,2198,955,267,273,418,285
2021,Hastings 010,E02004377,8955,5021,4771,3739,1133,2606,126,30,96,906,398,508,250,122,87,84,68,16,1,1,0,2,0,2,35,3812,2406,308,408,425,265
2021,Hastings 011,E02004378,7068,4161,3779,2709,795,1914,89,27,62,981,483,498,382,88,63,55,39,16,0,0,0,8,4,4,25,2819,1252,246,352,637,332
2021,Lewes 001,E02004379,6273,3736,3612,2543,778,1765,156,30,126,913,456,457,124,92,64,58,50,8,0,0,0,6,6,0,28,2445,1627,288,265,148,117
2021,Lewes 002,E02004380,8076,4489,4353,3134,916,2218,222,60,162,997,502,495,136,153,112,99,85,14,0,0,0,13,13,0,41,3434,2378,364,313,235,144
2021,Lewes 003,E02004381,7778,4604,4397,3148,955,2193,130,34,96,1119,627,492,207,126,104,91,77,14,0,0,0,13,10,3,22,3048,1841,361,271,362,213
2021,Lewes 004,E02004382,5397,2916,2822,2020,685,1335,113,29,84,689,332,357,94,66,42,37,37,0,0,0,0,5,3,2,24,2415,1731,174,225,185,100
2021,Lewes 005,E02004383,6043,3402,3257,2318,743,1575,112,21,91,827,451,376,145,112,79,71,63,8,0,0,0,8,8,0,33,2529,1451,331,192,166,389
2021,Lewes 006,E02004384,6197,3567,3400,2586,801,1785,114,34,80,700,326,374,167,90,56,50,42,8,0,0,0,6,5,1,34,2540,1727,219,220,195,179
2021,Lewes 007,E02004385,6442,3549,3392,2664,800,1864,91,28,63,637,270,367,157,80,61,60,51,9,0,0,0,1,1,0,19,2813,1902,215,270,269,157
2021,Lewes 008,E02004386,5428,3076,2930,2342,748,1594,60,19,41,528,251,277,146,85,61,59,55,4,1,0,1,1,1,0,24,2267,1452,170,245,258,142
2021,Lewes 009,E02004387,4652,2788,2622,2160,669,1491,54,18,36,408,169,239,166,81,55,49,43,6,0,0,0,6,4,2,26,1783,787,227,283,300,186
2021,Lewes 010,E02004388,6365,3562,3362,2700,791,1909,90,21,69,572,237,335,200,100,82,76,59,17,0,0,0,6,5,1,18,2703,1630,192,319,361,201
2021,Lewes 011,E02004389,8137,3769,3624,2832,910,1922,94,20,74,698,328,370,145,117,89,82,76,6,1,0,1,6,6,0,28,4251,3452,198,248,207,146
2021,Lewes 012,E02004390,6762,3199,3066,2375,754,1621,112,29,83,579,257,322,133,80,63,60,56,4,0,0,0,3,2,1,17,3483,2649,212,233,262,127
2021,Lewes 013,E02004391,5666,2867,2725,2201,687,1514,79,27,52,445,219,226,142,92,75,70,58,12,0,0,0,5,3,2,17,2707,1942,120,200,258,187
2021,Rother 001,E02004392,7570,4259,4086,2819,858,1961,182,42,140,1085,523,562,173,83,72,69,57,12,0,0,0,3,2,1,11,3228,2056,282,413,174,303
2021,Rother 002,E02004393,5520,2664,2535,1700,568,1132,126,23,103,709,339,370,129,54,39,34,30,4,0,0,0,5,5,0,15,2802,2059,167,247,209,120
2021,Rother 003,E02004394,6751,3670,3571,2385,733,1652,179,40,139,1007,471,536,99,79,63,55,44,11,1,1,0,7,7,0,16,3002,2064,225,310,238,165
2021,Rother 004,E02004395,6554,3303,3118,2235,771,1464,121,26,95,762,361,401,185,59,42,36,33,3,0,0,0,6,5,1,17,3192,2197,198,307,272,218
2021,Rother 005,E02004396,8054,3801,3677,2593,826,1767,153,40,113,931,463,468,124,79,57,55,43,12,2,2,0,0,0,0,22,4174,3161,308,298,246,161
2021,Rother 006,E02004397,6655,3541,3398,2449,790,1659,155,32,123,794,397,397,143,100,74,70,59,11,0,0,0,4,4,0,26,3014,2065,275,286,232,156
2021,Rother 007,E02004398,7337,4033,3789,3091,977,2114,87,18,69,611,258,353,244,110,84,74,64,10,0,0,0,10,10,0,26,3194,1697,293,417,559,228
2021,Rother 008,E02004399,6923,3228,3092,2494,764,1730,70,31,39,528,246,282,136,96,71,67,55,12,0,0,0,4,2,2,25,3599,2697,183,257,315,147
2021,Rother 009,E02004400,9474,3860,3725,2757,889,1868,175,53,122,793,406,387,135,101,71,66,54,12,0,0,0,5,4,1,30,5513,4629,169,296,243,176
2021,Rother 010,E02004401,6879,2867,2729,2129,665,1464,79,17,62,521,262,259,138,62,40,37,29,8,0,0,0,3,3,0,22,3950,3297,146,191,177,139
2021,Rother 011,E02004402,7771,3759,3526,2786,850,1936,95,28,67,645,285,360,233,101,73,69,52,17,0,0,0,4,4,0,28,3911,2631,242,281,502,255
2021,Wealden 001,E02004403,5302,3114,3002,1960,632,1328,143,25,118,899,509,390,112,72,50,48,43,5,1,1,0,1,0,1,22,2116,1419,239,252,81,125
2021,Wealden 002,E02004404,5304,3162,3068,2161,591,1570,140,35,105,767,378,389,94,53,32,28,21,7,0,0,0,4,4,0,21,2089,1369,214,303,90,113
2021,Wealden 003,E02004405,4919,2795,2676,2075,616,1459,82,19,63,519,241,278,119,69,54,50,47,3,1,1,0,3,3,0,15,2055,1529,182,167,89,88
2021,Wealden 004,E02004406,6274,3247,3154,2380,703,1677,117,31,86,657,323,334,93,87,67,63,55,8,1,0,1,3,3,0,20,2940,2273,187,236,144,100
2021,Wealden 005,E02004407,6775,3776,3640,2529,730,1799,149,24,125,962,513,449,136,71,47,42,38,4,0,0,0,5,3,2,24,2928,2004,325,323,135,141
2021,Wealden 006,E02004408,6826,4238,4099,3172,887,2285,98,25,73,829,348,481,139,116,87,80,69,11,0,0,0,7,5,2,29,2472,1400,178,269,179,446
2021,Wealden 007,E02004409,4553,2557,2484,1689,515,1174,129,25,104,666,316,350,73,54,43,37,31,6,0,0,0,6,6,0,11,1942,1286,153,228,176,99
2021,Wealden 008,E02004410,6753,3785,3700,2500,735,1765,173,33,140,1027,522,505,85,61,52,51,45,6,1,0,1,0,0,0,9,2907,2087,225,316,138,141
2021,Wealden 009,E02004411,6982,4173,4044,3249,899,2350,95,19,76,700,331,369,129,101,78,76,67,9,1,0,1,1,0,1,23,2708,1876,245,262,195,130
2021,Wealden 010,E02004412,6743,3989,3856,2907,835,2072,129,30,99,820,383,437,133,97,80,73,68,5,0,0,0,7,6,1,17,2657,1948,195,228,171,115
2021,Wealden 011,E02004413,6194,3562,3438,2331,750,1581,170,39,131,937,417,520,124,80,65,62,59,3,1,0,1,2,1,1,15,2552,1848,194,237,136,137
2021,Wealden 012,E02004414,5347,3416,3311,2688,707,1981,69,18,51,554,244,310,105,85,72,71,62,9,0,0,0,1,1,0,13,1846,1148,210,195,164,129
2021,Wealden 013,E02004415,5624,3251,3156,2142,685,1457,176,42,134,838,413,425,95,70,60,54,42,12,0,0,0,6,6,0,10,2303,1531,204,272,166,130
2021,Wealden 014,E02004416,5522,3067,2976,1906,608,1298,140,31,109,930,427,503,91,64,50,41,38,3,1,1,0,8,2,6,14,2391,1724,197,216,126,128
2021,Wealden 015,E02004417,5462,3071,2971,2320,683,1637,85,12,73,566,239,327,100,85,59,55,48,7,0,0,0,4,4,0,26,2306,1679,126,202,180,119
2021,Wealden 016,E02004418,4779,2642,2521,2007,619,1388,61,14,47,453,183,270,121,58,44,42,37,5,0,0,0,2,2,0,14,2079,1433,130,216,214,86
2021,Wealden 017,E02004419,5114,2765,2646,2100,627,1473,58,9,49,488,204,284,119,86,66,65,59,6,0,0,0,1,1,0,20,2263,1336,163,293,333,138
2021,Wealden 018,E02004420,11526,6307,6113,4478,1258,3220,265,66,199,1370,654,716,194,161,122,112,96,16,0,0,0,10,9,1,39,5058,3655,460,426,288,229
2021,Wealden 019,E02004421,7764,4290,4129,3374,1012,2362,83,18,65,672,289,383,161,113,89,79,64,15,3,2,1,7,6,1,24,3361,2432,214,266,295,154
2021,Wealden 020,E02004422,9296,5233,5041,3977,1162,2815,142,36,106,922,438,484,192,152,115,110,95,15,0,0,0,5,5,0,37,3911,2843,278,358,271,161
2021,Wealden 021,E02004423,6599,3230,3111,2381,717,1664,96,20,76,634,310,324,119,110,81,79,69,10,2,2,0,0,0,0,29,3259,2591,152,222,179,115
2021,Basildon 001,E02004424,5701,3430,3341,2812,756,2056,93,18,75,436,198,238,89,96,64,61,51,10,1,1,0,2,2,0,32,2175,1574,207,264,62,68
2021,Basildon 002,E02004425,5940,3701,3571,2995,720,2275,75,14,61,501,212,289,130,81,59,53,37,16,0,0,0,6,3,3,22,2158,1473,196,254,134,101
2021,Basildon 003,E02004426,6586,3986,3831,3167,733,2434,104,24,80,560,240,320,155,88,71,68,54,14,2,1,1,1,1,0,17,2512,1712,238,327,104,131
2021,Basildon 004,E02004427,6593,3749,3641,3038,811,2227,103,18,85,500,235,265,108,76,56,49,44,5,1,0,1,6,5,1,20,2768,2062,208,282,106,110
2021,Basildon 005,E02004428,5749,3413,3275,2733,679,2054,76,17,59,466,188,278,138,54,36,34,26,8,0,0,0,2,1,1,18,2282,1523,162,262,199,136
2021,Basildon 006,E02004429,6403,3492,3358,2655,709,1946,112,28,84,591,231,360,134,111,90,81,71,10,2,1,1,7,5,2,21,2800,2046,191,282,120,161
2021,Basildon 007,E02004430,6768,4358,4220,3477,854,2623,98,16,82,645,259,386,138,107,76,76,65,11,0,0,0,0,0,0,31,2303,1540,205,297,137,124
2021,Basildon 008,E02004431,7734,5206,5021,4205,985,3220,87,18,69,729,269,460,185,145,110,102,87,15,0,0,0,8,7,1,35,2383,1373,252,378,185,195
2021,Basildon 009,E02004432,5333,3192,3074,2406,660,1746,133,26,107,535,239,296,118,71,52,51,45,6,0,0,0,1,1,0,19,2070,1418,192,231,97,132
2021,Basildon 010,E02004433,7069,4408,4216,3500,834,2666,105,21,84,611,229,382,192,95,73,68,59,9,2,2,0,3,3,0,22,2566,1403,251,374,324,214
2021,Basildon 011,E02004434,6861,4329,4127,3428,894,2534,101,30,71,598,230,368,202,111,93,84,69,15,1,0,1,8,4,4,18,2421,1228,201,383,331,278
2021,Basildon 012,E02004435,7457,4848,4612,3874,1075,2799,116,24,92,622,202,420,236,148,123,122,98,24,0,0,0,1,1,0,25,2461,1133,265,467,355,241
2021,Basildon 013,E02004436,5956,3244,2999,2498,748,1750,68,15,53,433,157,276,245,128,96,87,66,21,0,0,0,9,8,1,32,2584,1055,276,484,513,256
2021,Basildon 014,E02004437,7951,4905,4698,3897,914,2983,109,25,84,692,258,434,207,123,96,86,72,14,2,0,2,8,7,1,27,2923,1579,263,436,379,266
2021,Basildon 015,E02004438,7375,4467,4171,3512,922,2590,78,19,59,581,199,382,296,166,134,118,89,29,1,1,0,15,8,7,32,2742,1201,267,525,467,282
2021,Basildon 016,E02004439,7152,4463,4147,3538,994,2544,82,14,68,527,174,353,316,183,146,137,107,30,1,1,0,8,5,3,37,2506,827,354,543,490,292
2021,Basildon 017,E02004440,7093,4645,4375,3712,832,2880,75,16,59,588,184,404,270,132,106,100,70,30,0,0,0,6,5,1,26,2316,1123,279,436,261,217
2021,Basildon 018,E02004441,6229,3531,3327,2768,775,1993,80,18,62,479,170,309,204,105,79,77,62,15,0,0,0,2,2,0,26,2593,1398,222,362,379,232
2021,Basildon 019,E02004442,6410,3815,3488,2944,840,2104,67,18,49,477,165,312,327,129,95,82,56,26,0,0,0,13,7,6,34,2466,973,294,515,418,266
2021,Basildon 020,E02004443,8364,5532,5259,4446,938,3508,132,22,110,681,237,444,273,139,105,92,59,33,4,4,0,9,4,5,34,2693,1426,332,440,263,232
2021,Basildon 021,E02004444,7367,4692,4512,3733,850,2883,129,21,108,650,262,388,180,144,118,107,86,21,1,0,1,10,5,5,26,2531,1607,269,327,165,163
2021,Basildon 022,E02004445,6576,3980,3745,3057,766,2291,91,21,70,597,204,393,235,142,110,92,75,17,5,3,2,13,8,5,32,2454,1216,220,369,387,262
2021,Braintree 001,E02004446,5880,3513,3399,2581,720,1861,131,31,100,687,304,383,114,92,70,64,52,12,0,0,0,6,3,3,22,2275,1567,185,257,138,128
2021,Braintree 002,E02004447,5152,2949,2852,2049,590,1459,127,32,95,676,330,346,97,68,47,47,41,6,0,0,0,0,0,0,21,2135,1542,168,227,94,104
2021,Braintree 003,E02004448,6400,3944,3817,2978,825,2153,109,27,82,730,301,429,127,78,54,50,42,8,0,0,0,4,4,0,24,2378,1643,179,269,145,142
2021,Braintree 004,E02004449,7171,4371,4140,3358,949,2409,86,18,68,696,274,422,231,109,88,86,70,16,0,0,0,2,0,2,21,2691,1574,211,327,351,228
2021,Braintree 005,E02004450,5364,3157,3084,2292,656,1636,140,36,104,652,300,352,73,50,26,24,24,0,1,1,0,1,1,0,24,2157,1477,158,239,160,123
2021,Braintree 006,E02004451,7836,4635,4513,3617,1042,2575,123,18,105,773,333,440,122,142,113,106,95,11,2,2,0,5,3,2,29,3059,2157,228,290,216,168
2021,Braintree 007,E02004452,7621,4539,4400,3652,983,2669,123,34,89,625,259,366,139,114,85,85,78,7,0,0,0,0,0,0,29,2968,2036,235,310,200,187
2021,Braintree 008,E02004453,5872,3491,3307,2809,820,1989,55,12,43,443,170,273,184,104,75,73,58,15,0,0,0,2,2,0,29,2277,1192,205,350,363,167
2021,Braintree 009,E02004454,7805,5087,4862,4174,1048,3126,91,19,72,597,221,376,225,125,98,86,65,21,1,1,0,11,5,6,27,2593,1543,186,317,260,287
2021,Braintree 010,E02004455,6469,4080,3950,3284,943,2341,92,25,67,574,234,340,130,140,116,116,106,10,0,0,0,0,0,0,24,2249,1496,248,262,128,115
2021,Braintree 011,E02004456,7840,5069,4777,4070,1095,2975,78,15,63,629,245,384,292,132,76,66,56,10,0,0,0,10,4,6,56,2639,1422,245,392,348,232
2021,Braintree 012,E02004457,8438,5370,5132,4285,1141,3144,121,31,90,726,296,430,238,152,110,107,92,15,0,0,0,3,2,1,42,2916,1696,246,446,315,213
2021,Braintree 013,E02004458,7583,4846,4693,3963,1055,2908,112,24,88,618,277,341,153,153,122,116,102,14,2,2,0,4,3,1,31,2584,1714,289,285,134,162
2021,Braintree 014,E02004459,8631,4928,4766,3778,1007,2771,133,34,99,855,386,469,162,160,119,116,104,12,3,3,0,0,0,0,41,3543,2456,304,389,237,157
2021,Braintree 015,E02004460,7880,4835,4642,3951,969,2982,96,22,74,595,226,369,193,106,71,69,63,6,0,0,0,2,1,1,35,2939,1802,241,387,273,236
2021,Braintree 016,E02004461,4457,2887,2724,2357,626,1731,35,7,28,332,148,184,163,81,64,61,50,11,0,0,0,3,3,0,17,1489,733,166,217,234,139
2021,Braintree 017,E02004462,9454,6113,5846,5039,1091,3948,98,21,77,709,297,412,267,148,107,102,79,23,0,0,0,5,5,0,41,3193,1957,258,355,354,269
2021,Braintree 018,E02004463,6717,3992,3875,3138,844,2294,103,23,80,634,255,379,117,80,64,64,53,11,0,0,0,0,0,0,16,2645,1809,197,292,188,159
2021,Brentwood 001,E02004464,8236,4673,4522,3406,1030,2376,181,47,134,935,419,516,151,109,91,89,81,8,0,0,0,2,1,1,18,3454,2395,272,411,191,185
2021,Brentwood 002,E02004465,5287,3043,2959,2317,550,1767,121,19,102,521,241,280,84,59,49,44,36,8,0,0,0,5,4,1,10,2185,1492,180,269,124,120
2021,Brentwood 003,E02004466,6579,4034,3873,3154,795,2359,122,28,94,597,273,324,161,84,71,66,55,11,0,0,0,5,5,0,13,2461,1492,259,325,207,178
2021,Brentwood 004,E02004467,6481,4101,3950,3214,809,2405,110,20,90,626,249,377,151,111,80,73,61,12,0,0,0,7,4,3,31,2269,1300,256,340,192,181
2021,Brentwood 005,E02004468,8624,4878,4713,3785,820,2965,226,44,182,702,344,358,165,103,75,69,60,9,0,0,0,6,6,0,28,3643,2495,385,521,90,152
2021,Brentwood 006,E02004469,5833,3710,3569,2766,661,2105,153,35,118,650,283,367,141,57,45,45,37,8,0,0,0,0,0,0,12,2066,1365,204,259,103,135
2021,Brentwood 007,E02004470,9768,6769,6461,5408,888,4520,153,37,116,900,371,529,308,140,105,91,57,34,0,0,0,14,10,4,35,2859,1626,319,414,214,286
2021,Brentwood 008,E02004471,6922,4279,4107,3319,748,2571,137,31,106,651,276,375,172,92,72,65,52,13,0,0,0,7,4,3,20,2551,1477,285,332,252,205
2021,Brentwood 009,E02004472,5148,3205,3117,2451,584,1867,119,31,88,547,244,303,88,64,46,42,37,5,0,0,0,4,2,2,18,1879,1283,198,222,64,112
2021,Castle Point 001,E02004473,6348,3795,3667,3006,854,2152,77,19,58,584,229,355,128,101,88,83,73,10,0,0,0,5,4,1,13,2452,1721,186,264,146,135
2021,Castle Point 002,E02004474,6672,3823,3695,2945,830,2115,120,35,85,630,256,374,128,81,69,65,57,8,0,0,0,4,4,0,12,2768,1954,230,275,167,142
2021,Castle Point 003,E02004475,5487,3143,3053,2526,668,1858,91,21,70,436,169,267,90,103,75,72,64,8,0,0,0,3,2,1,28,2241,1587,167,218,150,119
2021,Castle Point 004,E02004476,6737,3972,3848,3102,818,2284,134,21,113,612,258,354,124,135,107,101,86,15,1,0,1,5,5,0,28,2630,1916,209,284,110,111
2021,Castle Point 005,E02004477,5158,2748,2653,2119,601,1518,81,21,60,453,194,259,95,49,34,31,26,5,0,0,0,3,1,2,15,2361,1847,127,210,95,82
2021,Castle Point 006,E02004478,5583,3138,3003,2439,672,1767,70,21,49,494,230,264,135,97,80,74,64,10,1,0,1,5,5,0,17,2348,1566,194,223,214,151
2021,Castle Point 007,E02004479,6718,3977,3835,3111,859,2252,88,19,69,636,243,393,142,99,75,71,59,12,1,0,1,3,3,0,24,2642,1823,172,295,215,137
2021,Castle Point 008,E02004480,5536,3426,3297,2719,810,1909,73,15,58,505,202,303,129,95,73,71,61,10,0,0,0,2,2,0,22,2015,1262,201,262,173,117
2021,Castle Point 009,E02004481,5779,2732,2596,2092,563,1529,51,13,38,453,158,295,136,64,45,43,36,7,0,0,0,2,1,1,19,2983,2280,107,255,211,130
2021,Castle Point 010,E02004482,6588,3770,3584,2960,944,2016,92,21,71,532,187,345,186,98,75,72,55,17,1,1,0,2,0,2,23,2720,1406,269,427,365,253
2021,Castle Point 011,E02004483,6751,3511,3348,2649,760,1889,106,17,89,593,216,377,163,89,54,52,46,6,0,0,0,2,1,1,35,3151,2154,173,344,297,183
2021,Castle Point 012,E02004484,7056,3776,3596,2902,777,2125,82,19,63,612,230,382,180,86,55,51,46,5,1,0,1,3,0,3,31,3194,2163,153,347,315,216
2021,Chelmsford 001,E02004485,7602,4851,4682,3786,950,2836,156,33,123,740,294,446,169,120,111,108,93,15,0,0,0,3,3,0,9,2631,1533,309,438,192,159
2021,Chelmsford 002,E02004486,7072,4221,4115,3482,802,2680,94,22,72,539,243,296,106,131,98,93,84,9,1,0,1,4,3,1,33,2720,1914,275,261,138,132
2021,Chelmsford 003,E02004487,5993,3549,3394,2789,795,1994,88,18,70,517,220,297,155,104,73,69,59,10,0,0,0,4,1,3,31,2340,1392,251,318,198,181
2021,Chelmsford 004,E02004488,7923,5161,4993,4253,964,3289,119,22,97,621,243,378,168,168,124,112,99,13,0,0,0,12,10,2,44,2594,1694,257,294,188,161
2021,Chelmsford 005,E02004489,7457,4734,4561,3711,927,2784,135,24,111,715,320,395,173,143,104,102,84,18,0,0,0,2,2,0,39,2580,1454,419,382,155,170
2021,Chelmsford 006,E02004490,6193,3665,3463,2941,864,2077,56,15,41,466,191,275,202,158,121,116,99,17,0,0,0,5,4,1,37,2370,1118,279,386,355,232
2021,Chelmsford 007,E02004491,6029,3866,3751,3144,789,2355,89,18,71,518,230,288,115,107,88,78,68,10,0,0,0,10,7,3,19,2056,1428,221,226,72,109
2021,Chelmsford 008,E02004492,7576,5283,5090,4369,1027,3342,107,23,84,614,249,365,193,138,91,84,65,19,2,0,2,5,2,3,47,2155,1250,267,287,152,199
2021,Chelmsford 009,E02004493,8366,5576,5370,4590,984,3606,102,28,74,678,255,423,206,190,140,127,98,29,1,1,0,12,7,5,50,2600,1364,354,349,310,223
2021,Chelmsford 011,E02004495,7012,3771,3636,2851,788,2063,121,26,95,664,294,370,135,158,124,111,98,13,2,1,1,11,10,1,34,3083,2127,369,279,171,137
2021,Chelmsford 012,E02004496,6533,4257,4112,3434,780,2654,97,19,78,581,272,309,145,101,76,68,63,5,0,0,0,8,7,1,25,2175,1433,257,259,97,129
2021,Chelmsford 013,E02004497,6563,3705,3596,2958,805,2153,125,29,96,513,236,277,109,115,102,102,90,12,0,0,0,0,0,0,13,2743,2065,223,232,106,117
2021,Chelmsford 014,E02004498,7974,4775,4571,3798,1030,2768,109,26,83,664,272,392,204,141,119,112,85,27,0,0,0,7,6,1,22,3058,1767,299,404,338,250
2021,Chelmsford 015,E02004499,5558,3556,3435,2942,772,2170,63,13,50,430,197,233,121,122,99,97,86,11,1,0,1,1,0,1,23,1880,1348,189,203,58,82
2021,Chelmsford 016,E02004500,7613,4210,4073,3188,919,2269,160,32,128,725,342,383,137,112,89,86,73,13,0,0,0,3,3,0,23,3291,2315,258,358,199,161
2021,Chelmsford 017,E02004501,5763,3316,3184,2601,740,1861,100,19,81,483,218,265,132,83,65,61,58,3,1,0,1,3,3,0,18,2364,1675,175,232,145,137
2021,Chelmsford 018,E02004502,6182,3176,3067,2300,671,1629,170,32,138,597,290,307,109,63,49,49,43,6,0,0,0,0,0,0,14,2943,1814,182,299,109,539
2021,Chelmsford 019,E02004503,6487,4078,3940,3300,931,2369,83,20,63,557,236,321,138,102,74,72,57,15,0,0,0,2,2,0,28,2307,1646,197,223,97,144
2021,Chelmsford 020,E02004504,6575,4164,4033,3360,930,2430,119,17,102,554,241,313,131,111,96,93,84,9,1,1,0,2,0,2,15,2300,1532,210,267,150,141
2021,Chelmsford 021,E02004505,5448,3055,2956,2311,589,1722,106,26,80,539,229,310,99,78,58,55,47,8,1,0,1,2,1,1,20,2315,1648,145,241,175,106
2021,Colchester 001,E02004506,5878,3421,3333,2540,675,1865,136,31,105,657,310,347,88,99,77,66,58,8,2,0,2,9,7,2,22,2358,1630,219,267,120,122
2021,Colchester 002,E02004507,7626,5043,4818,4119,1057,3062,110,23,87,589,242,347,225,198,147,140,109,31,0,0,0,7,4,3,51,2385,1124,369,356,326,210
2021,Colchester 003,E02004508,5431,3140,3031,2371,691,1680,121,26,95,539,253,286,109,90,56,52,48,4,0,0,0,4,4,0,34,2201,1554,182,212,157,96
2021,Colchester 007,E02004512,9484,6055,5717,4860,1106,3754,136,41,95,721,331,390,338,282,224,206,152,54,1,0,1,17,13,4,58,3147,1707,443,353,343,301
2021,Colchester 008,E02004513,9551,3669,3392,2904,956,1948,66,18,48,422,138,284,277,1152,681,636,555,81,4,4,0,41,34,7,471,4730,1093,2383,433,517,304
2021,Colchester 009,E02004514,4746,2729,2623,2122,606,1516,93,24,69,408,194,214,106,91,72,68,56,12,0,0,0,4,3,1,19,1926,1274,223,205,119,105
2021,Colchester 010,E02004515,7756,4952,4806,3917,1012,2905,157,33,124,732,315,417,146,152,110,99,87,12,1,1,0,10,7,3,42,2652,1745,269,339,149,150
2021,Colchester 011,E02004516,10604,6604,6222,5272,1356,3916,110,31,79,840,359,481,382,517,315,291,220,71,0,0,0,24,14,10,202,3483,1034,1216,530,358,345
2021,Colchester 012,E02004517,7747,4708,4578,3814,1087,2727,126,23,103,638,258,380,130,185,147,139,121,18,0,0,0,8,6,2,38,2854,1932,252,295,230,145
2021,Colchester 013,E02004518,6344,4249,4105,3392,786,2606,111,27,84,602,287,315,144,175,142,135,115,20,0,0,0,7,5,2,33,1920,1058,335,277,111,139
2021,Colchester 014,E02004519,6249,3345,3238,2676,787,1889,94,21,73,468,208,260,107,139,85,81,70,11,0,0,0,4,4,0,54,2765,1987,250,223,197,108
2021,Colchester 015,E02004520,7143,4823,4603,4048,1094,2954,60,15,45,495,214,281,220,176,124,120,89,31,1,1,0,3,2,1,52,2144,825,320,409,296,294
2021,Colchester 016,E02004521,7666,4615,4410,3656,1071,2585,94,25,69,660,274,386,205,228,177,155,128,27,2,1,1,20,14,6,51,2823,1526,369,363,345,220
2021,Colchester 017,E02004522,7747,3533,3427,2740,741,1999,67,18,49,620,314,306,106,524,275,244,230,14,6,5,1,25,18,7,249,3690,1875,1361,207,147,100
2021,Colchester 018,E02004523,8122,5167,4890,4173,1141,3032,87,17,70,630,241,389,277,178,143,135,100,35,0,0,0,8,6,2,35,2777,1277,340,433,407,320
2021,Colchester 019,E02004524,6953,3974,3877,2988,865,2123,173,38,135,716,309,407,97,114,82,74,67,7,0,0,0,8,7,1,32,2865,2020,231,281,187,146
2021,Colchester 020,E02004525,6812,3761,3641,2951,822,2129,73,15,58,617,250,367,120,121,93,88,72,16,2,1,1,3,3,0,28,2930,2171,192,233,205,129
2021,Colchester 021,E02004526,6348,2979,2865,2080,686,1394,130,41,89,655,292,363,114,103,80,74,64,10,1,1,0,5,3,2,23,3266,2556,173,225,168,144
2021,Epping Forest 001,E02004527,7712,4792,4617,3591,908,2683,161,30,131,865,357,508,175,107,92,85,75,10,3,1,2,4,3,1,15,2813,1820,297,374,142,180
2021,Epping Forest 002,E02004528,7445,4485,4331,3182,819,2363,248,59,189,901,408,493,154,83,65,59,50,9,0,0,0,6,4,2,18,2877,1936,249,355,140,197
2021,Epping Forest 003,E02004529,6170,3652,3529,2463,738,1725,267,55,212,799,382,417,123,72,55,50,39,11,3,2,1,2,1,1,17,2446,1432,244,387,171,212
2021,Epping Forest 004,E02004530,5651,3293,3165,2408,738,1670,110,21,89,647,300,347,128,53,37,30,25,5,2,0,2,5,4,1,16,2305,1484,212,286,149,174
2021,Epping Forest 005,E02004531,5766,3473,3325,2623,657,1966,129,22,107,573,246,327,148,72,52,52,42,10,0,0,0,0,0,0,20,2221,1384,255,270,156,156
2021,Epping Forest 006,E02004532,5310,3308,3164,2523,542,1981,105,25,80,536,235,301,144,64,50,45,37,8,1,1,0,4,3,1,14,1938,1287,156,242,119,134
2021,Epping Forest 007,E02004533,6236,3677,3465,2775,809,1966,118,30,88,572,221,351,212,78,63,60,48,12,0,0,0,3,1,2,15,2481,1422,252,302,273,232
2021,Epping Forest 008,E02004534,7191,4675,4432,3545,963,2582,122,34,88,765,294,471,243,126,88,86,70,16,2,0,2,0,0,0,38,2390,1283,289,347,244,227
2021,Epping Forest 009,E02004535,5111,2969,2822,2204,588,1616,129,38,91,489,218,271,147,85,63,52,41,11,0,0,0,11,6,5,22,2057,1199,166,235,246,211
2021,Epping Forest 010,E02004536,5195,2930,2794,2116,559,1557,141,32,109,537,246,291,136,42,28,28,19,9,0,0,0,0,0,0,14,2223,1463,230,261,100,169
2021,Epping Forest 011,E02004537,7573,4788,4489,3590,924,2666,129,36,93,770,307,463,299,129,92,83,59,24,0,0,0,9,9,0,37,2656,1108,484,382,416,266
2021,Epping Forest 012,E02004538,8069,5092,4869,3727,918,2809,255,48,207,887,399,488,223,98,75,64,53,11,0,0,0,11,10,1,23,2879,1690,412,409,119,249
2021,Epping Forest 013,E02004539,6381,4076,3842,3090,719,2371,119,30,89,633,293,340,234,100,77,61,41,20,2,0,2,14,9,5,23,2205,1167,321,336,199,182
2021,Epping Forest 014,E02004540,4895,3096,2979,2263,515,1748,163,27,136,553,268,285,117,62,45,41,31,10,0,0,0,4,2,2,17,1737,1041,245,247,69,135
2021,Epping Forest 015,E02004541,9501,6246,5985,4683,1029,3654,211,48,163,1091,521,570,261,126,97,86,68,18,1,1,0,10,6,4,29,3129,1932,387,377,169,264
2021,Epping Forest 016,E02004542,5723,3440,3318,2427,621,1806,233,64,169,658,301,357,122,79,68,62,46,16,0,0,0,6,3,3,11,2204,1253,297,336,130,188
2021,Epping Forest 017,E02004543,5981,3695,3497,2486,693,1793,270,66,204,741,344,397,198,154,114,94,65,29,1,1,0,19,12,7,40,2132,1094,314,392,114,218
2021,Harlow 001,E02004544,8791,6158,5944,4938,1113,3825,141,40,101,865,325,540,214,147,98,91,69,22,0,0,0,7,6,1,49,2486,1454,287,311,206,228
2021,Harlow 002,E02004545,6198,3821,3599,3049,887,2162,71,18,53,479,204,275,222,156,116,103,82,21,0,0,0,13,6,7,40,2221,1069,239,364,305,244
2021,Harlow 003,E02004546,6655,4300,4016,3426,834,2592,64,15,49,526,202,324,284,145,123,114,70,44,3,3,0,6,6,0,22,2210,1061,233,368,311,237
2021,Harlow 004,E02004547,7755,5096,4802,4107,971,3136,126,31,95,569,233,336,294,191,150,143,95,48,0,0,0,7,6,1,41,2468,1064,310,463,341,290
2021,Harlow 005,E02004548,7038,4997,4826,4038,978,3060,110,23,87,678,251,427,171,163,133,120,95,25,0,0,0,13,4,9,30,1878,1044,276,284,116,158
2021,Harlow 006,E02004549,6343,4044,3836,3223,900,2323,74,18,56,539,201,338,208,119,82,78,61,17,0,0,0,4,3,1,37,2180,1127,208,372,287,186
2021,Harlow 007,E02004550,6872,4196,3935,3388,891,2497,56,19,37,491,193,298,261,165,128,113,83,30,0,0,0,15,10,5,37,2511,1259,293,368,336,255
2021,Harlow 008,E02004551,5984,3664,3475,2914,740,2174,74,20,54,487,176,311,189,100,70,67,55,12,0,0,0,3,2,1,30,2220,1179,200,332,310,199
2021,Harlow 009,E02004552,5375,3315,3138,2670,697,1973,59,13,46,409,154,255,177,108,81,70,54,16,1,1,0,10,7,3,27,1952,1228,151,242,167,164
2021,Harlow 010,E02004553,6010,3874,3662,3123,763,2360,60,17,43,479,182,297,212,105,80,77,54,23,1,1,0,2,2,0,25,2031,994,225,340,265,207
2021,Harlow 011,E02004554,6077,3809,3590,2998,722,2276,66,20,46,526,200,326,219,148,92,81,54,27,1,1,0,10,5,5,56,2120,1068,264,328,254,206
2021,Maldon 001,E02004555,5481,3212,3118,2311,658,1653,136,36,100,671,303,368,94,67,58,55,51,4,0,0,0,3,2,1,9,2202,1555,178,253,93,123
2021,Maldon 002,E02004556,6304,3371,3293,2508,698,1810,147,35,112,638,302,336,78,100,73,66,62,4,2,2,0,5,5,0,27,2833,2055,219,313,125,121
2021,Maldon 003,E02004557,7280,4464,4295,3542,981,2561,108,22,86,645,297,348,169,102,74,73,62,11,1,0,1,0,0,0,28,2714,1750,229,348,228,159
2021,Maldon 004,E02004558,5817,3194,3045,2451,762,1689,80,23,57,514,260,254,149,57,44,40,35,5,0,0,0,4,4,0,13,2566,1738,163,256,246,163
2021,Maldon 005,E02004559,6768,3927,3773,3133,893,2240,102,29,73,538,231,307,154,106,83,80,72,8,0,0,0,3,3,0,23,2735,1960,204,274,196,101
2021,Maldon 006,E02004560,7524,4407,4212,3256,915,2341,166,44,122,790,311,479,195,59,48,47,40,7,0,0,0,1,0,1,11,3058,1969,246,380,270,193
2021,Maldon 007,E02004561,8846,5112,4959,3758,1097,2661,235,55,180,966,444,522,153,128,98,93,85,8,0,0,0,5,5,0,30,3606,2512,266,390,198,240
2021,Maldon 008,E02004562,7402,4185,4006,3138,835,2303,115,33,82,753,342,411,179,84,70,62,54,8,0,0,0,8,7,1,14,3133,2212,190,360,237,134
2021,Rochford 001,E02004563,5694,2951,2831,2229,662,1567,81,21,60,521,203,318,120,57,44,42,34,8,0,0,0,2,0,2,13,2686,2084,150,212,118,122
2021,Rochford 002,E02004564,6646,3863,3746,3022,891,2131,115,14,101,609,259,350,117,88,69,63,56,7,0,0,0,6,6,0,19,2695,1970,216,250,140,119
2021,Rochford 004,E02004566,4544,2693,2531,2002,542,1460,88,14,74,441,192,249,162,78,59,58,48,10,0,0,0,1,1,0,19,1773,982,156,240,235,160
2021,Rochford 005,E02004567,6810,3958,3829,3143,847,2296,96,26,70,590,267,323,129,98,79,79,69,10,0,0,0,0,0,0,19,2754,2005,236,267,101,145
2021,Rochford 006,E02004568,7070,4656,4472,3748,936,2812,130,22,108,594,245,349,184,124,79,78,66,12,0,0,0,1,1,0,45,2290,1400,243,317,172,158
2021,Rochford 007,E02004569,7029,4448,4272,3510,941,2569,92,19,73,670,267,403,176,103,78,77,63,14,1,0,1,0,0,0,25,2478,1581,216,298,191,192
2021,Rochford 008,E02004570,7138,3962,3795,3126,859,2267,95,17,78,574,248,326,167,108,88,87,75,12,0,0,0,1,0,1,20,3068,2162,233,328,202,143
2021,Rochford 009,E02004571,6438,3617,3513,2879,848,2031,90,14,76,544,262,282,104,81,66,62,54,8,0,0,0,4,4,0,15,2740,2048,193,273,85,141
2021,Rochford 010,E02004572,6523,3875,3706,2964,801,2163,102,23,79,640,280,360,169,96,59,57,48,9,0,0,0,2,2,0,37,2552,1652,208,298,199,195
2021,Tendring 001,E02004573,5238,2795,2586,2196,630,1566,49,9,40,341,170,171,209,67,34,34,27,7,0,0,0,0,0,0,33,2376,1296,179,360,336,205
2021,Tendring 002,E02004574,6197,3345,3155,2741,878,1863,50,12,38,364,171,193,190,96,63,62,49,13,0,0,0,1,1,0,33,2756,1649,212,413,331,151
2021,Tendring 003,E02004575,10127,5821,5680,4573,1262,3311,180,49,131,927,434,493,141,142,107,100,95,5,0,0,0,7,5,2,35,4164,2873,314,409,361,207
2021,Tendring 004,E02004576,7720,3992,3845,3206,963,2243,80,22,58,559,262,297,147,138,100,98,86,12,0,0,0,2,2,0,38,3590,2611,242,317,287,133
2021,Tendring 005,E02004577,5061,3036,2951,2236,617,1619,153,25,128,562,235,327,85,91,70,66,57,9,0,0,0,4,4,0,21,1934,1263,145,220,214,92
2021,Tendring 006,E02004578,6583,2571,2395,1838,604,1234,70,20,50,487,208,279,176,53,35,33,27,6,0,0,0,2,0,2,18,3959,2930,182,342,348,157
2021,Tendring 007,E02004579,6763,3469,3328,2538,811,1727,142,28,114,648,283,365,141,88,60,60,56,4,0,0,0,0,0,0,28,3206,2274,205,279,276,172
2021,Tendring 008,E02004580,10768,4461,4214,3241,1060,2181,126,37,89,847,389,458,247,111,71,66,58,8,0,0,0,5,3,2,40,6196,4885,263,431,395,222
2021,Tendring 009,E02004581,7135,3963,3831,2986,888,2098,134,29,105,711,308,403,132,106,82,77,66,11,0,0,0,5,3,2,24,3066,2225,205,289,200,147
2021,Tendring 010,E02004582,6080,2640,2461,2007,664,1343,57,17,40,397,153,244,179,60,46,44,35,9,0,0,0,2,1,1,14,3380,2495,107,265,353,160
2021,Tendring 011,E02004583,7497,3954,3777,2939,875,2064,131,26,105,707,312,395,177,101,79,71,58,13,0,0,0,8,8,0,22,3442,2417,211,310,316,188
2021,Tendring 012,E02004584,5974,2221,2103,1659,571,1088,59,8,51,385,182,203,118,41,31,29,26,3,0,0,0,2,2,0,10,3712,3064,104,205,206,133
2021,Tendring 013,E02004585,7452,3816,3588,2914,955,1959,70,9,61,604,258,346,228,118,79,78,65,13,1,0,1,0,0,0,39,3518,2353,197,370,390,208
2021,Tendring 014,E02004586,6903,3139,2911,2408,832,1576,78,17,61,425,175,250,228,68,53,48,40,8,0,0,0,5,2,3,15,3696,2488,219,345,401,243
2021,Tendring 015,E02004587,6153,2961,2696,2276,775,1501,57,6,51,363,154,209,265,57,31,29,27,2,0,0,0,2,1,1,26,3135,1704,238,436,526,231
2021,Tendring 016,E02004588,5845,2694,2424,2045,743,1302,56,14,42,323,144,179,270,69,51,49,38,11,0,0,0,2,0,2,18,3082,1457,221,394,673,337
2021,Tendring 017,E02004589,6116,2977,2774,2289,802,1487,67,25,42,418,186,232,203,61,46,44,36,8,0,0,0,2,1,1,15,3078,1911,209,333,418,207
2021,Tendring 018,E02004590,7271,2756,2480,1933,685,1248,63,21,42,484,229,255,276,47,36,36,31,5,0,0,0,0,0,0,11,4468,2819,178,420,692,359
2021,Uttlesford 001,E02004591,6146,3881,3768,3011,816,2195,113,20,93,644,335,309,113,86,65,62,52,10,0,0,0,3,2,1,21,2179,1511,250,246,64,108
2021,Uttlesford 002,E02004592,10602,6582,6374,5278,1352,3926,142,23,119,954,471,483,208,147,119,115,96,19,1,0,1,3,3,0,28,3873,2581,389,419,265,219
2021,Uttlesford 003,E02004593,7345,4446,4322,3266,890,2376,163,37,126,893,418,475,124,55,39,38,33,5,0,0,0,1,1,0,16,2844,1912,268,394,112,158
2021,Uttlesford 004,E02004594,6769,4194,4056,3086,839,2247,158,34,124,812,391,421,138,84,62,55,44,11,0,0,0,7,6,1,22,2491,1577,269,319,156,170
2021,Uttlesford 005,E02004595,11896,7748,7480,5906,1462,4444,224,38,186,1350,599,751,268,163,135,118,93,25,1,0,1,16,12,4,28,3985,2539,422,533,241,250
2021,Uttlesford 006,E02004596,8267,5503,5282,4157,1121,3036,170,48,122,955,402,553,221,117,101,100,87,13,0,0,0,1,1,0,16,2647,1534,329,399,178,207
2021,Uttlesford 007,E02004597,7271,4675,4517,3614,955,2659,141,26,115,762,320,442,158,110,77,76,62,14,0,0,0,1,1,0,33,2486,1630,228,302,151,175
2021,Uttlesford 008,E02004598,8864,5479,5333,4083,1126,2957,227,53,174,1023,498,525,146,139,104,98,82,16,0,0,0,6,5,1,35,3246,2085,441,409,145,166
2021,Uttlesford 009,E02004599,6354,3966,3833,2840,775,2065,219,56,163,774,352,422,133,92,72,70,59,11,0,0,0,2,1,1,20,2296,1488,252,313,115,128
2021,Cheltenham 001,E02004600,4584,2872,2785,2355,685,1670,50,10,40,380,182,198,87,44,34,34,28,6,0,0,0,0,0,0,10,1668,1057,123,174,180,134
2021,Cheltenham 002,E02004601,5219,2630,2571,2132,597,1535,71,13,58,368,164,204,59,175,95,91,85,6,0,0,0,4,2,2,80,2414,1769,339,140,90,76
2021,Cheltenham 003,E02004602,5351,3342,3190,2766,738,2028,56,11,45,368,147,221,152,90,73,69,59,10,0,0,0,4,4,0,17,1919,1027,186,276,253,177
2021,Cheltenham 004,E02004603,7055,3551,3361,2821,706,2115,78,27,51,462,225,237,190,670,508,474,427,47,1,1,0,33,29,4,162,2834,880,1186,266,266,236
2021,Cheltenham 005,E02004604,6350,3909,3679,3167,964,2203,67,18,49,445,194,251,230,113,91,86,74,12,2,2,0,3,3,0,22,2328,916,249,446,444,273
2021,Cheltenham 006,E02004605,4588,2731,2584,2182,712,1470,48,10,38,354,155,199,147,80,66,60,50,10,0,0,0,6,3,3,14,1777,877,157,293,272,178
2021,Cheltenham 007,E02004606,8822,5981,5750,4936,1095,3841,99,23,76,715,317,398,231,214,175,166,143,23,0,0,0,9,9,0,39,2627,1368,338,325,326,270
2021,Cheltenham 008,E02004607,8435,5696,5480,4546,914,3632,135,31,104,799,399,400,216,161,123,116,92,24,0,0,0,7,5,2,38,2578,1560,368,253,207,190
2021,Cheltenham 009,E02004608,8607,5347,5149,4294,801,3493,123,35,88,732,326,406,198,145,122,112,77,35,0,0,0,10,10,0,23,3115,1820,648,201,226,220
2021,Cheltenham 010,E02004609,5951,3662,3559,3048,748,2300,68,16,52,443,224,219,103,122,103,99,72,27,0,0,0,4,4,0,19,2167,1578,176,176,128,109
2021,Cheltenham 011,E02004610,6510,3549,3434,2735,654,2081,118,22,96,581,306,275,115,127,92,88,69,19,0,0,0,4,3,1,35,2834,1936,493,170,124,111
2021,Cheltenham 012,E02004611,9507,6146,5974,4767,1317,3450,196,45,151,1011,529,482,172,188,144,134,120,14,0,0,0,10,9,1,44,3173,2085,417,305,162,204
2021,Cheltenham 013,E02004612,7689,4522,4405,3761,1112,2649,79,21,58,565,278,287,117,129,110,107,96,11,1,1,0,2,2,0,19,3038,2176,287,255,190,130
2021,Cheltenham 014,E02004613,5292,2975,2911,2339,705,1634,109,23,86,463,260,203,64,101,69,63,56,7,0,0,0,6,6,0,32,2216,1728,222,142,57,67
2021,Cheltenham 015,E02004614,4482,2538,2471,2002,577,1425,83,14,69,386,223,163,67,67,53,48,44,4,1,1,0,4,3,1,14,1877,1412,153,142,111,59
2021,Cotswold 001,E02004615,7436,3934,3813,2664,787,1877,181,41,140,968,466,502,121,85,70,65,57,8,0,0,0,5,4,1,15,3417,2566,215,299,182,155
2021,Cotswold 002,E02004616,8546,4874,4707,3508,937,2571,202,38,164,997,457,540,167,92,76,69,63,6,1,0,1,6,5,1,16,3580,2601,217,366,210,186
2021,Cotswold 003,E02004617,7826,4741,4629,3360,910,2450,217,45,172,1052,501,551,112,93,78,75,64,11,0,0,0,3,3,0,15,2992,2078,255,340,139,180
2021,Cotswold 004,E02004618,6129,3704,3605,2502,679,1823,203,49,154,900,444,456,99,80,60,50,41,9,0,0,0,10,9,1,20,2345,1554,315,273,71,132
2021,Cotswold 005,E02004619,6120,3606,3506,2444,685,1759,190,39,151,872,453,419,100,72,59,54,48,6,2,0,2,3,3,0,13,2442,1754,186,285,110,107
2021,Cotswold 006,E02004620,6856,4282,4148,3386,982,2404,116,16,100,646,303,343,134,149,127,120,112,8,0,0,0,7,7,0,22,2425,1648,253,250,162,112
2021,Cotswold 007,E02004621,5380,2778,2661,2116,526,1590,88,19,69,457,228,229,117,117,93,79,61,18,0,0,0,14,13,1,24,2485,1641,359,168,184,133
2021,Cotswold 008,E02004622,6328,3767,3621,3045,768,2277,86,18,68,490,214,276,146,119,88,77,64,13,2,0,2,9,8,1,31,2442,1556,305,228,182,171
2021,Cotswold 009,E02004623,7664,4409,4279,3305,886,2419,143,36,107,831,395,436,130,111,81,77,66,11,0,0,0,4,3,1,30,3144,2352,216,301,131,144
2021,Cotswold 010,E02004624,5460,3273,3178,2417,630,1787,127,32,95,634,324,310,95,74,62,56,49,7,0,0,0,6,5,1,12,2113,1501,176,220,102,114
2021,Cotswold 011,E02004625,8561,5192,5052,3857,986,2871,179,37,142,1016,510,506,140,96,84,76,60,16,2,0,2,6,6,0,12,3273,2315,269,312,177,200
2021,Forest of Dean 001,E02004626,8646,4305,4192,2981,878,2103,205,32,173,1006,427,579,113,284,192,172,160,12,1,0,1,19,12,7,92,4057,2377,1038,274,207,161
2021,Forest of Dean 002,E02004627,5278,3048,2937,2367,662,1705,80,23,57,490,222,268,111,72,66,57,39,18,0,0,0,9,6,3,6,2158,1479,149,220,172,138
2021,Forest of Dean 003,E02004628,6565,3770,3631,2933,881,2052,81,23,58,617,248,369,139,65,47,44,36,8,0,0,0,3,3,0,18,2730,1820,250,256,271,133
2021,Forest of Dean 004,E02004629,10666,6112,5826,4800,1342,3458,129,28,101,897,359,538,286,123,100,93,75,18,2,0,2,5,4,1,23,4431,2673,329,536,572,321
2021,Forest of Dean 005,E02004630,5684,3126,3041,2214,650,1564,144,37,107,683,299,384,85,61,51,49,41,8,0,0,0,2,1,1,10,2497,1685,182,200,289,141
2021,Forest of Dean 006,E02004631,4425,2396,2299,1681,553,1128,76,12,64,542,257,285,97,50,42,39,35,4,1,0,1,2,2,0,8,1979,1464,124,169,123,99
2021,Forest of Dean 007,E02004632,9023,4981,4790,3950,1204,2746,122,28,94,718,286,432,191,97,72,62,51,11,2,1,1,8,3,5,25,3945,2593,271,376,481,224
2021,Forest of Dean 008,E02004633,7048,3962,3826,3004,905,2099,98,27,71,724,302,422,136,93,71,65,57,8,1,1,0,5,5,0,22,2993,2062,244,288,259,140
2021,Forest of Dean 009,E02004634,9373,5446,5178,4316,1281,3035,128,27,101,734,292,442,268,97,74,72,64,8,0,0,0,2,0,2,23,3830,2504,285,401,411,229
2021,Forest of Dean 010,E02004635,6337,3610,3489,2848,738,2110,113,27,86,528,244,284,121,78,63,58,48,10,1,1,0,4,4,0,15,2649,1884,180,238,176,171
2021,Gloucester 001,E02004636,6592,3998,3929,3388,911,2477,68,13,55,473,186,287,69,165,108,104,91,13,0,0,0,4,3,1,57,2429,1738,326,171,86,108
2021,Gloucester 002,E02004637,7960,4481,4284,3789,903,2886,86,19,67,409,165,244,197,308,228,210,173,37,1,0,1,17,10,7,80,3171,1637,578,212,464,280
2021,Gloucester 003,E02004638,4811,3018,2936,2558,699,1859,46,7,39,332,144,188,82,89,65,61,48,13,1,1,0,3,3,0,24,1704,1171,182,150,117,84
2021,Gloucester 004,E02004639,9958,5826,5495,4824,1100,3724,102,22,80,569,212,357,331,474,351,334,271,63,3,2,1,14,11,3,123,3658,1469,786,379,582,442
2021,Gloucester 005,E02004640,6573,3928,3647,3162,983,2179,72,27,45,413,187,226,281,178,133,128,111,17,2,2,0,3,3,0,45,2467,749,393,611,361,353
2021,Gloucester 006,E02004641,6255,3388,3300,2859,776,2083,54,7,47,387,175,212,88,77,53,51,46,5,1,0,1,1,1,0,24,2790,2190,161,179,176,84
2021,Gloucester 007,E02004642,9655,6223,5982,5225,1456,3769,104,19,85,653,237,416,241,228,154,147,124,23,0,0,0,7,7,0,74,3204,1868,354,382,331,269
2021,Gloucester 008,E02004643,6330,3893,3656,3210,937,2273,48,10,38,398,149,249,237,137,96,94,70,24,0,0,0,2,2,0,41,2300,815,337,463,414,271
2021,Gloucester 009,E02004644,7292,4675,4478,3902,1114,2788,63,15,48,513,184,329,197,163,124,119,105,14,1,0,1,4,3,1,39,2454,1241,311,327,352,223
2021,Gloucester 010,E02004645,7491,4836,4700,4117,1083,3034,69,15,54,514,179,335,136,127,97,94,85,9,0,0,0,3,1,2,30,2528,1852,201,197,168,110
2021,Gloucester 011,E02004646,7277,4263,4056,3537,1109,2428,69,13,56,450,155,295,207,129,95,91,73,18,0,0,0,4,3,1,34,2885,1393,241,368,572,311
2021,Gloucester 012,E02004647,5067,2869,2754,2354,680,1674,53,13,40,347,134,213,115,93,66,66,58,8,0,0,0,0,0,0,27,2105,1322,168,204,256,155
2021,Gloucester 013,E02004648,4746,2655,2585,2243,664,1579,39,7,32,303,104,199,70,74,58,55,41,14,1,1,0,2,2,0,16,2017,1495,95,151,169,107
2021,Gloucester 014,E02004649,5891,4291,4171,3732,915,2817,58,7,51,381,148,233,120,124,87,85,73,12,1,0,1,1,1,0,37,1476,874,193,141,145,123
2021,Gloucester 015,E02004650,11034,7965,7710,6907,1735,5172,93,10,83,710,282,428,255,279,222,210,175,35,0,0,0,12,9,3,57,2790,1315,403,449,362,261
2021,Stroud 001,E02004651,8743,6082,5942,5080,1288,3792,159,28,131,703,305,398,140,148,121,119,102,17,0,0,0,2,2,0,27,2513,1605,284,267,180,177
2021,Stroud 002,E02004652,5692,2997,2900,1943,606,1337,164,47,117,793,420,373,97,74,55,45,41,4,0,0,0,10,9,1,19,2621,1992,183,208,116,122
2021,Stroud 003,E02004653,6442,3938,3825,3013,840,2173,147,31,116,665,289,376,113,101,85,80,64,16,0,0,0,5,5,0,16,2403,1729,179,187,186,122
2021,Stroud 004,E02004654,9543,5752,5563,4520,1351,3169,145,25,120,898,406,492,189,182,152,149,129,20,0,0,0,3,3,0,30,3609,2469,329,324,318,169
2021,Stroud 005,E02004655,6677,4065,3939,3400,886,2514,73,17,56,466,201,265,126,104,79,78,66,12,1,1,0,0,0,0,25,2508,1600,255,207,296,150
2021,Stroud 006,E02004656,9503,5937,5698,4265,1371,2894,148,46,102,1285,667,618,239,167,126,119,101,18,0,0,0,7,7,0,41,3399,1985,360,310,423,321
2021,Stroud 007,E02004657,5598,3538,3449,2574,817,1757,87,29,58,788,393,395,89,86,71,63,53,10,0,0,0,8,7,1,15,1974,1393,201,172,97,111
2021,Stroud 008,E02004658,5233,3240,3161,2458,744,1714,85,13,72,618,314,304,79,107,83,77,69,8,0,0,0,6,4,2,24,1886,1384,209,135,78,80
2021,Stroud 009,E02004659,5926,3449,3364,2639,821,1818,118,24,94,607,277,330,85,81,64,60,47,13,0,0,0,4,2,2,17,2396,1807,153,186,141,109
2021,Stroud 010,E02004660,5614,2803,2718,2007,591,1416,123,21,102,588,322,266,85,84,63,56,50,6,0,0,0,7,6,1,21,2727,2080,176,193,171,107
2021,Stroud 011,E02004661,7153,4153,4012,3370,900,2470,86,15,71,556,277,279,141,86,65,57,49,8,0,0,0,8,7,1,21,2914,2167,160,237,232,118
2021,Stroud 012,E02004662,5489,3397,3293,2607,683,1924,118,19,99,568,224,344,104,60,43,42,34,8,0,0,0,1,0,1,17,2032,1487,158,163,119,105
2021,Stroud 013,E02004663,5410,3224,3124,2363,755,1608,110,28,82,651,367,284,100,65,47,47,39,8,0,0,0,0,0,0,18,2121,1501,166,168,134,152
2021,Stroud 014,E02004664,6014,3690,3589,3044,814,2230,78,21,57,467,213,254,101,87,72,66,55,11,0,0,0,6,4,2,15,2237,1398,212,246,227,154
2021,Stroud 015,E02004665,7156,4234,4128,3275,911,2364,114,23,91,739,358,381,106,101,83,79,67,12,0,0,0,4,3,1,18,2821,2043,247,207,172,152
2021,Tewkesbury 001,E02004666,9738,6535,6346,5546,1308,4238,109,19,90,691,276,415,189,156,127,122,100,22,0,0,0,5,4,1,29,3047,1949,334,327,235,202
2021,Tewkesbury 002,E02004667,9007,5048,4863,4108,1069,3039,116,26,90,639,292,347,185,85,61,60,48,12,0,0,0,1,1,0,24,3874,2788,257,319,320,190
2021,Tewkesbury 003,E02004668,7688,4149,4024,2915,915,2000,175,37,138,934,442,492,125,95,78,73,67,6,0,0,0,5,4,1,17,3444,2640,204,314,133,153
2021,Tewkesbury 004,E02004669,6241,3542,3433,2555,708,1847,164,44,120,714,326,388,109,97,78,75,63,12,2,2,0,1,1,0,19,2602,1908,198,233,137,126
2021,Tewkesbury 006,E02004671,5906,3472,3390,2741,740,2001,116,23,93,533,235,298,82,86,72,69,53,16,1,1,0,2,2,0,14,2348,1705,192,184,134,133
2021,Tewkesbury 007,E02004672,10049,6146,5959,5205,1444,3761,123,32,91,631,298,333,187,151,114,110,90,20,3,3,0,1,1,0,37,3752,2583,327,359,227,256
2021,Tewkesbury 008,E02004673,6271,3781,3659,3003,814,2189,109,21,88,547,227,320,122,89,67,64,52,12,0,0,0,3,3,0,22,2401,1653,210,247,179,112
2021,Tewkesbury 009,E02004674,9713,6414,6199,5409,1290,4119,118,21,97,672,267,405,215,150,127,123,93,30,0,0,0,4,4,0,23,3149,1891,310,343,385,220
2021,Basingstoke and Deane 001,E02004675,6229,3936,3818,3278,710,2568,61,8,53,479,195,284,118,67,45,41,36,5,0,0,0,4,4,0,22,2226,1512,148,202,230,134
2021,Basingstoke and Deane 002,E02004676,6723,4122,3995,3298,747,2551,93,19,74,604,262,342,127,104,87,83,70,13,0,0,0,4,4,0,17,2497,1913,172,199,113,100
2021,Basingstoke and Deane 003,E02004677,6111,3774,3674,2874,687,2187,110,24,86,690,357,333,100,92,73,70,59,11,1,0,1,2,1,1,19,2245,1534,203,289,98,121
2021,Basingstoke and Deane 004,E02004678,6312,3904,3797,3049,644,2405,118,24,94,630,290,340,107,91,70,65,50,15,0,0,0,5,5,0,21,2317,1623,177,267,117,133
2021,Basingstoke and Deane 005,E02004679,8825,5926,5755,4829,943,3886,128,25,103,798,344,454,171,122,96,89,73,16,0,0,0,7,7,0,26,2777,1773,291,373,156,184
2021,Basingstoke and Deane 006,E02004680,6277,4655,4517,3955,695,3260,60,9,51,502,194,308,138,103,78,75,56,19,1,1,0,2,2,0,25,1519,960,183,235,69,72
2021,Basingstoke and Deane 007,E02004681,11368,8051,7680,6900,1336,5564,91,15,76,689,244,445,371,219,156,149,114,35,0,0,0,7,4,3,63,3098,1348,400,541,443,366
2021,Basingstoke and Deane 008,E02004682,6701,4569,4385,3832,776,3056,72,12,60,481,205,276,184,121,94,89,74,15,0,0,0,5,5,0,27,2011,1148,214,277,183,189
2021,Basingstoke and Deane 009,E02004683,6664,4576,4352,3889,746,3143,64,9,55,399,155,244,224,111,86,85,65,20,1,1,0,0,0,0,25,1977,1061,208,300,226,182
2021,Basingstoke and Deane 010,E02004684,9013,6394,6151,5486,1062,4424,80,16,64,585,219,366,243,155,112,109,89,20,0,0,0,3,0,3,43,2464,1258,276,365,299,266
2021,Basingstoke and Deane 011,E02004685,6734,4703,4510,3975,697,3278,57,10,47,478,189,289,193,86,73,66,44,22,0,0,0,7,7,0,13,1945,1024,190,278,209,244
2021,Basingstoke and Deane 012,E02004686,7284,5064,4863,4219,819,3400,86,17,69,558,216,342,201,135,102,101,75,26,1,0,1,0,0,0,33,2085,1088,201,351,215,230
2021,Basingstoke and Deane 013,E02004687,5858,3884,3670,3199,765,2434,42,12,30,429,167,262,214,100,78,74,60,14,1,0,1,3,2,1,22,1874,893,206,326,262,187
2021,Basingstoke and Deane 014,E02004688,6357,3941,3731,3224,823,2401,62,10,52,445,172,273,210,96,74,68,54,14,3,1,2,3,1,2,22,2320,1242,179,313,372,214
2021,Basingstoke and Deane 015,E02004689,4788,2590,2534,2102,514,1588,60,20,40,372,172,200,56,83,60,55,45,10,0,0,0,5,5,0,23,2115,1677,123,163,75,77
2021,Basingstoke and Deane 016,E02004690,6699,4486,4331,3745,813,2932,74,19,55,512,189,323,155,130,99,99,90,9,0,0,0,0,0,0,31,2083,1392,198,201,123,169
2021,Basingstoke and Deane 017,E02004691,6687,3902,3799,2956,753,2203,148,33,115,695,331,364,103,93,71,69,62,7,0,0,0,2,2,0,22,2692,1988,183,256,141,124
2021,Basingstoke and Deane 018,E02004692,6155,3301,3208,2721,647,2074,82,24,58,405,188,217,93,110,89,87,77,10,0,0,0,2,1,1,21,2744,2212,150,168,111,103
2021,Basingstoke and Deane 019,E02004693,5952,3984,3819,3383,761,2622,53,11,42,383,125,258,165,102,77,73,53,20,0,0,0,4,3,1,25,1866,998,183,262,263,160
2021,Basingstoke and Deane 020,E02004694,6109,3838,3743,3030,703,2327,93,19,74,620,304,316,95,90,72,69,57,12,0,0,0,3,2,1,18,2181,1525,168,243,120,125
2021,Basingstoke and Deane 021,E02004695,6860,5149,4990,4384,914,3470,70,12,58,536,220,316,159,196,142,137,119,18,0,0,0,5,5,0,54,1515,856,236,237,72,114
2021,Basingstoke and Deane 022,E02004696,6109,3882,3755,3117,669,2448,81,15,66,557,275,282,127,75,65,60,43,17,0,0,0,5,4,1,10,2152,1526,178,239,103,106
2021,East Hampshire 001,E02004697,5571,3264,3163,2399,600,1799,104,22,82,660,308,352,101,78,61,58,49,9,0,0,0,3,2,1,17,2229,1503,283,247,104,92
2021,East Hampshire 002,E02004698,5319,3290,3107,2639,622,2017,49,10,39,419,179,240,183,64,47,44,39,5,1,1,0,2,2,0,17,1965,1151,173,229,254,158
2021,East Hampshire 003,E02004699,9039,5405,5255,4356,1075,3281,120,26,94,779,363,416,150,158,117,105,95,10,0,0,0,12,6,6,41,3476,2534,291,283,199,169
2021,East Hampshire 004,E02004700,5350,3939,3807,3103,690,2413,81,16,65,623,251,372,132,72,62,56,47,9,0,0,0,6,6,0,10,1339,619,161,241,159,159
2021,East Hampshire 006,E02004702,6561,4448,4285,3468,939,2529,71,14,57,746,311,435,163,90,74,72,62,10,0,0,0,2,2,0,16,2023,1226,180,255,210,152
2021,East Hampshire 007,E02004703,10507,6151,5999,4460,1165,3295,237,44,193,1302,648,654,152,185,138,124,113,11,0,0,0,14,10,4,47,4171,2954,389,469,170,189
2021,East Hampshire 008,E02004704,5184,3296,3200,2448,608,1840,102,12,90,650,279,371,96,74,57,55,47,8,1,1,0,1,1,0,17,1814,1223,154,218,119,100
2021,East Hampshire 009,E02004705,7900,4722,4571,3566,882,2684,147,25,122,858,402,456,151,148,117,107,94,13,0,0,0,10,9,1,31,3030,2066,275,338,195,156
2021,East Hampshire 010,E02004706,6375,3620,3518,2678,707,1971,125,26,99,715,342,373,102,101,76,68,60,8,0,0,0,8,5,3,25,2654,1771,255,266,201,161
2021,East Hampshire 011,E02004707,9361,5291,5129,3825,1039,2786,188,28,160,1116,572,544,162,141,102,91,82,9,3,0,3,8,8,0,39,3929,2665,527,397,159,181
2021,East Hampshire 012,E02004708,7844,4755,4557,3676,1007,2669,106,23,83,775,343,432,198,112,84,76,66,10,1,1,0,7,5,2,28,2977,1958,295,287,219,218
2021,East Hampshire 013,E02004709,7164,4359,4241,3473,985,2488,94,21,73,674,303,371,118,140,104,98,85,13,0,0,0,6,5,1,36,2665,1991,196,220,151,107
2021,East Hampshire 014,E02004710,5467,3226,3128,2496,695,1801,88,15,73,544,216,328,98,99,73,67,57,10,0,0,0,6,6,0,26,2142,1545,183,197,111,106
2021,Eastleigh 001,E02004712,6992,3875,3764,3140,845,2295,112,22,90,512,238,274,111,132,96,87,81,6,1,0,1,8,4,4,36,2985,2295,275,219,92,104
2021,Eastleigh 002,E02004713,6492,3853,3741,3213,855,2358,76,23,53,452,188,264,112,106,84,80,70,10,0,0,0,4,3,1,22,2533,1910,206,197,117,103
2021,Eastleigh 003,E02004714,6357,3768,3658,3103,809,2294,84,18,66,471,217,254,110,101,76,73,62,11,0,0,0,3,3,0,25,2488,1904,181,176,114,113
2021,Eastleigh 004,E02004715,7296,4710,4530,3910,1007,2903,91,23,68,529,216,313,180,128,93,92,78,14,0,0,0,1,0,1,35,2458,1563,194,291,233,177
2021,Eastleigh 005,E02004716,7054,4512,4366,3665,1077,2588,79,16,63,622,261,361,146,103,83,80,71,9,2,1,1,1,0,1,20,2439,1664,192,237,192,154
2021,Eastleigh 006,E02004717,10045,6740,6449,5640,1409,4231,90,19,71,719,260,459,291,191,151,146,120,26,2,2,0,3,1,2,40,3114,1523,396,475,450,270
2021,Eastleigh 007,E02004718,7083,4921,4726,4141,1017,3124,68,14,54,517,206,311,195,108,84,82,67,15,0,0,0,2,1,1,24,2054,999,229,289,311,226
2021,Eastleigh 008,E02004719,9404,6111,5960,5068,1321,3747,154,31,123,738,317,421,151,187,143,136,121,15,1,1,0,6,6,0,44,3106,2234,266,319,117,170
2021,Eastleigh 009,E02004720,9603,5840,5686,4773,1318,3455,129,29,100,784,305,479,154,171,134,128,110,18,0,0,0,6,6,0,37,3592,2691,235,257,222,187
2021,Eastleigh 010,E02004721,8827,6583,6454,5602,1413,4189,118,24,94,734,281,453,129,263,204,186,163,23,1,0,1,17,13,4,59,1981,1122,289,299,131,140
2021,Eastleigh 011,E02004722,5743,3358,3272,2759,776,1983,69,17,52,444,167,277,86,92,70,69,59,10,1,0,1,0,0,0,22,2293,1608,172,205,229,79
2021,Eastleigh 012,E02004723,8117,4941,4810,4062,1149,2913,91,19,72,657,289,368,131,177,126,125,109,16,0,0,0,1,1,0,51,2999,2276,215,209,173,126
2021,Eastleigh 013,E02004724,7750,5226,5033,4265,1040,3225,117,29,88,651,263,388,193,135,102,98,84,14,0,0,0,4,3,1,33,2389,1442,221,317,231,178
2021,Eastleigh 014,E02004725,4548,2629,2521,2081,607,1474,48,8,40,392,153,239,108,67,45,44,40,4,0,0,0,1,0,1,22,1852,1313,112,164,174,89
2021,Eastleigh 015,E02004726,5019,3111,3005,2410,624,1786,87,19,68,508,228,280,106,73,46,38,33,5,0,0,0,8,7,1,27,1835,1312,146,187,94,96
2021,Fareham 001,E02004727,8013,5406,5250,4377,1010,3367,160,28,132,713,312,401,156,189,156,147,130,17,0,0,0,9,7,2,33,2418,1551,276,293,171,127
2021,Fareham 002,E02004728,7482,4630,4471,3802,1002,2800,87,19,68,582,234,348,159,135,96,91,77,14,0,0,0,5,4,1,39,2717,1881,239,259,166,172
2021,Fareham 003,E02004729,6021,3590,3429,2941,820,2121,61,13,48,427,180,247,161,86,68,67,60,7,0,0,0,1,0,1,18,2345,1568,177,200,235,165
2021,Fareham 004,E02004730,7361,4117,4016,3414,851,2563,100,20,80,502,228,274,101,112,84,80,69,11,0,0,0,4,4,0,28,3132,2459,212,196,150,115
2021,Fareham 005,E02004731,6389,3776,3672,3122,849,2273,78,14,64,472,222,250,104,138,100,97,90,7,0,0,0,3,3,0,38,2475,1969,159,160,103,84
2021,Fareham 006,E02004732,7283,4340,4219,3420,909,2511,133,32,101,666,312,354,121,126,100,100,91,9,0,0,0,0,0,0,26,2817,2114,236,235,128,104
2021,Fareham 007,E02004733,6656,4020,3920,3260,789,2471,88,19,69,572,266,306,100,122,89,85,80,5,0,0,0,4,4,0,33,2514,1805,195,222,190,102
2021,Fareham 008,E02004734,8591,5167,4998,4242,1024,3218,108,26,82,648,269,379,169,132,107,102,84,18,0,0,0,5,4,1,25,3292,2323,265,267,229,208
2021,Fareham 009,E02004735,6397,3523,3439,2959,755,2204,61,21,40,419,185,234,84,90,60,57,53,4,0,0,0,3,3,0,30,2784,2281,128,173,107,95
2021,Fareham 010,E02004736,6849,3898,3805,3167,898,2269,78,18,60,560,237,323,93,103,76,72,62,10,0,0,0,4,2,2,27,2848,2293,156,194,116,89
2021,Fareham 011,E02004737,6127,3796,3642,3158,795,2363,48,9,39,436,158,278,154,102,83,83,67,16,0,0,0,0,0,0,19,2229,1289,188,272,309,171
2021,Fareham 012,E02004738,6122,3542,3399,2820,747,2073,73,20,53,506,195,311,143,98,79,76,71,5,0,0,0,3,3,0,19,2482,1800,160,208,162,152
2021,Fareham 013,E02004739,6317,3214,3141,2696,647,2049,62,15,47,383,161,222,73,88,65,65,50,15,0,0,0,0,0,0,23,3015,2348,247,150,117,153
2021,Fareham 014,E02004740,6046,3063,2993,2493,701,1792,61,18,43,439,225,214,70,105,86,77,67,10,0,0,0,9,8,1,19,2878,2383,149,178,100,68
2021,Gosport 001,E02004741,6199,3494,3343,2916,818,2098,58,14,44,369,135,234,151,102,78,75,65,10,0,0,0,3,3,0,24,2603,1726,191,257,289,140
2021,Gosport 002,E02004742,5866,3294,3154,2727,755,1972,56,12,44,371,124,247,140,86,67,65,53,12,0,0,0,2,2,0,19,2486,1590,166,257,340,133
2021,Gosport 003,E02004743,6027,3802,3667,3195,811,2384,48,10,38,424,160,264,135,111,85,83,72,11,0,0,0,2,1,1,26,2114,1438,145,232,153,146
2021,Gosport 004,E02004744,7185,4850,4582,4093,1100,2993,54,15,39,435,178,257,268,120,73,73,52,21,0,0,0,0,0,0,47,2215,773,320,516,346,260
2021,Gosport 005,E02004745,6952,4375,4151,3604,926,2678,67,23,44,480,175,305,224,119,88,83,67,16,0,0,0,5,4,1,31,2458,1341,215,331,366,205
2021,Gosport 006,E02004746,9227,4938,4788,4067,1049,3018,117,32,85,604,270,334,150,183,130,128,112,16,0,0,0,2,2,0,53,4106,3121,303,275,246,161
2021,Gosport 007,E02004747,5235,3105,2968,2556,672,1884,41,9,32,371,165,206,137,94,75,67,49,18,0,0,0,8,7,1,19,2036,1270,160,191,258,157
2021,Gosport 008,E02004748,7769,4500,4179,3597,1000,2597,80,15,65,502,180,322,321,119,88,82,67,15,0,0,0,6,6,0,31,3150,1681,249,412,506,302
2021,Gosport 009,E02004749,6045,3119,3026,2517,686,1831,74,20,54,435,201,234,93,98,79,73,66,7,0,0,0,6,6,0,19,2828,2191,183,178,167,109
2021,Gosport 010,E02004750,6695,3953,3797,3284,776,2508,73,14,59,440,186,254,156,92,60,60,54,6,0,0,0,0,0,0,32,2650,1922,201,193,172,162
2021,Hart 001,E02004751,7044,4189,4036,3287,806,2481,93,21,72,656,303,353,153,98,67,62,54,8,1,0,1,4,3,1,31,2757,1990,225,259,153,130
2021,Hart 002,E02004752,6490,4022,3902,3177,788,2389,95,15,80,630,272,358,120,101,72,70,61,9,1,1,0,1,1,0,29,2367,1701,229,242,73,122
2021,Hart 003,E02004753,9608,6248,6039,5125,1119,4006,114,34,80,800,329,471,209,169,137,127,97,30,4,0,4,6,6,0,32,3191,2090,328,308,144,321
2021,Hart 004,E02004754,5805,3448,3346,2627,633,1994,114,20,94,605,297,308,102,71,48,47,41,6,0,0,0,1,1,0,23,2286,1604,161,284,125,112
2021,Hart 005,E02004755,9684,6760,6527,5515,1066,4449,136,24,112,876,348,528,233,188,157,154,130,24,2,1,1,1,1,0,31,2736,1738,311,391,109,187
2021,Hart 006,E02004756,7683,5139,4984,4117,948,3169,111,12,99,756,342,414,155,130,94,90,73,17,0,0,0,4,3,1,36,2414,1530,316,322,121,125
2021,Hart 007,E02004757,6497,3698,3576,2979,758,2221,92,21,71,505,262,243,122,125,99,92,84,8,0,0,0,7,6,1,26,2674,2085,218,238,62,71
2021,Hart 008,E02004758,7396,4485,4337,3519,797,2722,152,39,113,666,313,353,148,122,98,89,78,11,1,1,0,8,8,0,24,2789,1855,247,367,199,121
2021,Hart 009,E02004759,6635,4114,3976,3299,792,2507,90,17,73,587,275,312,138,133,99,91,80,11,0,0,0,8,8,0,34,2388,1689,239,211,100,149
2021,Hart 010,E02004760,8172,5521,5343,4417,1005,3412,157,35,122,769,351,418,178,136,97,90,75,15,0,0,0,7,6,1,39,2515,1524,337,391,117,146
2021,Hart 011,E02004761,5310,3420,3327,2775,552,2223,85,21,64,467,228,239,93,94,77,74,61,13,0,0,0,3,3,0,17,1796,1182,186,241,113,74
2021,Havant 003,E02004764,7106,3748,3607,2929,810,2119,88,23,65,590,215,375,141,126,93,87,78,9,0,0,0,6,5,1,33,3232,2439,168,235,229,161
2021,Havant 004,E02004765,5136,3108,3026,2515,652,1863,70,16,54,441,177,264,82,104,78,76,66,10,0,0,0,2,1,1,26,1924,1494,116,153,87,74
2021,Havant 005,E02004766,5846,3347,3205,2694,771,1923,58,13,45,453,170,283,142,108,88,84,68,16,4,0,4,0,0,0,20,2391,1444,200,262,324,161
2021,Havant 006,E02004767,4435,2661,2514,2095,665,1430,55,4,51,364,103,261,147,77,46,46,41,5,0,0,0,0,0,0,31,1697,767,156,321,286,167
2021,Havant 007,E02004768,4345,2675,2561,2133,592,1541,57,14,43,371,123,248,114,72,62,61,54,7,0,0,0,1,0,1,10,1598,946,151,213,190,98
2021,Havant 008,E02004769,4795,2854,2668,2219,707,1512,57,5,52,392,133,259,186,84,58,55,48,7,1,0,1,2,2,0,26,1857,736,191,387,351,192
2021,Havant 009,E02004770,5310,3179,2959,2459,755,1704,49,11,38,451,158,293,220,105,87,85,70,15,1,1,0,1,0,1,18,2026,974,176,331,381,164
2021,Havant 010,E02004771,6972,4117,3840,3260,999,2261,84,20,64,496,162,334,277,120,93,88,78,10,0,0,0,5,3,2,27,2735,1262,244,485,493,251
2021,Havant 011,E02004772,7868,4695,4542,3749,1051,2698,100,17,83,693,248,445,153,153,118,108,93,15,3,1,2,7,6,1,35,3020,2145,200,263,239,173
2021,Havant 013,E02004774,8764,4422,4284,3466,1034,2432,105,23,82,713,331,382,138,152,117,108,92,16,0,0,0,9,4,5,35,4190,3255,223,267,265,180
2021,Havant 014,E02004775,8675,5034,4828,4006,1075,2931,133,22,111,689,301,388,206,185,144,138,118,20,0,0,0,6,4,2,41,3456,2395,251,305,333,172
2021,Havant 015,E02004776,5247,2481,2381,1855,588,1267,83,25,58,443,222,221,100,74,58,54,47,7,0,0,0,4,3,1,16,2692,2118,128,201,138,107
2021,Havant 016,E02004777,4607,2092,1989,1553,472,1081,63,14,49,373,176,197,103,52,37,33,24,9,1,0,1,3,1,2,15,2463,1921,102,135,189,116
2021,Havant 017,E02004778,5455,2509,2376,1847,606,1241,67,18,49,462,203,259,133,65,45,45,41,4,0,0,0,0,0,0,20,2881,2212,122,211,204,132
2021,New Forest 001,E02004779,9379,5146,4991,3773,1159,2614,187,45,142,1031,504,527,155,115,93,90,82,8,0,0,0,3,2,1,22,4118,3123,277,292,237,189
2021,New Forest 002,E02004780,4830,2886,2787,2373,725,1648,34,6,28,380,143,237,99,55,48,48,40,8,0,0,0,0,0,0,7,1889,1241,129,201,213,105
2021,New Forest 003,E02004781,6529,4232,4108,3527,964,2563,65,13,52,516,213,303,124,104,87,86,77,9,0,0,0,1,1,0,17,2193,1433,188,212,203,157
2021,New Forest 004,E02004782,6389,3758,3596,3026,865,2161,64,15,49,506,199,307,162,74,55,51,43,8,0,0,0,4,4,0,19,2557,1673,188,261,248,187
2021,New Forest 005,E02004783,5736,3717,3624,3075,843,2232,81,12,69,468,205,263,93,103,81,78,65,13,0,0,0,3,2,1,22,1916,1308,174,169,141,124
2021,New Forest 006,E02004784,4897,2538,2465,1925,591,1334,109,30,79,431,207,224,73,77,64,61,54,7,0,0,0,3,2,1,13,2282,1781,152,150,103,96
2021,New Forest 007,E02004785,4840,2519,2438,1840,516,1324,104,28,76,494,250,244,81,74,62,58,50,8,0,0,0,4,4,0,12,2247,1698,151,164,100,134
2021,New Forest 008,E02004786,6711,4310,4169,3585,970,2615,79,19,60,505,241,264,141,121,105,100,85,15,1,1,0,4,4,0,16,2280,1545,202,202,190,141
2021,New Forest 009,E02004787,6274,3158,3060,2579,757,1822,69,18,51,412,233,179,98,73,56,53,48,5,0,0,0,3,2,1,17,3043,2538,136,154,112,103
2021,New Forest 010,E02004788,6046,3352,3231,2504,766,1738,115,20,95,612,301,311,121,111,81,77,69,8,0,0,0,4,2,2,30,2583,1842,228,204,176,133
2021,New Forest 011,E02004789,8551,4731,4560,3816,1110,2706,124,28,96,620,267,353,171,131,115,110,95,15,0,0,0,5,3,2,16,3689,2556,251,372,298,212
2021,New Forest 012,E02004790,6720,3909,3790,3075,894,2181,93,22,71,622,305,317,119,112,91,88,72,16,1,1,0,2,2,0,21,2699,1889,199,242,232,137
2021,New Forest 013,E02004791,4328,2525,2402,2038,624,1414,42,7,35,322,125,197,123,47,28,28,27,1,0,0,0,0,0,0,19,1756,1016,154,247,236,103
2021,New Forest 014,E02004792,7165,3787,3665,3008,822,2186,90,14,76,567,268,299,122,79,67,62,59,3,1,1,0,4,1,3,12,3299,2525,151,290,176,157
2021,New Forest 015,E02004793,6333,3110,3005,2184,679,1505,149,43,106,672,371,301,105,85,75,71,64,7,0,0,0,4,3,1,10,3138,2372,175,311,148,132
2021,New Forest 016,E02004794,5786,2955,2883,2149,664,1485,135,31,104,599,298,301,72,103,87,76,67,9,0,0,0,11,9,2,16,2728,2033,213,244,132,106
2021,New Forest 017,E02004795,7366,3675,3573,2637,785,1852,163,44,119,773,420,353,102,83,62,59,52,7,0,0,0,3,2,1,21,3608,2687,248,307,176,190
2021,New Forest 018,E02004796,8429,4061,3937,2967,992,1975,120,34,86,850,387,463,124,123,98,91,82,9,1,1,0,6,6,0,25,4245,3424,219,292,170,140
2021,New Forest 019,E02004797,6737,3909,3742,2925,895,2030,78,16,62,739,328,411,167,107,92,90,72,18,1,1,0,1,0,1,15,2721,1840,182,279,257,163
2021,New Forest 020,E02004798,5049,2720,2593,2121,716,1405,67,19,48,405,179,226,127,96,78,76,63,13,0,0,0,2,1,1,18,2233,1369,146,233,332,153
2021,New Forest 021,E02004799,6891,3329,3209,2641,816,1825,79,12,67,489,240,249,120,105,87,83,75,8,2,2,0,2,1,1,18,3457,2670,126,197,271,193
2021,New Forest 022,E02004800,6846,2546,2476,1836,616,1220,101,34,67,539,272,267,70,80,58,56,46,10,0,0,0,2,2,0,22,4220,3678,91,178,150,123
2021,New Forest 023,E02004801,6901,2764,2663,1947,653,1294,105,20,85,611,342,269,101,73,57,56,47,9,0,0,0,1,0,1,16,4064,3500,121,222,107,114
2021,Rushmoor 001,E02004802,5506,3545,3376,2937,723,2214,53,15,38,386,153,233,169,90,71,68,56,12,1,1,0,2,2,0,19,1871,1069,155,242,205,200
2021,Rushmoor 002,E02004803,5957,3799,3588,3227,783,2444,51,15,36,310,109,201,211,104,85,84,67,17,0,0,0,1,0,1,19,2054,920,219,357,288,270
2021,Rushmoor 003,E02004804,5925,3953,3810,3266,725,2541,66,14,52,478,180,298,143,107,77,74,61,13,0,0,0,3,3,0,30,1865,1246,194,192,101,132
2021,Rushmoor 004,E02004805,7131,4651,4498,3905,813,3092,91,21,70,502,227,275,153,143,115,108,90,18,1,1,0,6,5,1,28,2337,1582,265,253,100,137
2021,Rushmoor 005,E02004806,6463,4394,4242,3647,791,2856,60,8,52,535,222,313,152,123,78,73,60,13,0,0,0,5,3,2,45,1946,1242,205,243,112,144
2021,Rushmoor 006,E02004807,7658,5008,4798,4110,940,3170,65,8,57,623,241,382,210,144,108,100,85,15,0,0,0,8,7,1,36,2506,1530,222,338,225,191
2021,Rushmoor 007,E02004808,9829,7032,6784,5867,1092,4775,116,31,85,801,338,463,248,200,163,157,114,43,0,0,0,6,6,0,37,2597,1246,314,357,322,358
2021,Rushmoor 008,E02004809,8336,5816,5570,5102,960,4142,73,12,61,395,146,249,246,141,94,93,68,25,0,0,0,1,0,1,47,2379,756,250,514,233,626
2021,Rushmoor 009,E02004810,6500,4667,4479,3885,893,2992,80,13,67,514,177,337,188,131,100,92,80,12,0,0,0,8,4,4,31,1702,821,168,271,205,237
2021,Rushmoor 010,E02004811,6748,4235,4065,3410,743,2667,90,27,63,565,229,336,170,120,88,81,66,15,1,1,0,6,5,1,32,2393,1389,237,281,219,267
2021,Rushmoor 011,E02004812,5581,3739,3600,3035,640,2395,71,13,58,494,199,295,139,110,82,79,65,14,0,0,0,3,3,0,28,1732,1057,184,198,125,168
2021,Rushmoor 012,E02004813,5239,3203,3082,2618,679,1939,65,16,49,399,151,248,121,98,66,63,54,9,0,0,0,3,0,3,32,1938,1017,224,227,296,174
2021,Test Valley 001,E02004814,5908,3789,3715,3046,721,2325,92,20,72,577,277,300,74,117,100,96,83,13,0,0,0,4,3,1,17,2002,1393,190,214,95,110
2021,Test Valley 002,E02004815,5609,3703,3493,3115,782,2333,49,15,34,329,144,185,210,101,77,71,57,14,0,0,0,6,3,3,24,1805,723,216,331,330,205
2021,Test Valley 004,E02004817,6235,3990,3872,3358,742,2616,44,8,36,470,196,274,118,106,91,88,75,13,0,0,0,3,1,2,15,2139,1321,203,200,237,178
2021,Test Valley 005,E02004818,8602,5344,5173,4386,965,3421,95,27,68,692,310,382,171,179,132,127,112,15,0,0,0,5,3,2,47,3079,2232,207,250,192,198
2021,Test Valley 006,E02004819,6567,4155,4040,3455,704,2751,77,16,61,508,236,272,115,110,94,93,84,9,0,0,0,1,0,1,16,2302,1641,157,201,152,151
2021,Test Valley 007,E02004820,5996,3775,3665,2923,660,2263,111,15,96,631,313,318,110,100,79,73,63,10,0,0,0,6,6,0,21,2121,1451,181,248,124,117
2021,Test Valley 008,E02004821,4280,2457,2390,1805,460,1345,99,27,72,486,251,235,67,47,35,33,29,4,0,0,0,2,2,0,12,1776,1345,112,172,67,80
2021,Test Valley 009,E02004822,6753,3969,3861,2849,782,2067,181,37,144,831,413,418,108,70,49,48,38,10,0,0,0,1,1,0,21,2714,1930,210,314,122,138
2021,Test Valley 010,E02004823,7235,4105,3992,3359,957,2402,70,18,52,563,278,285,113,113,89,86,77,9,1,1,0,2,1,1,24,3017,2338,213,218,137,111
2021,Test Valley 011,E02004824,5164,2544,2445,2046,547,1499,60,17,43,339,157,182,99,55,43,39,36,3,0,0,0,4,4,0,12,2565,1977,122,153,189,124
2021,Test Valley 012,E02004825,9033,5153,5013,4154,1133,3021,151,37,114,708,320,388,140,127,101,96,84,12,0,0,0,5,5,0,26,3753,2820,281,304,228,120
2021,Test Valley 013,E02004826,7932,4831,4717,3754,971,2783,170,42,128,793,358,435,114,108,82,79,69,10,0,0,0,3,3,0,26,2993,2105,259,312,168,149
2021,Test Valley 014,E02004827,5848,3949,3870,3320,867,2453,81,15,66,469,227,242,79,116,95,88,77,11,2,2,0,5,4,1,21,1783,1213,227,204,67,72
2021,Test Valley 015,E02004828,6048,3601,3499,2839,786,2053,128,29,99,532,241,291,102,112,92,83,76,7,0,0,0,9,4,5,20,2335,1680,214,211,114,116
2021,Winchester 001,E02004829,4739,2993,2922,2390,555,1835,93,25,68,439,217,222,71,63,59,58,52,6,0,0,0,1,0,1,4,1683,1177,177,200,63,66
2021,Winchester 002,E02004830,5661,3527,3422,2701,702,1999,111,24,87,610,311,299,105,85,69,68,57,11,0,0,0,1,1,0,16,2049,1372,208,248,97,124
2021,Winchester 003,E02004831,8457,4860,4732,3890,933,2957,141,26,115,701,370,331,128,195,156,142,130,12,1,0,1,13,7,6,39,3402,2268,470,295,172,197
2021,Winchester 004,E02004832,7207,3990,3863,2871,847,2024,168,44,124,824,385,439,127,101,76,68,64,4,1,1,0,7,7,0,25,3116,2313,277,264,131,131
2021,Winchester 005,E02004833,8274,4286,4119,3410,832,2578,126,20,106,583,302,281,167,400,252,240,221,19,2,1,1,10,9,1,148,3588,1724,988,294,190,392
2021,Winchester 006,E02004834,6365,3538,3371,2807,702,2105,66,10,56,498,253,245,167,280,201,192,162,30,1,1,0,8,7,1,79,2547,1194,634,239,283,197
2021,Winchester 007,E02004835,9011,4965,4792,3929,770,3159,141,20,121,722,411,311,173,395,255,244,204,40,0,0,0,11,9,2,140,3651,1737,1226,262,202,224
2021,Winchester 008,E02004836,5768,2199,2057,1703,476,1227,42,9,33,312,129,183,142,736,524,506,478,28,0,0,0,18,18,0,212,2833,694,1628,207,192,112
2021,Winchester 009,E02004837,6703,3893,3788,3055,764,2291,112,15,97,621,333,288,105,201,166,153,140,13,1,0,1,12,11,1,35,2609,1733,417,227,105,127
2021,Winchester 010,E02004838,7794,4710,4594,3563,941,2622,205,44,161,826,436,390,116,136,108,97,86,11,0,0,0,11,11,0,28,2948,2080,292,302,138,136
2021,Winchester 011,E02004839,7374,4249,4139,3037,883,2154,217,43,174,885,435,450,110,108,86,84,75,9,0,0,0,2,1,1,22,3017,2180,268,337,97,135
2021,Winchester 012,E02004840,8464,4981,4826,3883,1079,2804,145,34,111,798,387,411,155,118,93,93,79,14,0,0,0,0,0,0,25,3365,2434,273,311,180,167
2021,Winchester 013,E02004841,9589,6226,6043,4911,1120,3791,195,39,156,937,391,546,183,170,145,145,124,21,0,0,0,0,0,0,25,3193,2054,345,373,214,207
2021,Winchester 014,E02004842,9346,5745,5599,4602,1157,3445,114,20,94,883,385,498,146,141,115,109,94,15,3,1,2,3,2,1,26,3460,2275,293,378,321,193
2021,Broxbourne 001,E02004843,5869,3514,3387,2784,776,2008,107,25,82,496,186,310,127,115,77,73,66,7,1,0,1,3,3,0,38,2240,1556,222,231,90,141
2021,Broxbourne 002,E02004844,5965,3891,3738,3003,799,2204,104,30,74,631,230,401,153,115,85,77,63,14,3,1,2,5,5,0,30,1959,1031,257,311,186,174
2021,Broxbourne 003,E02004845,6454,4020,3843,3138,744,2394,96,24,72,609,231,378,177,117,80,80,52,28,0,0,0,0,0,0,37,2317,1427,179,290,229,192
2021,Broxbourne 004,E02004846,5252,3112,3022,2426,618,1808,129,26,103,467,215,252,90,74,52,51,43,8,0,0,0,1,1,0,22,2066,1448,214,229,68,107
2021,Broxbourne 005,E02004847,7991,5123,4859,4030,1073,2957,123,20,103,706,289,417,264,172,134,120,100,20,0,0,0,14,9,5,38,2696,1445,306,435,259,251
2021,Broxbourne 006,E02004848,6135,3897,3708,2960,775,2185,147,37,110,601,240,361,189,101,71,61,48,13,1,1,0,9,8,1,30,2137,1212,252,275,219,179
2021,Broxbourne 007,E02004849,5647,3564,3435,2635,757,1878,192,37,155,608,268,340,129,82,69,68,56,12,1,1,0,0,0,0,13,2001,1258,220,289,86,148
2021,Broxbourne 008,E02004850,6011,3819,3615,2929,778,2151,104,19,85,582,235,347,204,79,58,49,39,10,1,0,1,8,5,3,21,2113,1185,225,296,216,191
2021,Broxbourne 009,E02004851,4753,2861,2738,2273,644,1629,66,15,51,399,159,240,123,83,63,58,50,8,0,0,0,5,5,0,20,1809,993,203,257,205,151
2021,Broxbourne 010,E02004852,6453,4035,3838,3144,827,2317,106,29,77,588,203,385,197,130,101,89,60,29,1,1,0,11,4,7,29,2288,1317,253,318,177,223
2021,Broxbourne 011,E02004853,5553,3365,3206,2592,727,1865,94,25,69,520,222,298,159,82,59,54,47,7,1,0,1,4,0,4,23,2106,1117,253,307,253,176
2021,Broxbourne 012,E02004854,6581,4073,3864,3160,768,2392,94,17,77,610,237,373,209,127,102,94,65,29,3,0,3,5,4,1,25,2381,1307,288,336,195,255
2021,Broxbourne 013,E02004855,6769,4248,3962,3288,852,2436,126,32,94,548,221,327,286,167,136,116,80,36,3,3,0,17,12,5,31,2354,874,352,460,346,322
2021,Dacorum 001,E02004856,4661,3033,2945,2215,545,1670,100,22,78,630,274,356,88,74,52,48,41,7,0,0,0,4,4,0,22,1554,913,181,222,90,148
2021,Dacorum 002,E02004857,4923,3035,2939,2332,579,1753,91,14,77,516,238,278,96,70,46,44,41,3,0,0,0,2,2,0,24,1818,1206,290,174,73,75
2021,Dacorum 003,E02004858,4005,2560,2467,1978,528,1450,54,10,44,435,206,229,93,88,60,58,46,12,1,0,1,1,1,0,28,1357,855,161,151,103,87
2021,Dacorum 004,E02004859,4321,2638,2559,1942,491,1451,100,21,79,517,276,241,79,67,56,55,45,10,0,0,0,1,0,1,11,1616,1176,140,171,52,77
2021,Dacorum 005,E02004860,4537,3061,2936,2445,575,1870,63,16,47,428,154,274,125,98,88,79,53,26,2,0,2,7,6,1,10,1378,685,164,248,149,132
2021,Dacorum 006,E02004861,4573,2518,2441,1823,479,1344,99,14,85,519,261,258,77,58,42,37,35,2,0,0,0,5,5,0,16,1997,1478,155,193,78,93
2021,Dacorum 007,E02004862,6080,3750,3531,2959,763,2196,73,14,59,499,202,297,219,125,107,94,68,26,1,0,1,12,6,6,18,2205,1189,209,324,277,206
2021,Dacorum 008,E02004863,6084,3727,3543,2956,791,2165,65,11,54,522,177,345,184,100,81,72,49,23,1,1,0,8,4,4,19,2257,1063,225,353,374,242
2021,Dacorum 009,E02004864,5237,3251,3151,2508,545,1963,88,12,76,555,275,280,100,63,46,45,40,5,0,0,0,1,0,1,17,1923,1383,181,193,55,111
2021,Dacorum 010,E02004865,4474,2963,2835,2350,592,1758,70,15,55,415,180,235,128,95,76,71,51,20,0,0,0,5,0,5,19,1416,768,174,189,155,130
2021,Dacorum 011,E02004866,5349,3473,3342,2754,705,2049,86,11,75,502,195,307,131,83,65,60,53,7,0,0,0,5,4,1,18,1793,1017,181,236,223,136
2021,Dacorum 012,E02004867,4986,3118,3015,2333,610,1723,107,16,91,575,269,306,103,73,54,45,36,9,0,0,0,9,7,2,19,1795,1141,221,243,108,82
2021,Dacorum 013,E02004868,5896,3861,3706,3025,761,2264,101,20,81,580,246,334,155,104,86,79,63,16,0,0,0,7,4,3,18,1931,984,180,319,251,197
2021,Dacorum 014,E02004869,4625,3070,2962,2361,612,1749,84,15,69,517,251,266,108,51,35,34,29,5,1,0,1,0,0,0,16,1504,938,226,173,67,100
2021,Dacorum 015,E02004870,9271,6127,5820,4834,1142,3692,132,18,114,854,334,520,307,221,187,169,113,56,2,2,0,16,12,4,34,2923,1463,306,468,365,321
2021,Dacorum 016,E02004871,4013,2612,2502,2075,540,1535,46,12,34,381,153,228,110,72,51,47,40,7,0,0,0,4,3,1,21,1329,812,119,164,131,103
2021,Dacorum 017,E02004872,5972,3556,3425,2823,739,2084,83,12,71,519,209,310,131,121,97,90,71,19,1,0,1,6,5,1,24,2295,1522,208,247,194,124
2021,Dacorum 018,E02004873,9474,6583,6372,5264,1078,4186,143,28,115,965,403,562,211,149,122,109,85,24,1,1,0,12,8,4,27,2742,1673,321,321,204,223
2021,Dacorum 019,E02004874,4846,3180,3033,2482,669,1813,76,25,51,475,203,272,147,101,78,72,61,11,0,0,0,6,4,2,23,1565,887,169,217,157,135
2021,Dacorum 020,E02004875,8127,5407,5178,4300,1038,3262,129,35,94,749,297,452,229,190,146,142,122,20,0,0,0,4,4,0,44,2530,1286,321,409,280,234
2021,Dacorum 021,E02004876,7971,4398,4181,3075,860,2215,212,47,165,894,411,483,217,107,80,70,59,11,0,0,0,10,7,3,27,3466,1851,371,294,159,791
2021,Dacorum 022,E02004877,4338,2657,2582,1968,521,1447,89,14,75,525,257,268,75,83,68,66,57,9,1,1,0,1,1,0,15,1598,1070,174,186,82,86
2021,East Hertfordshire 001,E02004878,7382,4574,4441,3477,936,2541,137,26,111,827,344,483,133,120,97,89,79,10,0,0,0,8,8,0,23,2688,1788,244,351,160,145
2021,East Hertfordshire 003,E02004880,8560,5618,5435,4317,1076,3241,238,38,200,880,405,475,183,131,94,83,75,8,0,0,0,11,9,2,37,2811,1723,355,433,144,156
2021,East Hertfordshire 004,E02004881,5591,3605,3471,2917,795,2122,92,14,78,462,209,253,134,82,63,58,45,13,0,0,0,5,4,1,19,1904,1221,206,220,90,167
2021,East Hertfordshire 005,E02004882,6709,4394,4215,3554,967,2587,113,23,90,548,222,326,179,120,107,102,73,29,1,0,1,4,4,0,13,2195,1240,380,295,122,158
2021,East Hertfordshire 006,E02004883,5036,3227,3133,2390,625,1765,112,33,79,631,270,361,94,73,55,54,42,12,0,0,0,1,1,0,18,1736,1155,185,213,82,101
2021,East Hertfordshire 007,E02004884,8508,5777,5516,4723,1283,3440,98,21,77,695,295,400,261,125,104,99,81,18,1,0,1,4,4,0,21,2606,1409,296,392,273,236
2021,East Hertfordshire 008,E02004885,6843,4550,4405,3636,948,2688,97,18,79,672,289,383,145,95,80,78,63,15,0,0,0,2,2,0,15,2198,1375,353,281,60,129
2021,East Hertfordshire 009,E02004886,5384,3303,3193,2407,595,1812,154,30,124,632,293,339,110,61,49,43,35,8,0,0,0,6,5,1,12,2020,1204,225,280,185,126
2021,East Hertfordshire 010,E02004887,6222,3775,3672,2825,759,2066,174,41,133,673,324,349,103,105,77,74,61,13,0,0,0,3,2,1,28,2342,1555,241,274,118,154
2021,East Hertfordshire 011,E02004888,7128,4249,4100,3315,862,2453,128,26,102,657,335,322,149,107,75,70,59,11,0,0,0,5,4,1,32,2772,1919,248,300,160,145
2021,East Hertfordshire 012,E02004889,9016,5764,5536,4631,1057,3574,114,18,96,791,317,474,228,140,114,107,85,22,0,0,0,7,7,0,26,3112,2012,305,343,235,217
2021,East Hertfordshire 013,E02004890,6981,4675,4537,3771,856,2915,107,18,89,659,272,387,138,105,84,80,52,28,1,0,1,3,2,1,21,2201,1526,214,204,121,136
2021,East Hertfordshire 014,E02004891,6337,3980,3834,3135,717,2418,101,15,86,598,272,326,146,69,50,48,44,4,0,0,0,2,1,1,19,2288,1542,221,227,145,153
2021,East Hertfordshire 015,E02004892,4636,3020,2900,2445,601,1844,59,8,51,396,168,228,120,67,43,41,33,8,0,0,0,2,1,1,24,1549,834,168,256,173,118
2021,East Hertfordshire 016,E02004893,4642,3370,3266,2771,637,2134,62,10,52,433,204,229,104,80,62,58,49,9,0,0,0,4,3,1,18,1192,617,202,171,99,103
2021,East Hertfordshire 017,E02004894,7910,5375,5182,4293,869,3424,134,27,107,755,312,443,193,96,71,67,49,18,0,0,0,4,4,0,25,2439,1587,249,278,146,179
2021,East Hertfordshire 018,E02004895,7556,4532,4397,3502,871,2631,171,44,127,724,315,409,135,122,90,84,70,14,0,0,0,6,6,0,32,2902,1707,556,293,182,164
2021,Hertsmere 001,E02004896,6836,3731,3559,2749,721,2028,155,41,114,655,321,334,172,122,107,92,75,17,2,2,0,13,12,1,15,2983,1975,449,270,126,163
2021,Hertsmere 002,E02004897,5483,3237,3125,2473,642,1831,123,27,96,529,248,281,112,115,87,82,73,9,0,0,0,5,4,1,28,2131,1283,369,214,113,152
2021,Hertsmere 003,E02004898,6303,3622,3411,2689,720,1969,98,24,74,624,296,328,211,144,99,87,65,22,1,1,0,11,7,4,45,2537,1313,439,279,260,246
2021,Hertsmere 004,E02004899,4309,2731,2628,1967,532,1435,101,21,80,560,282,278,103,51,39,36,28,8,1,0,1,2,0,2,12,1527,836,235,219,132,105
2021,Hertsmere 005,E02004900,6612,4003,3868,2769,744,2025,273,51,222,826,419,407,135,91,74,65,45,20,3,2,1,6,3,3,17,2518,1477,377,390,107,167
2021,Hertsmere 006,E02004901,7957,5182,4888,3878,1000,2878,147,39,108,863,352,511,294,156,116,93,70,23,0,0,0,23,11,12,40,2619,1083,407,443,380,306
2021,Hertsmere 007,E02004902,6245,4151,3928,3047,796,2251,112,22,90,769,311,458,223,130,102,87,62,25,0,0,0,15,11,4,28,1964,916,323,313,213,199
2021,Hertsmere 008,E02004903,5920,3869,3706,2951,752,2199,118,27,91,637,290,347,163,121,93,79,65,14,0,0,0,14,10,4,28,1930,933,334,296,182,185
2021,Hertsmere 009,E02004904,5466,3661,3455,2728,700,2028,101,22,79,626,254,372,206,121,89,71,46,25,0,0,0,18,12,6,32,1684,772,259,277,206,170
2021,Hertsmere 010,E02004905,5256,3330,3203,2336,555,1781,207,51,156,660,324,336,127,80,65,58,43,15,0,0,0,7,5,2,15,1846,1008,302,269,120,147
2021,Hertsmere 011,E02004906,8602,5812,5552,4354,1058,3296,172,35,137,1026,422,604,260,178,153,115,87,28,7,2,5,31,21,10,25,2612,1149,420,394,341,308
2021,Hertsmere 012,E02004907,8637,5471,5251,4121,1030,3091,198,43,155,932,425,507,220,185,148,130,92,38,0,0,0,18,6,12,37,2981,1783,427,332,210,229
2021,Hertsmere 013,E02004908,8568,5136,4941,3638,944,2694,261,72,189,1042,525,517,195,95,79,65,54,11,4,3,1,10,10,0,16,3337,2147,400,413,153,224
2021,North Hertfordshire 001,E02004909,4696,3213,3130,2691,618,2073,41,8,33,398,174,224,83,64,49,44,36,8,0,0,0,5,3,2,15,1419,898,122,180,117,102
2021,North Hertfordshire 002,E02004910,9364,6024,5857,5023,1112,3911,105,25,80,729,331,398,167,136,104,97,79,18,0,0,0,7,4,3,32,3204,2409,234,295,149,117
2021,North Hertfordshire 003,E02004911,5465,3291,3157,2721,730,1991,67,11,56,369,168,201,134,73,56,55,46,9,0,0,0,1,0,1,17,2101,1252,166,252,272,159
2021,North Hertfordshire 004,E02004912,8739,5690,5493,4622,1144,3478,107,22,85,764,348,416,197,182,157,152,137,15,0,0,0,5,4,1,25,2867,1885,264,280,273,165
2021,North Hertfordshire 006,E02004914,6417,4132,3910,3337,817,2520,65,10,55,508,233,275,222,82,61,58,53,5,0,0,0,3,3,0,21,2203,1256,231,294,242,180
2021,North Hertfordshire 007,E02004915,4543,2809,2660,2258,568,1690,46,15,31,356,156,200,149,86,64,63,55,8,0,0,0,1,0,1,22,1648,925,166,220,198,139
2021,North Hertfordshire 008,E02004916,6057,3486,3349,2762,664,2098,108,25,83,479,222,257,137,89,71,63,54,9,1,1,0,7,7,0,18,2482,1721,222,249,169,121
2021,North Hertfordshire 009,E02004917,5255,2969,2822,2392,631,1761,70,9,61,360,155,205,147,78,60,59,49,10,0,0,0,1,1,0,18,2208,1457,188,208,224,131
2021,North Hertfordshire 010,E02004918,6631,4796,4622,3876,744,3132,87,17,70,659,314,345,174,119,100,94,78,16,0,0,0,6,3,3,19,1716,944,234,212,174,152
2021,North Hertfordshire 011,E02004919,6138,4090,3932,3345,768,2577,64,10,54,523,246,277,158,139,107,97,81,16,0,0,0,10,6,4,32,1909,1170,206,225,166,142
2021,North Hertfordshire 012,E02004920,9351,5612,5381,4464,1043,3421,141,30,111,776,353,423,231,141,106,100,80,20,3,3,0,3,3,0,35,3598,2336,348,380,316,218
2021,North Hertfordshire 013,E02004921,6258,4050,3917,3312,783,2529,93,20,73,512,251,261,133,95,69,67,59,8,0,0,0,2,2,0,26,2113,1424,253,202,102,132
2021,North Hertfordshire 014,E02004922,8238,4951,4815,3746,925,2821,151,32,119,918,442,476,136,136,112,102,92,10,0,0,0,10,10,0,24,3151,2046,314,355,266,170
2021,North Hertfordshire 015,E02004923,8528,5176,5017,3932,994,2938,185,34,151,900,451,449,159,141,109,100,86,14,1,1,0,8,8,0,32,3211,2213,292,368,182,156
2021,St Albans 001,E02004924,5782,3696,3607,2840,678,2162,134,14,120,633,291,342,89,93,71,65,56,9,1,1,0,5,4,1,22,1993,1193,306,318,67,109
2021,St Albans 002,E02004925,5876,3738,3600,2853,681,2172,115,15,100,632,323,309,138,91,73,67,56,11,0,0,0,6,6,0,18,2047,1133,351,310,122,131
2021,St Albans 003,E02004926,6256,3754,3631,2857,659,2198,165,19,146,609,303,306,123,94,74,64,45,19,1,0,1,9,8,1,20,2408,1613,294,339,79,83
2021,St Albans 004,E02004927,5229,3117,3011,2376,609,1767,92,19,73,543,304,239,106,61,44,41,35,6,0,0,0,3,3,0,17,2051,1416,229,234,77,95
2021,St Albans 005,E02004928,5367,3192,3083,2446,595,1851,127,22,105,510,254,256,109,74,51,46,40,6,1,0,1,4,4,0,23,2101,1385,281,312,36,87
2021,St Albans 006,E02004929,5095,2941,2868,2218,559,1659,136,26,110,514,253,261,73,78,67,63,52,11,0,0,0,4,3,1,11,2076,1400,206,246,117,107
2021,St Albans 007,E02004930,5532,3513,3401,2774,671,2103,79,16,63,548,283,265,112,90,76,67,49,18,1,0,1,8,8,0,14,1929,1225,273,228,112,91
2021,St Albans 008,E02004931,5366,3369,3269,2675,665,2010,90,16,74,504,250,254,100,109,88,80,70,10,1,0,1,7,7,0,21,1888,1180,263,242,96,107
2021,St Albans 009,E02004932,5906,3785,3610,2958,708,2250,103,15,88,549,258,291,175,103,77,72,63,9,1,0,1,4,4,0,26,2018,974,330,327,223,164
2021,St Albans 010,E02004933,5300,3387,3285,2629,610,2019,121,19,102,535,285,250,102,80,68,63,58,5,0,0,0,5,5,0,12,1833,1124,323,260,50,76
2021,St Albans 011,E02004934,6222,4403,4248,3525,645,2880,108,18,90,615,301,314,155,109,92,80,60,20,0,0,0,12,12,0,17,1710,804,283,303,172,148
2021,St Albans 012,E02004935,7493,5656,5442,4596,660,3936,137,21,116,709,307,402,214,90,76,68,41,27,1,0,1,7,2,5,14,1747,845,234,276,187,205
2021,St Albans 013,E02004936,4930,3493,3374,2777,629,2148,80,13,67,517,251,266,119,93,78,78,61,17,0,0,0,0,0,0,15,1344,737,249,202,77,79
2021,St Albans 014,E02004937,5894,3467,3362,2677,613,2064,123,17,106,562,276,286,105,81,62,51,43,8,1,1,0,10,8,2,19,2346,1700,243,230,78,95
2021,St Albans 016,E02004939,5205,3230,3106,2487,616,1871,103,23,80,516,268,248,124,124,98,89,78,11,2,0,2,7,7,0,26,1851,1042,225,252,179,153
2021,St Albans 017,E02004940,5891,3878,3718,3081,722,2359,94,19,75,543,244,299,160,119,99,96,80,16,0,0,0,3,3,0,20,1894,926,262,347,182,177
2021,St Albans 018,E02004941,7836,5089,4872,3940,1005,2935,137,30,107,795,311,484,217,184,155,147,115,32,1,1,0,7,3,4,29,2563,1378,353,370,236,226
2021,St Albans 019,E02004942,5202,3119,3002,2350,615,1735,107,22,85,545,267,278,117,62,52,52,42,10,0,0,0,0,0,0,10,2021,1322,203,212,150,134
2021,St Albans 020,E02004943,6766,3992,3859,2999,768,2231,150,32,118,710,336,374,133,115,93,81,64,17,0,0,0,12,8,4,22,2659,1831,258,279,147,144
2021,Stevenage 001,E02004944,6194,4245,4070,3551,778,2773,57,17,40,462,171,291,175,155,119,111,81,30,0,0,0,8,5,3,36,1794,788,263,316,237,190
2021,Stevenage 002,E02004945,9859,6450,6197,5229,1151,4078,169,40,129,799,310,489,253,186,149,138,105,33,5,2,3,6,6,0,37,3223,1881,370,377,317,278
2021,Stevenage 003,E02004946,5124,3326,3171,2690,671,2019,49,8,41,432,164,268,155,97,75,69,58,11,2,1,1,4,4,0,22,1701,894,165,225,237,180
2021,Stevenage 005,E02004948,4945,3095,2941,2510,609,1901,54,8,46,377,162,215,154,85,70,67,54,13,1,1,0,2,0,2,15,1765,1048,157,231,203,126
2021,Stevenage 006,E02004949,7122,4390,4178,3583,878,2705,75,18,57,520,194,326,212,149,120,108,80,28,1,1,0,11,6,5,29,2583,1452,249,369,291,222
2021,Stevenage 007,E02004950,5309,3508,3353,2849,715,2134,59,15,44,445,156,289,155,131,97,87,65,22,1,0,1,9,5,4,34,1670,919,198,238,167,148
2021,Stevenage 008,E02004951,6388,4148,3902,3395,817,2578,62,10,52,445,167,278,246,157,122,118,83,35,0,0,0,4,0,4,35,2083,944,216,366,313,244
2021,Stevenage 009,E02004952,5509,3566,3438,2921,699,2222,53,13,40,464,180,284,128,128,99,90,70,20,2,1,1,7,5,2,29,1815,1033,184,253,213,132
2021,Stevenage 010,E02004953,5019,3280,3120,2690,690,2000,47,9,38,383,133,250,160,134,95,91,67,24,1,0,1,3,2,1,39,1605,803,184,254,220,144
2021,Stevenage 011,E02004954,5642,3666,3511,2975,750,2225,68,8,60,468,170,298,155,127,101,93,72,21,4,3,1,4,4,0,26,1849,1019,214,246,203,167
2021,Stevenage 012,E02004955,4803,3064,2957,2485,658,1827,58,10,48,414,154,260,107,78,54,50,41,9,1,1,0,3,3,0,24,1661,995,170,200,182,114
2021,Three Rivers 001,E02004956,7414,4748,4571,3618,826,2792,156,36,120,797,337,460,177,107,89,84,73,11,0,0,0,5,5,0,18,2559,1658,285,289,161,166
2021,Three Rivers 002,E02004957,8309,5546,5316,4359,1027,3332,143,32,111,814,376,438,230,140,122,105,86,19,1,0,1,16,11,5,18,2623,1405,357,397,266,198
2021,Three Rivers 003,E02004958,6308,3939,3817,2995,793,2202,146,30,116,676,290,386,122,111,83,74,60,14,0,0,0,9,3,6,28,2258,1516,243,263,104,132
2021,Three Rivers 004,E02004959,5144,3082,2984,2250,507,1743,185,31,154,549,264,285,98,62,45,41,32,9,0,0,0,4,4,0,17,2000,1297,294,239,49,121
2021,Three Rivers 005,E02004960,4553,2773,2675,2098,507,1591,110,24,86,467,262,205,98,100,84,75,64,11,1,0,1,8,4,4,16,1680,1124,231,230,45,50
2021,Three Rivers 006,E02004961,7684,4999,4837,3954,959,2995,113,24,89,770,353,417,162,147,114,101,76,25,2,1,1,11,6,5,33,2538,1699,367,270,73,129
2021,Three Rivers 007,E02004962,7223,4793,4584,3647,821,2826,145,29,116,792,339,453,209,120,97,84,65,19,2,1,1,11,9,2,23,2310,1365,325,270,174,176
2021,Three Rivers 008,E02004963,5893,3877,3700,2838,750,2088,123,35,88,739,317,422,177,105,77,66,52,14,0,0,0,11,8,3,28,1911,988,303,293,176,151
2021,Three Rivers 009,E02004964,4507,2947,2802,2280,544,1736,78,18,60,444,173,271,145,68,56,48,42,6,3,3,0,5,5,0,12,1492,804,190,221,151,126
2021,Three Rivers 010,E02004965,5648,3335,3196,2477,613,1864,112,28,84,607,283,324,139,72,52,47,40,7,1,1,0,4,4,0,20,2241,1446,237,245,151,162
2021,Three Rivers 011,E02004966,6139,3770,3688,2727,558,2169,312,74,238,649,327,322,82,66,51,49,34,15,0,0,0,2,2,0,15,2303,1373,358,350,69,153
2021,Three Rivers 012,E02004967,6169,4055,3808,3006,804,2202,94,24,70,708,293,415,247,131,103,91,76,15,1,0,1,11,7,4,28,1983,816,307,327,318,215
2021,Watford 001,E02004968,6006,3883,3700,3004,740,2264,94,17,77,602,241,361,183,93,68,66,51,15,2,1,1,0,0,0,25,2030,1017,295,313,212,193
2021,Watford 002,E02004969,5776,3764,3613,2979,751,2228,97,17,80,537,213,324,151,120,92,84,69,15,1,0,1,7,6,1,28,1892,1077,263,266,140,146
2021,Watford 003,E02004970,6519,4185,3952,3251,853,2398,88,19,69,613,240,373,233,125,102,85,66,19,0,0,0,17,12,5,23,2209,1138,287,342,263,179
2021,Watford 004,E02004971,6682,4386,4173,3418,850,2568,103,26,77,652,256,396,213,204,155,133,110,23,5,2,3,17,11,6,49,2092,925,354,398,190,225
2021,Watford 005,E02004972,4995,3256,3137,2577,579,1998,73,14,59,487,182,305,119,93,73,64,45,19,0,0,0,9,5,4,20,1646,1042,208,190,87,119
2021,Watford 006,E02004973,6849,4962,4723,3836,854,2982,107,33,74,780,296,484,239,204,174,158,104,54,2,1,1,14,5,9,30,1683,586,313,380,168,236
2021,Watford 007,E02004974,7319,4744,4554,3688,716,2972,152,34,118,714,327,387,190,125,99,85,56,29,1,1,0,13,7,6,26,2450,1429,319,355,139,208
2021,Watford 008,E02004975,6537,4034,3849,3081,710,2371,136,25,111,632,294,338,185,145,104,93,68,25,1,1,0,10,9,1,41,2358,1338,405,319,112,184
2021,Watford 009,E02004976,9345,6735,6316,5266,981,4285,126,39,87,924,382,542,419,279,226,194,121,73,3,1,2,29,21,8,53,2331,719,350,527,301,434
2021,Watford 010,E02004977,7134,5027,4771,3909,881,3028,110,37,73,752,319,433,256,200,168,147,102,45,3,0,3,18,7,11,32,1907,600,403,422,150,332
2021,Watford 011,E02004978,7982,5217,4910,4051,972,3079,115,32,83,744,316,428,307,212,172,158,108,50,0,0,0,14,7,7,40,2553,903,459,538,305,348
2021,Watford 012,E02004979,5829,3845,3654,2885,689,2196,125,25,100,644,294,350,191,111,80,71,52,19,1,1,0,8,4,4,31,1873,1055,279,253,138,148
2021,Welwyn Hatfield 001,E02004980,5176,3048,2969,2314,530,1784,116,21,95,539,259,280,79,84,75,72,62,10,0,0,0,3,0,3,9,2044,1440,228,230,81,65
2021,Welwyn Hatfield 002,E02004981,6518,4168,4018,3219,694,2525,131,29,102,668,314,354,150,110,79,77,68,9,0,0,0,2,0,2,31,2240,1381,302,273,151,133
2021,Welwyn Hatfield 003,E02004982,4687,2794,2693,2225,589,1636,61,8,53,407,196,211,101,88,68,63,53,10,0,0,0,5,3,2,20,1805,1122,214,249,128,92
2021,Welwyn Hatfield 004,E02004983,4836,3065,2924,2483,577,1906,45,11,34,396,166,230,141,103,84,78,65,13,0,0,0,6,4,2,19,1668,1016,157,222,183,90
2021,Welwyn Hatfield 005,E02004984,5241,3293,3170,2721,623,2098,59,7,52,390,175,215,123,86,68,63,54,9,1,1,0,4,3,1,18,1862,1187,144,181,205,145
2021,Welwyn Hatfield 006,E02004985,5750,3267,3165,2676,606,2070,76,14,62,413,202,211,102,101,67,60,52,8,1,1,0,6,5,1,34,2382,1690,218,214,152,108
2021,Welwyn Hatfield 007,E02004986,6816,4740,4519,3939,849,3090,62,21,41,518,187,331,221,143,112,104,79,25,2,1,1,6,6,0,31,1933,711,302,386,308,226
2021,Welwyn Hatfield 008,E02004987,5988,4071,3914,3333,766,2567,76,11,65,505,198,307,157,124,88,83,76,7,0,0,0,5,5,0,36,1793,936,255,274,189,139
2021,Welwyn Hatfield 009,E02004988,6030,4002,3831,3297,751,2546,77,21,56,457,197,260,171,110,84,81,62,19,0,0,0,3,2,1,26,1918,906,287,285,264,176
2021,Welwyn Hatfield 010,E02004989,10617,4968,4768,4002,893,3109,117,23,94,649,253,396,200,1402,886,839,727,112,7,7,0,40,35,5,516,4247,1082,2325,348,242,250
2021,Welwyn Hatfield 011,E02004990,6026,3781,3627,2989,607,2382,111,27,84,527,216,311,154,222,181,173,125,48,1,1,0,7,7,0,41,2023,1062,298,291,196,176
2021,Welwyn Hatfield 012,E02004991,6630,3824,3642,3097,684,2413,80,20,60,465,187,278,182,653,528,480,394,86,5,5,0,43,31,12,125,2153,704,688,296,255,210
2021,Welwyn Hatfield 013,E02004992,8819,3570,3358,2774,657,2117,65,16,49,519,219,300,212,1540,1039,954,837,117,9,5,4,76,56,20,501,3709,702,2306,257,221,223
2021,Welwyn Hatfield 015,E02004994,5039,2960,2852,2128,575,1553,191,45,146,533,265,268,108,89,72,68,57,11,0,0,0,4,3,1,17,1990,1228,331,252,56,123
2021,Welwyn Hatfield 016,E02004995,4712,2728,2627,1886,529,1357,168,34,134,573,271,302,101,81,61,56,52,4,1,1,0,4,4,0,20,1903,1283,215,229,62,114
2021,Ashford 001,E02004996,6737,4015,3880,3003,773,2230,135,26,109,742,323,419,135,101,78,70,63,7,2,2,0,6,6,0,23,2621,1683,249,331,211,147
2021,Ashford 002,E02004997,6882,3794,3656,2706,724,1982,177,36,141,773,389,384,138,93,66,61,51,10,2,0,2,3,3,0,27,2995,2010,218,327,281,159
2021,Ashford 003,E02004998,5570,3257,3168,2666,713,1953,70,16,54,432,178,254,89,108,86,83,70,13,0,0,0,3,1,2,22,2205,1486,245,228,129,117
2021,Ashford 005,E02005000,9639,6305,5931,5197,1199,3998,98,25,73,636,235,401,374,213,160,148,106,42,2,2,0,10,7,3,53,3121,1336,416,572,408,389
2021,Ashford 006,E02005001,7726,4774,4629,3978,972,3006,76,19,57,575,233,342,145,147,113,106,91,15,0,0,0,7,5,2,34,2805,1816,230,349,237,173
2021,Ashford 007,E02005002,7800,4872,4622,4003,1040,2963,79,18,61,540,190,350,250,139,106,99,80,19,0,0,0,7,6,1,33,2789,1366,271,518,336,298
2021,Ashford 008,E02005003,7011,4394,4137,3550,945,2605,79,19,60,508,159,349,257,149,105,98,78,20,1,1,0,6,2,4,44,2468,960,337,515,332,324
2021,Ashford 009,E02005004,9276,6373,6128,5223,1284,3939,111,27,84,794,262,532,245,181,128,126,109,17,1,1,0,1,1,0,53,2722,1343,398,440,317,224
2021,Ashford 010,E02005005,8266,5235,5096,3988,1014,2974,189,41,148,919,405,514,139,125,100,93,81,12,1,0,1,6,6,0,25,2906,1912,248,370,176,200
2021,Ashford 011,E02005006,5155,2797,2712,1876,530,1346,116,21,95,720,311,409,85,62,44,43,35,8,0,0,0,1,1,0,18,2296,1498,195,299,148,156
2021,Ashford 012,E02005007,7696,4485,4343,3331,838,2493,141,19,122,871,344,527,142,115,83,80,74,6,0,0,0,3,1,2,32,3096,1986,255,386,274,195
2021,Ashford 013,E02005008,7557,3754,3602,2669,825,1844,153,29,124,780,379,401,152,92,70,68,59,9,1,0,1,1,1,0,22,3711,2815,186,323,236,151
2021,Ashford 014,E02005009,4995,2729,2625,1864,551,1313,95,13,82,666,329,337,104,88,60,56,49,7,1,0,1,3,1,2,28,2178,1505,169,226,156,122
2021,Canterbury 001,E02005010,6347,3471,3246,2585,776,1809,102,23,79,559,235,324,225,116,90,84,72,12,0,0,0,6,6,0,26,2760,1636,234,281,414,195
2021,Canterbury 002,E02005011,6529,3003,2893,2280,702,1578,94,22,72,519,241,278,110,124,86,81,68,13,1,0,1,4,4,0,38,3402,2725,178,200,188,111
2021,Canterbury 003,E02005012,7443,3802,3635,2924,896,2028,94,23,71,617,254,363,167,169,129,122,108,14,1,0,1,6,6,0,40,3472,2207,277,351,424,213
2021,Canterbury 004,E02005013,6963,3457,3304,2622,890,1732,88,22,66,594,258,336,153,111,87,79,67,12,0,0,0,8,6,2,24,3395,2353,241,284,352,165
2021,Canterbury 005,E02005014,7288,3466,3340,2565,782,1783,132,27,105,643,332,311,126,112,77,70,62,8,2,2,0,5,5,0,35,3710,2962,243,250,142,113
2021,Canterbury 006,E02005015,7694,4533,4385,3598,1064,2534,103,17,86,684,297,387,148,135,103,102,86,16,0,0,0,1,0,1,32,3026,1996,283,302,284,161
2021,Canterbury 007,E02005016,6495,3523,3355,2611,814,1797,103,22,81,641,310,331,168,84,61,58,54,4,0,0,0,3,3,0,23,2888,1963,264,290,225,146
2021,Canterbury 008,E02005017,5629,3340,3178,2343,666,1677,102,23,79,733,376,357,162,83,71,62,51,11,0,0,0,9,8,1,12,2206,1556,188,187,139,136
2021,Canterbury 009,E02005018,7271,3834,3684,2853,820,2033,107,20,87,724,350,374,150,96,72,66,58,8,2,0,2,4,4,0,24,3341,2324,295,284,264,174
2021,Canterbury 010,E02005019,5393,3027,2894,2232,582,1650,117,26,91,545,256,289,133,64,52,48,44,4,1,0,1,3,3,0,12,2302,1446,242,241,214,159
2021,Canterbury 011,E02005020,6112,3421,3270,2628,773,1855,107,24,83,535,218,317,151,112,82,75,66,9,2,2,0,5,4,1,30,2579,1569,273,328,258,151
2021,Canterbury 012,E02005021,9895,2831,2737,2134,536,1598,122,26,96,481,233,248,94,1177,576,532,491,41,1,1,0,43,39,4,601,5887,1711,3742,196,115,123
2021,Canterbury 013,E02005022,6965,2483,2318,1895,563,1332,59,13,46,364,188,176,165,868,598,566,515,51,4,4,0,28,24,4,270,3614,987,1910,278,258,181
2021,Canterbury 014,E02005023,7987,3277,2985,2560,738,1822,66,15,51,359,160,199,292,917,576,534,469,65,6,6,0,36,30,6,341,3793,853,1675,479,513,273
2021,Canterbury 016,E02005025,8660,3624,3468,2865,700,2165,103,31,72,500,265,235,156,797,510,485,434,51,0,0,0,25,24,1,287,4239,1638,1991,269,185,156
2021,Canterbury 017,E02005026,6492,3939,3782,2924,787,2137,153,28,125,705,345,360,157,121,86,84,71,13,1,1,0,1,0,1,35,2432,1490,319,291,192,140
2021,Canterbury 018,E02005027,4661,2488,2405,1768,501,1267,101,17,84,536,246,290,83,69,49,43,36,7,0,0,0,6,5,1,20,2104,1433,240,138,185,108
2021,Dartford 001,E02005028,10173,7186,6820,5822,1208,4614,163,34,129,835,267,568,366,235,184,150,104,46,7,3,4,27,21,6,51,2752,892,471,688,400,301
2021,Dartford 002,E02005029,11213,8681,8341,7003,1239,5764,190,44,146,1148,370,778,340,174,121,107,75,32,1,0,1,13,9,4,53,2358,911,415,561,221,250
2021,Dartford 003,E02005030,9475,6632,6342,5358,1191,4167,151,33,118,833,328,505,290,193,137,125,83,42,2,0,2,10,7,3,56,2650,1257,452,426,214,301
2021,Dartford 004,E02005031,6295,4195,3965,3346,759,2587,90,17,73,529,186,343,230,117,91,88,63,25,0,0,0,3,3,0,26,1983,879,249,391,261,203
2021,Dartford 005,E02005032,7622,5274,5035,4234,909,3325,113,31,82,688,271,417,239,156,131,120,82,38,3,3,0,8,8,0,25,2192,948,328,382,265,269
2021,Dartford 006,E02005033,5910,4055,3874,3283,738,2545,83,21,62,508,174,334,181,91,68,59,45,14,1,0,1,8,7,1,23,1764,841,212,284,252,175
2021,Dartford 007,E02005034,6242,3976,3835,3252,830,2422,89,14,75,494,209,285,141,95,72,65,54,11,1,1,0,6,5,1,23,2171,1424,295,238,76,138
2021,Dartford 008,E02005035,6674,4308,4128,3496,829,2667,106,21,85,526,202,324,180,102,81,71,53,18,1,1,0,9,8,1,21,2264,1392,331,279,111,151
2021,Dartford 009,E02005036,5137,3234,3032,2539,679,1860,74,14,60,419,170,249,202,86,67,58,44,14,1,1,0,8,7,1,19,1817,801,245,307,265,199
2021,Dartford 010,E02005037,5824,3323,3215,2590,668,1922,117,27,90,508,210,298,108,87,50,45,39,6,1,1,0,4,1,3,37,2414,1684,241,236,92,161
2021,Dartford 011,E02005038,4938,2895,2792,2255,565,1690,85,26,59,452,182,270,103,76,53,52,43,9,1,1,0,0,0,0,23,1967,1339,176,203,117,132
2021,Dartford 012,E02005039,5464,3358,3214,2651,675,1976,83,14,69,480,196,284,144,82,59,54,39,15,4,1,3,1,1,0,23,2024,1225,210,252,181,156
2021,Dartford 013,E02005040,5723,3136,3057,2432,678,1754,122,31,91,503,206,297,79,80,60,55,48,7,0,0,0,5,2,3,20,2507,1875,171,218,124,119
2021,Dover 001,E02005041,6099,3398,3277,2427,683,1744,167,33,134,683,316,367,121,72,54,43,34,9,1,0,1,10,10,0,18,2629,1774,250,248,218,139
2021,Dover 002,E02005042,7684,3875,3692,2875,806,2069,146,28,118,671,344,327,183,98,75,72,62,10,0,0,0,3,2,1,23,3711,2648,298,306,299,160
2021,Dover 003,E02005043,6136,3118,2967,2293,693,1600,94,26,68,580,271,309,151,60,33,30,27,3,0,0,0,3,0,3,27,2958,2072,200,233,311,142
2021,Dover 004,E02005044,5399,2723,2559,1906,542,1364,119,30,89,534,260,274,164,52,33,33,29,4,0,0,0,0,0,0,19,2624,1971,118,174,221,140
2021,Dover 005,E02005045,7450,4284,4111,3356,970,2386,102,22,80,653,288,365,173,85,52,52,45,7,0,0,0,0,0,0,33,3081,1868,257,378,390,188
2021,Dover 006,E02005046,6940,4289,4124,3432,820,2612,114,21,93,578,199,379,165,113,80,75,65,10,0,0,0,5,4,1,33,2538,1282,272,353,336,295
2021,Dover 007,E02005047,6387,3271,3103,2522,789,1733,66,21,45,515,243,272,168,62,46,46,38,8,0,0,0,0,0,0,16,3054,2018,214,293,379,150
2021,Dover 008,E02005048,5675,3015,2903,2274,671,1603,97,18,79,532,239,293,112,64,52,48,42,6,0,0,0,4,3,1,12,2596,1894,178,201,196,127
2021,Dover 009,E02005049,6091,2749,2666,1999,599,1400,134,31,103,533,279,254,83,60,41,38,36,2,0,0,0,3,2,1,19,3282,2633,156,214,164,115
2021,Dover 010,E02005050,8099,4591,4450,3729,1024,2705,117,27,90,604,269,335,141,143,112,109,91,18,0,0,0,3,2,1,31,3365,2480,234,253,226,172
2021,Dover 011,E02005051,10482,6220,5758,5073,1462,3611,82,18,64,603,223,380,462,213,154,143,111,32,2,0,2,9,7,2,59,4049,1647,470,764,774,394
2021,Dover 012,E02005052,6740,3668,3411,2925,772,2153,76,25,51,410,194,216,257,97,68,66,51,15,0,0,0,2,2,0,29,2975,1472,371,364,441,327
2021,Dover 013,E02005053,7228,4302,3933,3399,982,2417,79,21,58,455,197,258,369,112,83,74,55,19,1,0,1,8,5,3,29,2814,1256,300,422,512,324
2021,Dover 014,E02005054,5720,3170,3039,2483,715,1768,106,22,84,450,206,244,131,74,53,51,46,5,0,0,0,2,0,2,21,2476,1866,155,174,161,120
2021,Gravesham 001,E02005055,6168,3946,3652,3013,764,2249,97,21,76,542,184,358,294,126,92,85,60,25,0,0,0,7,7,0,34,2096,719,271,480,319,307
2021,Gravesham 002,E02005056,8257,5150,4714,3883,915,2968,133,31,102,698,265,433,436,185,142,123,74,49,2,2,0,17,9,8,43,2922,1214,369,485,397,457
2021,Gravesham 003,E02005057,8930,5735,5401,4417,1171,3246,172,45,127,812,290,522,334,180,124,109,80,29,0,0,0,15,8,7,56,3015,1341,419,528,335,392
2021,Gravesham 004,E02005058,6109,3841,3606,2974,822,2152,127,25,102,505,183,322,235,99,70,70,55,15,0,0,0,0,0,0,29,2169,1012,296,406,242,213
2021,Gravesham 005,E02005059,7903,5006,4767,3964,1000,2964,127,27,100,676,282,394,239,151,113,96,80,16,5,2,3,12,8,4,38,2746,1719,314,306,206,201
2021,Gravesham 006,E02005060,6819,4208,4013,3374,788,2586,79,14,65,560,189,371,195,119,78,66,49,17,1,0,1,11,5,6,41,2492,1380,290,378,248,196
2021,Gravesham 007,E02005061,5775,3336,3096,2545,699,1846,104,22,82,447,150,297,240,130,95,78,64,14,4,3,1,13,10,3,35,2309,1156,278,356,320,199
2021,Gravesham 008,E02005062,5583,3383,3243,2687,748,1939,93,21,72,463,181,282,140,84,55,52,47,5,1,0,1,2,2,0,29,2116,1315,247,283,132,139
2021,Gravesham 009,E02005063,5750,3522,3364,2810,735,2075,104,15,89,450,144,306,158,81,55,50,40,10,1,0,1,4,2,2,26,2147,1251,226,329,199,142
2021,Gravesham 010,E02005064,5488,3023,2909,2322,633,1689,129,30,99,458,205,253,114,77,57,53,47,6,0,0,0,4,4,0,20,2388,1676,222,242,129,119
2021,Gravesham 011,E02005065,6326,3829,3597,3001,821,2180,93,18,75,503,178,325,232,112,85,76,59,17,1,0,1,8,4,4,27,2385,1073,299,415,358,240
2021,Gravesham 012,E02005066,6537,3569,3460,2791,788,2003,107,21,86,562,216,346,109,110,75,69,59,10,0,0,0,6,4,2,35,2858,2175,200,259,128,96
2021,Gravesham 013,E02005067,4909,2927,2836,2193,603,1590,126,19,107,517,210,307,91,85,65,59,49,10,0,0,0,6,6,0,20,1897,1375,134,206,88,94
2021,Maidstone 001,E02005068,5847,3919,3823,3045,725,2320,130,24,106,648,280,368,96,90,80,75,54,21,1,0,1,4,4,0,10,1838,1200,208,225,103,102
2021,Maidstone 002,E02005069,7374,4654,4500,3700,947,2753,127,23,104,673,302,371,154,127,97,90,70,20,0,0,0,7,7,0,30,2593,1712,285,299,127,170
2021,Maidstone 003,E02005070,8066,4532,4408,3665,896,2769,132,19,113,611,269,342,124,158,118,112,102,10,1,1,0,5,5,0,40,3376,2605,254,263,155,99
2021,Maidstone 004,E02005071,10340,6807,6357,5448,1154,4294,146,28,118,763,287,476,450,197,157,146,92,54,0,0,0,11,6,5,40,3336,1145,319,505,513,854
2021,Maidstone 005,E02005072,6476,3835,3715,3068,816,2252,103,22,81,544,257,287,120,110,78,68,56,12,1,0,1,9,7,2,32,2531,1847,233,230,100,121
2021,Maidstone 006,E02005073,10108,7016,6677,5629,1124,4505,133,32,101,915,340,575,339,190,162,143,108,35,2,1,1,17,13,4,28,2902,1319,398,422,413,350
2021,Maidstone 007,E02005074,6642,3760,3660,2939,804,2135,117,27,90,604,249,355,100,125,92,91,81,10,0,0,0,1,1,0,33,2757,2051,226,216,137,127
2021,Maidstone 008,E02005075,8672,5739,5487,4676,1062,3614,128,30,98,683,279,404,252,148,109,104,87,17,2,2,0,3,3,0,39,2785,1403,406,408,360,208
2021,Maidstone 009,E02005076,7864,5347,5082,4255,1001,3254,99,25,74,728,271,457,265,122,93,82,56,26,2,1,1,9,8,1,29,2395,1053,310,425,314,293
2021,Maidstone 010,E02005077,6492,3884,3692,3007,835,2172,94,30,64,591,232,359,192,103,79,77,60,17,0,0,0,2,1,1,24,2505,1438,267,349,259,192
2021,Maidstone 011,E02005078,8124,4743,4621,3584,908,2676,164,41,123,873,414,459,122,102,71,68,56,12,0,0,0,3,2,1,31,3279,2323,244,345,221,146
2021,Maidstone 012,E02005079,7268,4287,4178,3420,905,2515,105,21,84,653,268,385,109,113,83,81,65,16,1,1,0,1,0,1,30,2868,2054,257,299,137,121
2021,Maidstone 013,E02005080,9125,5320,5023,4189,1160,3029,106,19,87,728,246,482,297,118,85,76,55,21,3,3,0,6,4,2,33,3687,1675,338,740,605,329
2021,Maidstone 014,E02005081,5900,3250,3159,2475,647,1828,110,23,87,574,264,310,91,84,60,58,49,9,0,0,0,2,2,0,24,2566,1846,188,265,140,127
2021,Maidstone 015,E02005082,9464,6132,5979,4813,1149,3664,194,41,153,972,395,577,153,108,78,76,58,18,1,1,0,1,1,0,30,3224,1956,294,473,283,218
2021,Maidstone 016,E02005083,6385,3887,3775,3095,768,2327,93,17,76,587,252,335,112,71,60,58,48,10,0,0,0,2,0,2,11,2427,1756,176,240,129,126
2021,Maidstone 017,E02005084,6137,3581,3454,2635,684,1951,128,25,103,691,313,378,127,78,58,52,40,12,1,1,0,5,4,1,20,2478,1578,221,303,152,224
2021,Maidstone 018,E02005085,6330,3970,3849,2965,694,2271,149,31,118,735,329,406,121,68,50,47,40,7,1,0,1,2,2,0,18,2292,1346,206,410,177,153
2021,Maidstone 019,E02005086,5519,3396,3289,2629,673,1956,98,13,85,562,258,304,107,88,65,60,53,7,1,1,0,4,3,1,23,2035,1335,194,245,156,105
2021,Sevenoaks 001,E02005087,5872,3452,3313,2656,648,2008,91,19,72,566,237,329,139,81,65,60,60,0,0,0,0,5,5,0,16,2339,1621,186,258,138,136
2021,Sevenoaks 002,E02005088,7736,4426,4165,3461,955,2506,102,21,81,602,245,357,261,125,104,101,78,23,0,0,0,3,3,0,21,3185,1572,312,505,508,288
2021,Sevenoaks 003,E02005089,5588,3528,3382,2753,681,2072,99,17,82,530,224,306,146,81,55,51,45,6,1,1,0,3,3,0,26,1979,1338,160,244,109,128
2021,Sevenoaks 004,E02005090,5045,2546,2469,1951,580,1371,100,17,83,418,195,223,77,50,34,28,27,1,1,0,1,5,5,0,16,2449,1823,170,202,131,123
2021,Sevenoaks 005,E02005091,5594,3350,3231,2538,674,1864,110,19,91,583,248,335,119,61,54,51,40,11,2,0,2,1,0,1,7,2183,1523,164,245,135,116
2021,Sevenoaks 007,E02005093,5118,2757,2657,2008,560,1448,124,34,90,525,228,297,100,66,51,49,42,7,0,0,0,2,1,1,15,2295,1627,133,237,138,160
2021,Sevenoaks 008,E02005094,7801,5052,4908,3845,884,2961,177,41,136,886,429,457,144,87,60,56,50,6,1,1,0,3,3,0,27,2662,1713,257,388,144,160
2021,Sevenoaks 009,E02005095,6002,3509,3388,2619,712,1907,129,20,109,640,309,331,121,90,62,51,47,4,1,1,0,10,8,2,28,2403,1657,231,314,98,103
2021,Sevenoaks 010,E02005096,7628,4809,4643,3665,869,2796,114,25,89,864,415,449,166,99,76,67,58,9,0,0,0,9,6,3,23,2720,1606,282,444,212,176
2021,Sevenoaks 011,E02005097,7261,4284,4151,3282,744,2538,162,36,126,707,366,341,133,112,94,83,73,10,0,0,0,11,9,2,18,2865,1731,400,527,83,124
2021,Sevenoaks 012,E02005098,8055,4593,4416,3411,671,2740,183,32,151,822,415,407,177,81,61,52,43,9,0,0,0,9,8,1,20,3381,2022,598,499,116,146
2021,Sevenoaks 013,E02005099,6479,3920,3801,2799,734,2065,148,32,116,854,430,424,119,82,67,59,44,15,2,1,1,6,3,3,15,2477,1541,249,372,138,177
2021,Sevenoaks 014,E02005100,7853,4905,4714,3728,912,2816,115,20,95,871,416,455,191,67,49,48,39,9,0,0,0,1,1,0,18,2881,1793,262,363,252,211
2021,Sevenoaks 015,E02005101,5718,3424,3337,2359,588,1771,161,33,128,817,410,407,87,52,42,42,39,3,0,0,0,0,0,0,10,2242,1372,255,357,110,148
2021,Folkestone and Hythe 001,E02005102,5321,2708,2618,1886,552,1334,117,23,94,615,312,303,90,79,61,53,43,10,0,0,0,8,7,1,18,2534,1930,144,191,167,102
2021,Folkestone and Hythe 002,E02005103,8028,4927,4745,4035,996,3039,95,31,64,615,257,358,182,180,137,129,110,19,1,1,0,7,5,2,43,2921,1721,321,343,332,204
2021,Folkestone and Hythe 003,E02005104,6416,3508,3304,2728,821,1907,70,21,49,506,218,288,204,118,93,88,77,11,1,1,0,4,2,2,25,2790,1559,256,390,398,187
2021,Folkestone and Hythe 004,E02005105,5831,3554,3300,2732,813,1919,64,14,50,504,210,294,254,116,81,75,61,14,0,0,0,6,5,1,35,2161,884,274,400,381,222
2021,Folkestone and Hythe 005,E02005106,8024,4871,4627,3947,1097,2850,86,16,70,594,261,333,244,141,106,104,90,14,1,1,0,1,1,0,35,3012,1565,316,443,383,305
2021,Folkestone and Hythe 006,E02005107,10848,6157,5871,4762,1298,3464,184,47,137,925,437,488,286,182,152,144,116,28,0,0,0,8,7,1,30,4509,2891,376,439,357,446
2021,Folkestone and Hythe 008,E02005109,5867,2706,2604,1957,569,1388,106,25,81,541,271,270,102,92,56,54,52,2,0,0,0,2,1,1,36,3069,2514,154,191,115,95
2021,Folkestone and Hythe 009,E02005110,6006,3238,3119,2474,654,1820,87,20,67,558,250,308,119,61,41,38,34,4,0,0,0,3,2,1,20,2707,1948,161,252,242,104
2021,Folkestone and Hythe 010,E02005111,6279,2830,2673,2097,640,1457,75,23,52,501,225,276,157,69,57,54,44,10,0,0,0,3,3,0,12,3380,2451,167,250,352,160
2021,Folkestone and Hythe 011,E02005112,6155,2873,2746,2117,622,1495,103,14,89,526,241,285,127,78,53,49,41,8,0,0,0,4,2,2,25,3204,2229,160,281,374,160
2021,Folkestone and Hythe 012,E02005113,6243,2896,2764,2221,662,1559,73,23,50,470,200,270,132,47,27,24,23,1,2,2,0,1,1,0,20,3300,2419,155,271,293,162
2021,Folkestone and Hythe 013,E02005114,5291,2670,2538,2011,564,1447,54,12,42,473,197,276,132,51,33,31,24,7,0,0,0,2,1,1,18,2570,1686,167,260,313,144
2021,Swale 001,E02005115,4896,2819,2537,2160,602,1558,52,10,42,325,117,208,282,78,55,54,35,19,0,0,0,1,1,0,23,1999,681,203,472,390,253
2021,Swale 002,E02005116,4978,2512,2302,1972,558,1414,54,13,41,276,85,191,210,52,35,30,22,8,1,1,0,4,3,1,17,2414,933,214,499,514,254
2021,Swale 003,E02005117,5607,2978,2874,2301,582,1719,94,25,69,479,170,309,104,61,39,39,28,11,0,0,0,0,0,0,22,2568,1798,122,230,276,142
2021,Swale 004,E02005118,8597,5366,5118,4312,1061,3251,120,28,92,686,254,432,248,127,96,94,72,22,1,1,0,1,1,0,31,3104,1798,291,451,346,218
2021,Swale 005,E02005119,5295,2965,2801,2300,584,1716,77,11,66,424,147,277,164,68,54,47,39,8,0,0,0,7,5,2,14,2262,1345,164,316,273,164
2021,Swale 006,E02005120,8415,3695,3327,2649,738,1911,141,31,110,537,200,337,368,42,30,28,22,6,0,0,0,2,2,0,12,4678,1882,244,387,478,1687
2021,Swale 007,E02005121,10873,7373,7076,6007,1350,4657,151,29,122,918,322,596,297,243,180,172,141,31,0,0,0,8,5,3,63,3257,1616,432,553,388,268
2021,Swale 008,E02005122,6421,3795,3685,2970,759,2211,130,24,106,585,234,351,110,79,58,56,48,8,0,0,0,2,2,0,21,2547,1634,195,340,210,168
2021,Swale 009,E02005123,10057,6402,6141,5081,1203,3878,158,29,129,902,333,569,261,153,113,102,83,19,2,1,1,9,7,2,40,3502,1967,383,552,323,277
2021,Swale 010,E02005124,6996,4114,3873,3365,826,2539,82,21,61,426,153,273,241,130,97,91,63,28,2,2,0,4,4,0,33,2752,1272,255,467,488,270
2021,Swale 011,E02005125,6633,4166,3978,3406,786,2620,70,14,56,502,212,290,188,79,62,58,41,17,0,0,0,4,4,0,17,2388,1288,233,365,300,202
2021,Swale 012,E02005126,6637,3742,3596,2965,767,2198,90,18,72,541,205,336,146,95,78,77,65,12,0,0,0,1,0,1,17,2800,1881,230,337,215,137
2021,Swale 013,E02005127,7287,4287,4167,3434,884,2550,121,27,94,612,264,348,120,129,93,88,73,15,0,0,0,5,4,1,36,2871,1967,264,317,205,118
2021,Swale 014,E02005128,7244,4202,4019,3321,891,2430,78,21,57,620,302,318,183,101,76,69,59,10,2,1,1,5,1,4,25,2941,1865,267,386,260,163
2021,Swale 015,E02005129,9446,5457,5208,4235,1141,3094,148,30,118,825,401,424,249,125,93,83,70,13,0,0,0,10,7,3,32,3864,2401,342,458,397,266
2021,Swale 016,E02005130,7792,4702,4517,3536,836,2700,167,32,135,814,339,475,185,113,85,80,62,18,0,0,0,5,2,3,28,2977,1841,245,395,282,214
2021,Swale 017,E02005131,4844,2826,2711,2080,577,1503,103,15,88,528,254,274,115,55,36,35,29,6,1,0,1,0,0,0,19,1963,1317,189,216,130,111
2021,Thanet 001,E02005132,8345,4583,4085,2958,984,1974,132,48,84,995,456,539,498,92,57,46,34,12,0,0,0,11,8,3,35,3670,1471,322,687,738,452
2021,Thanet 002,E02005133,7444,3543,3421,2560,771,1789,161,46,115,700,341,359,122,104,74,69,63,6,0,0,0,5,2,3,30,3797,2939,218,304,194,142
2021,Thanet 003,E02005134,6346,3876,3576,2849,847,2002,89,29,60,638,272,366,300,104,83,71,51,20,1,0,1,11,7,4,21,2366,885,238,413,566,264
2021,Thanet 004,E02005135,6233,3642,3391,2731,809,1922,91,31,60,569,245,324,251,112,82,76,58,18,1,1,0,5,5,0,30,2479,1263,244,366,385,221
2021,Thanet 005,E02005136,6613,3701,3529,2758,857,1901,123,28,95,648,263,385,172,90,70,68,56,12,0,0,0,2,1,1,20,2822,1795,218,312,314,183
2021,Thanet 006,E02005137,5919,3171,2917,2381,801,1580,62,15,47,474,216,258,254,90,60,53,43,10,2,1,1,5,4,1,30,2658,1258,261,449,486,204
2021,Thanet 007,E02005138,7593,3984,3750,3026,905,2121,95,25,70,629,292,337,234,94,64,62,52,10,1,1,0,1,1,0,30,3515,2351,236,280,423,225
2021,Thanet 008,E02005139,7809,3231,3091,2349,724,1625,111,18,93,631,326,305,140,92,74,69,61,8,4,4,0,1,1,0,18,4486,3592,194,251,271,178
2021,Thanet 009,E02005140,6429,3127,3021,2354,725,1629,112,19,93,555,294,261,106,102,75,68,58,10,1,0,1,6,5,1,27,3200,2492,225,216,135,132
2021,Thanet 010,E02005141,5981,3042,2891,2150,711,1439,127,36,91,614,269,345,151,99,67,66,54,12,0,0,0,1,1,0,32,2840,2051,195,230,189,175
2021,Thanet 011,E02005142,6133,3064,2922,2338,756,1582,92,24,68,492,197,295,142,95,58,56,48,8,0,0,0,2,2,0,37,2974,2045,204,274,284,167
2021,Thanet 012,E02005143,6616,3769,3558,2866,869,1997,86,18,68,606,277,329,211,131,104,95,78,17,1,0,1,8,5,3,27,2716,1630,281,311,304,190
2021,Thanet 013,E02005144,6894,3683,3412,2878,943,1935,72,21,51,462,176,286,271,135,92,88,73,15,1,1,0,3,0,3,43,3076,1305,341,565,642,223
2021,Thanet 014,E02005145,6697,3841,3685,2889,832,2057,137,25,112,659,284,375,156,91,66,61,54,7,1,0,1,4,3,1,25,2765,1894,209,259,244,159
2021,Thanet 015,E02005146,6387,3986,3775,3073,865,2208,82,25,57,620,228,392,211,130,98,88,69,19,0,0,0,10,9,1,32,2271,1122,319,335,299,196
2021,Thanet 016,E02005147,7275,3940,3610,2746,812,1934,95,21,74,769,349,420,330,108,85,72,47,25,3,2,1,10,5,5,23,3227,1666,254,429,545,333
2021,Thanet 017,E02005148,6711,3392,3271,2632,745,1887,104,25,79,535,232,303,121,96,82,79,67,12,1,1,0,2,2,0,14,3223,2434,197,235,203,154
2021,Tonbridge and Malling 001,E02005149,9809,6587,6371,5228,1172,4056,165,30,135,978,375,603,216,138,104,96,77,19,0,0,0,8,8,0,34,3084,1982,295,380,251,176
2021,Tonbridge and Malling 002,E02005150,9340,6108,5900,4971,1173,3798,104,19,85,825,297,528,208,99,63,58,47,11,1,0,1,4,4,0,36,3133,1728,267,463,409,266
2021,Tonbridge and Malling 003,E02005151,10187,6374,6206,5224,1410,3814,122,25,97,860,336,524,168,151,125,121,101,20,0,0,0,4,4,0,26,3662,2431,316,432,289,194
2021,Tonbridge and Malling 005,E02005153,7464,4388,4245,3560,929,2631,74,18,56,611,252,359,143,99,73,69,63,6,0,0,0,4,3,1,26,2977,1907,243,392,242,193
2021,Tonbridge and Malling 006,E02005154,9369,5551,5355,4050,1018,3032,231,45,186,1074,492,582,196,116,90,84,75,9,0,0,0,6,5,1,26,3702,2429,387,514,173,199
2021,Tonbridge and Malling 007,E02005155,9546,6271,6089,4905,1142,3763,227,39,188,957,452,505,182,196,149,141,116,25,0,0,0,8,7,1,47,3079,1825,505,460,151,138
2021,Tonbridge and Malling 008,E02005156,6004,3357,3198,2548,688,1860,91,17,74,559,248,311,159,96,59,58,55,3,1,0,1,0,0,0,37,2551,1621,309,305,182,134
2021,Tonbridge and Malling 009,E02005157,5366,2879,2738,2251,675,1576,52,15,37,435,210,225,141,78,61,56,51,5,0,0,0,5,3,2,17,2409,1486,204,311,274,134
2021,Tonbridge and Malling 010,E02005158,5373,3076,2980,2345,639,1706,89,15,74,546,286,260,96,91,70,64,61,3,0,0,0,6,6,0,21,2206,1486,227,263,125,105
2021,Tonbridge and Malling 011,E02005159,6225,3433,3324,2680,803,1877,72,13,59,572,273,299,109,98,73,71,63,8,0,0,0,2,1,1,25,2694,1880,246,278,156,134
2021,Tonbridge and Malling 012,E02005160,9945,6493,6244,5327,1139,4188,119,24,95,798,360,438,249,138,104,97,75,22,0,0,0,7,5,2,34,3314,1782,549,464,282,237
2021,Tonbridge and Malling 013,E02005161,6845,4725,4560,3854,866,2988,75,13,62,631,306,325,165,121,108,99,79,20,0,0,0,9,8,1,13,1999,1155,256,293,162,133
2021,Tunbridge Wells 001,E02005162,8615,5256,5092,4151,1105,3046,119,20,99,822,373,449,164,128,101,99,84,15,0,0,0,2,1,1,27,3231,2139,291,363,243,195
2021,Tunbridge Wells 002,E02005163,6323,4146,3984,3157,864,2293,123,30,93,704,375,329,162,85,70,66,53,13,0,0,0,4,4,0,15,2092,1217,301,260,209,105
2021,Tunbridge Wells 003,E02005164,7016,4633,4451,3610,846,2764,99,13,86,742,319,423,182,104,82,75,60,15,1,1,0,6,5,1,22,2279,1269,272,322,246,170
2021,Tunbridge Wells 004,E02005165,6216,3590,3473,2730,719,2011,117,23,94,626,291,335,117,93,60,56,54,2,0,0,0,4,2,2,33,2533,1732,207,279,171,144
2021,Tunbridge Wells 005,E02005166,5356,3326,3172,2614,728,1886,81,17,64,477,236,241,154,96,70,65,42,23,0,0,0,5,2,3,26,1934,817,231,314,355,217
2021,Tunbridge Wells 006,E02005167,6023,3494,3373,2521,706,1815,108,22,86,744,399,345,121,83,59,55,47,8,1,1,0,3,3,0,24,2446,1664,266,331,109,76
2021,Tunbridge Wells 007,E02005168,5999,3854,3729,2958,648,2310,115,24,91,656,311,345,125,82,61,55,37,18,0,0,0,6,6,0,21,2063,1259,271,253,122,158
2021,Tunbridge Wells 008,E02005169,7622,5442,5158,4201,727,3474,143,34,109,814,354,460,284,111,91,84,59,25,0,0,0,7,0,7,20,2069,999,242,368,199,261
2021,Tunbridge Wells 009,E02005170,7814,4997,4836,3849,849,3000,133,23,110,854,416,438,161,110,81,71,49,22,1,1,0,9,8,1,29,2707,1713,313,332,183,166
2021,Tunbridge Wells 010,E02005171,4922,2967,2853,2263,645,1618,75,19,56,515,230,285,114,57,43,33,24,9,0,0,0,10,3,7,14,1898,977,204,286,257,174
2021,Tunbridge Wells 011,E02005172,6623,3994,3861,2768,725,2043,188,30,158,905,452,453,133,72,59,50,43,7,0,0,0,9,8,1,13,2557,1627,305,373,109,143
2021,Tunbridge Wells 012,E02005173,6861,4147,3991,3056,655,2401,153,36,117,782,396,386,156,60,47,37,31,6,0,0,0,10,10,0,13,2654,1772,269,360,117,136
2021,Tunbridge Wells 013,E02005174,6058,3290,3197,2340,644,1696,128,35,93,729,370,359,93,86,70,62,51,11,0,0,0,8,6,2,16,2682,1708,314,341,168,151
2021,Tunbridge Wells 014,E02005175,6952,3919,3787,2703,748,1955,155,36,119,929,429,500,132,57,40,40,32,8,0,0,0,0,0,0,17,2976,1862,452,369,144,149
2021,Burnley 001,E02005176,7275,4169,3999,3509,906,2603,71,16,55,419,187,232,170,132,97,95,75,20,0,0,0,2,1,1,35,2974,1838,309,306,326,195
2021,Burnley 002,E02005177,5233,2694,2526,2217,605,1612,59,25,34,250,125,125,168,70,49,48,37,11,0,0,0,1,1,0,21,2469,1108,318,483,339,221
2021,Burnley 003,E02005178,8524,4254,3781,3143,1086,2057,138,72,66,500,303,197,473,237,177,158,121,37,7,4,3,12,9,3,60,4033,665,762,1349,568,689
2021,Burnley 004,E02005179,7405,4083,3820,3334,877,2457,70,14,56,416,190,226,263,136,117,107,82,25,3,1,2,7,6,1,19,3186,1688,302,367,563,266
2021,Burnley 005,E02005180,5885,3362,3272,2847,630,2217,79,20,59,346,148,198,90,104,84,81,72,9,0,0,0,3,0,3,20,2419,1717,180,136,254,132
2021,Burnley 006,E02005181,5341,3121,2956,2641,635,2006,37,7,30,278,124,154,165,101,76,72,56,16,0,0,0,4,4,0,25,2119,1128,208,246,360,177
2021,Burnley 007,E02005182,4962,2574,2376,2131,594,1537,39,12,27,206,103,103,198,99,63,62,50,12,0,0,0,1,0,1,36,2289,965,236,356,466,266
2021,Burnley 008,E02005183,5023,2634,2506,2235,615,1620,40,10,30,231,89,142,128,82,57,57,46,11,0,0,0,0,0,0,25,2307,1347,198,195,430,137
2021,Burnley 009,E02005184,4400,2427,2352,1912,468,1444,80,14,66,360,143,217,75,42,29,28,22,6,0,0,0,1,1,0,13,1931,1518,112,88,122,91
2021,Burnley 010,E02005185,7440,4018,3736,3340,843,2497,54,8,46,342,144,198,282,158,136,127,101,26,0,0,0,9,9,0,22,3264,1176,383,536,824,345
2021,Burnley 011,E02005186,5123,3187,3084,2630,615,2015,71,13,58,383,143,240,103,79,66,61,43,18,0,0,0,5,4,1,13,1857,1207,167,146,213,124
2021,Chorley 001,E02005189,4280,2470,2350,2110,518,1592,32,5,27,208,85,123,120,60,47,47,37,10,0,0,0,0,0,0,13,1750,1006,124,202,292,126
2021,Chorley 002,E02005190,5106,3098,3024,2428,650,1778,129,31,98,467,207,260,74,84,60,59,52,7,0,0,0,1,1,0,24,1924,1482,164,112,95,71
2021,Chorley 003,E02005191,7935,4864,4737,4138,923,3215,113,31,82,486,204,282,127,153,124,123,104,19,0,0,0,1,0,1,29,2918,2093,277,199,229,120
2021,Chorley 004,E02005192,7126,4696,4565,3868,828,3040,153,24,129,544,217,327,131,173,142,138,122,16,1,0,1,3,3,0,31,2257,1501,257,200,194,105
2021,Chorley 005,E02005193,7227,4235,4128,3498,860,2638,94,24,70,536,220,316,107,146,107,103,83,20,0,0,0,4,3,1,39,2846,2142,215,166,201,122
2021,Chorley 006,E02005194,6605,3875,3743,3216,816,2400,74,17,57,453,202,251,132,108,88,76,63,13,1,0,1,11,8,3,20,2622,1671,199,247,326,179
2021,Chorley 007,E02005195,6826,3355,3183,2546,743,1803,158,28,130,479,216,263,172,101,86,85,75,10,0,0,0,1,1,0,15,3370,1577,185,122,210,1276
2021,Chorley 008,E02005196,8932,5524,5362,4733,1001,3732,108,19,89,521,216,305,162,175,130,124,110,14,1,1,0,5,4,1,45,3233,2285,249,261,292,146
2021,Chorley 009,E02005197,5771,3430,3279,2817,776,2041,66,19,47,396,154,242,151,123,99,98,73,25,0,0,0,1,0,1,24,2218,1146,209,299,385,179
2021,Chorley 010,E02005198,7831,4821,4620,4021,958,3063,92,15,77,507,227,280,201,151,124,117,98,19,0,0,0,7,6,1,27,2859,1698,218,281,439,223
2021,Chorley 011,E02005199,6340,3670,3610,2892,728,2164,165,41,124,553,223,330,60,99,83,82,73,9,1,0,1,0,0,0,16,2571,1978,191,182,138,82
2021,Chorley 012,E02005200,7199,4641,4468,3886,909,2977,91,19,72,491,175,316,173,137,102,99,82,17,0,0,0,3,3,0,35,2421,1252,259,312,385,213
2021,Chorley 013,E02005201,6806,4097,3970,3387,816,2571,101,19,82,482,164,318,127,112,88,88,74,14,0,0,0,0,0,0,24,2597,1662,187,250,337,161
2021,Chorley 014,E02005202,8371,4968,4815,4007,946,3061,144,26,118,664,272,392,153,139,109,105,92,13,0,0,0,4,4,0,30,3264,2374,257,207,261,165
2021,Fylde 001,E02005203,7026,4173,4045,3210,874,2336,205,40,165,630,283,347,128,124,110,108,89,19,1,1,0,1,0,1,14,2729,1956,199,221,209,144
2021,Fylde 002,E02005204,10358,6127,5943,5011,1195,3816,172,30,142,760,322,438,184,198,161,150,116,34,1,1,0,10,8,2,37,4033,2623,404,321,401,284
2021,Fylde 003,E02005205,5647,3030,2914,2388,641,1747,123,16,107,403,169,234,116,97,88,88,75,13,0,0,0,0,0,0,9,2520,1597,195,182,152,394
2021,Fylde 004,E02005206,6283,3344,3188,2597,797,1800,84,26,58,507,220,287,156,102,73,72,50,22,0,0,0,1,1,0,29,2837,1923,209,223,310,172
2021,Fylde 005,E02005207,7313,3468,3344,2667,780,1887,166,52,114,511,239,272,124,103,76,74,64,10,1,1,0,1,0,1,27,3742,2917,224,227,224,150
2021,Fylde 006,E02005208,8895,4233,3955,3185,878,2307,127,46,81,643,303,340,278,140,114,106,82,24,0,0,0,8,4,4,26,4522,3043,257,278,661,283
2021,Fylde 007,E02005209,7392,4097,3945,3329,797,2532,96,32,64,520,226,294,152,115,96,92,78,14,1,1,0,3,3,0,19,3180,2375,218,236,221,130
2021,Fylde 008,E02005210,8908,4080,3963,3186,921,2265,161,38,123,616,325,291,117,127,98,93,80,13,0,0,0,5,4,1,29,4701,3751,254,225,318,153
2021,Fylde 009,E02005211,7429,3667,3521,2802,782,2020,138,30,108,581,279,302,146,112,86,84,77,7,0,0,0,2,0,2,26,3650,2831,231,221,189,178
2021,Hyndburn 001,E02005212,8993,4960,4740,4092,1041,3051,117,29,88,531,234,297,220,179,124,114,83,31,1,1,0,9,7,2,55,3854,2264,362,413,545,270
2021,Hyndburn 002,E02005213,9242,5480,5274,4539,996,3543,105,18,87,630,267,363,206,193,151,144,121,23,0,0,0,7,7,0,42,3569,2166,356,332,481,234
2021,Hyndburn 003,E02005214,5466,3140,2979,2625,603,2022,45,10,35,309,118,191,161,94,73,71,48,23,0,0,0,2,1,1,21,2232,1342,227,197,311,155
2021,Hyndburn 004,E02005215,10015,5537,5217,4554,1095,3459,93,24,69,570,228,342,320,215,161,152,125,27,0,0,0,9,4,5,54,4263,2180,426,536,729,392
2021,Hyndburn 005,E02005216,4239,2415,2270,1987,516,1471,37,5,32,246,108,138,145,71,52,52,38,14,0,0,0,0,0,0,19,1753,871,183,232,315,152
2021,Hyndburn 006,E02005217,9536,4644,4211,3331,1082,2249,139,46,93,741,347,394,433,227,165,147,115,32,1,0,1,17,13,4,62,4665,1105,852,1262,848,598
2021,Hyndburn 007,E02005218,5931,3417,3278,2904,666,2238,58,12,46,316,116,200,139,96,75,70,51,19,0,0,0,5,4,1,21,2418,1433,221,220,377,167
2021,Hyndburn 008,E02005219,7160,4176,3974,3436,792,2644,73,17,56,465,185,280,202,124,100,93,70,23,0,0,0,7,7,0,24,2860,1726,286,251,403,194
2021,Hyndburn 009,E02005220,5046,2795,2716,2262,523,1739,91,21,70,363,147,216,79,78,64,61,48,13,1,1,0,2,1,1,14,2173,1594,142,120,210,107
2021,Lancaster 001,E02005221,8411,4569,4461,3654,1105,2549,121,27,94,686,330,356,108,118,101,100,93,7,1,0,1,0,0,0,17,3724,2791,249,231,274,179
2021,Lancaster 002,E02005222,5126,2803,2748,1921,629,1292,165,28,137,662,280,382,55,84,67,60,53,7,1,0,1,6,4,2,17,2239,1708,169,170,111,81
2021,Lancaster 003,E02005223,6242,3274,3210,2568,785,1783,135,27,108,507,237,270,64,86,69,66,57,9,0,0,0,3,2,1,17,2882,2346,191,139,114,92
2021,Lancaster 004,E02005224,4573,1970,1888,1570,513,1057,67,17,50,251,134,117,82,58,41,40,33,7,1,1,0,0,0,0,17,2545,2104,99,84,187,71
2021,Lancaster 005,E02005225,4995,2919,2886,2333,644,1689,84,17,67,469,211,258,33,80,63,56,46,10,0,0,0,7,7,0,17,1996,1505,179,116,120,76
2021,Lancaster 006,E02005226,5947,3164,2914,2532,866,1666,53,19,34,329,144,185,250,101,69,62,52,10,0,0,0,7,6,1,32,2682,1305,233,358,555,231
2021,Lancaster 008,E02005228,4627,2792,2668,2308,703,1605,55,19,36,305,128,177,124,81,70,70,66,4,0,0,0,0,0,0,11,1754,1063,179,176,211,125
2021,Lancaster 009,E02005229,4637,2612,2403,2068,610,1458,43,15,28,292,136,156,209,84,57,55,45,10,0,0,0,2,2,0,27,1941,789,203,269,467,213
2021,Lancaster 010,E02005230,5438,2661,2512,2190,714,1476,45,9,36,277,133,144,149,92,63,60,50,10,0,0,0,3,2,1,29,2685,1645,182,287,409,162
2021,Lancaster 011,E02005231,6657,3844,3656,3219,996,2223,56,13,43,381,168,213,188,134,103,100,86,14,2,0,2,1,1,0,31,2679,1178,425,340,487,249
2021,Lancaster 013,E02005233,6502,3835,3697,3206,886,2320,101,17,84,390,191,199,138,164,130,125,100,25,0,0,0,5,4,1,34,2503,1044,431,213,317,498
2021,Lancaster 014,E02005234,8190,2956,2806,2442,563,1879,64,5,59,300,142,158,150,812,607,542,464,78,3,3,0,62,59,3,205,4422,767,2979,180,281,215
2021,Lancaster 015,E02005235,4581,1975,1881,1673,428,1245,29,8,21,179,79,100,94,440,351,322,289,33,1,0,1,28,27,1,89,2166,463,1332,112,135,124
2021,Lancaster 016,E02005236,10874,6307,6094,5201,1487,3714,149,39,110,744,319,425,213,162,131,119,94,25,0,0,0,12,9,3,31,4405,2946,351,390,477,241
2021,Lancaster 017,E02005237,8520,4744,4571,3923,1155,2768,116,32,84,532,273,259,173,297,232,208,174,34,2,2,0,22,21,1,65,3479,1750,894,286,315,234
2021,Lancaster 018,E02005238,4550,2546,2477,2179,620,1559,35,12,23,263,114,149,69,134,103,92,82,10,1,1,0,10,9,1,31,1870,1076,423,130,153,88
2021,Lancaster 019,E02005239,9814,3210,3146,2464,688,1776,148,26,122,534,234,300,64,897,567,507,474,33,4,4,0,56,52,4,330,5707,1432,3942,119,112,102
2021,Pendle 001,E02005240,4471,2686,2599,2228,518,1710,38,9,29,333,162,171,87,76,56,56,46,10,0,0,0,0,0,0,20,1709,1142,133,144,181,109
2021,Pendle 002,E02005241,4654,2703,2598,2164,509,1655,84,26,58,350,144,206,105,54,44,42,38,4,0,0,0,2,2,0,10,1897,1250,144,197,194,112
2021,Pendle 003,E02005242,5110,2996,2901,2338,617,1721,72,13,59,491,210,281,95,68,57,55,42,13,0,0,0,2,2,0,11,2046,1407,139,180,213,107
2021,Pendle 006,E02005245,5798,3548,3468,2780,714,2066,128,24,104,560,236,324,80,87,75,65,48,17,0,0,0,10,6,4,12,2163,1657,146,135,122,103
2021,Pendle 007,E02005246,4367,2454,2295,1968,519,1449,48,14,34,279,139,140,159,71,55,55,44,11,0,0,0,0,0,0,16,1842,876,172,261,371,162
2021,Pendle 008,E02005247,8320,4746,4619,3736,904,2832,209,57,152,674,294,380,127,120,102,100,76,24,1,0,1,1,1,0,18,3454,2675,206,213,178,182
2021,Pendle 009,E02005248,5664,2639,2418,2013,651,1362,67,23,44,338,204,134,221,137,98,93,81,12,1,0,1,4,4,0,39,2888,787,495,782,410,414
2021,Pendle 010,E02005249,7791,3934,3596,3034,923,2111,97,44,53,465,276,189,338,152,117,107,72,35,1,1,0,9,7,2,35,3705,1108,549,937,583,528
2021,Pendle 011,E02005250,6838,3248,2960,2386,794,1592,126,64,62,448,289,159,288,182,133,126,99,27,4,4,0,3,2,1,49,3408,764,672,1062,393,517
2021,Pendle 012,E02005251,5614,2935,2797,2329,682,1647,78,22,56,390,204,186,138,114,82,81,66,15,1,1,0,0,0,0,32,2565,1325,316,426,288,210
2021,Pendle 013,E02005252,7963,3880,3665,2950,956,1994,158,62,96,557,303,254,215,174,136,123,103,20,1,0,1,12,11,1,38,3909,1644,558,868,435,404
2021,Preston 001,E02005253,5854,3543,3480,2747,667,2080,175,27,148,558,216,342,63,118,97,87,73,14,0,0,0,10,10,0,21,2193,1502,205,184,171,131
2021,Preston 002,E02005254,7685,4933,4870,4107,918,3189,180,42,138,583,220,363,63,185,149,142,115,27,1,1,0,6,4,2,36,2567,1818,270,218,147,114
2021,Preston 003,E02005255,7714,4432,4334,3763,935,2828,111,17,94,460,213,247,98,195,150,144,129,15,2,2,0,4,4,0,45,3087,2191,315,263,174,144
2021,Preston 004,E02005256,5630,3476,3409,3009,690,2319,81,15,66,319,142,177,67,113,96,89,72,17,0,0,0,7,5,2,17,2041,1342,232,167,183,117
2021,Preston 005,E02005257,4662,2410,2261,2010,541,1469,38,10,28,213,91,122,149,102,77,73,65,8,0,0,0,4,2,2,25,2150,1154,168,233,421,174
2021,Preston 006,E02005258,6821,3531,3441,2904,790,2114,111,26,85,426,218,208,90,217,163,156,121,35,0,0,0,7,6,1,54,3073,1822,435,337,285,194
2021,Preston 007,E02005259,8108,4625,4401,3879,1130,2749,90,35,55,432,190,242,224,188,142,133,112,21,1,0,1,8,8,0,46,3295,1563,390,501,575,266
2021,Preston 008,E02005260,5531,3222,3114,2716,725,1991,73,19,54,325,133,192,108,120,100,98,86,12,0,0,0,2,1,1,20,2189,1557,191,169,159,113
2021,Preston 009,E02005261,7669,4301,4034,3576,1042,2534,75,28,47,383,160,223,267,207,166,164,130,34,1,1,0,1,1,0,41,3161,1146,403,607,682,323
2021,Preston 010,E02005262,5978,3996,3899,3463,750,2713,74,14,60,362,144,218,97,168,131,120,92,28,2,0,2,9,7,2,37,1814,1072,217,197,169,159
2021,Preston 011,E02005263,5713,2945,2748,2419,730,1689,47,19,28,282,146,136,197,480,360,337,292,45,8,8,0,15,14,1,120,2288,561,655,472,313,287
2021,Preston 012,E02005264,10509,5068,4804,4295,1083,3212,55,22,33,454,202,252,264,1283,866,820,746,74,7,7,0,39,36,3,417,4158,1023,1950,413,432,340
2021,Preston 013,E02005265,8679,5168,4937,4332,1086,3246,105,25,80,500,210,290,231,202,154,144,121,23,1,1,0,9,9,0,48,3309,1774,352,335,556,292
2021,Preston 014,E02005266,6747,3676,3375,2996,904,2092,78,39,39,301,149,152,301,225,164,155,120,35,0,0,0,9,9,0,61,2846,628,417,650,471,680
2021,Preston 015,E02005267,5315,1895,1741,1531,538,993,47,25,22,163,88,75,154,674,402,383,350,33,8,5,3,11,10,1,272,2746,386,1340,442,347,231
2021,Preston 016,E02005268,7057,3925,3653,3185,1075,2110,96,32,64,372,187,185,272,203,141,138,108,30,0,0,0,3,0,3,62,2929,928,512,706,441,342
2021,Preston 017,E02005269,9011,4519,4165,3766,898,2868,72,26,46,327,155,172,354,853,619,575,493,82,8,7,1,36,29,7,234,3639,836,1344,476,599,384
2021,Ribble Valley 001,E02005270,6251,3598,3515,2490,678,1812,250,48,202,775,283,492,83,122,98,91,76,15,0,0,0,7,4,3,24,2531,1872,296,160,90,113
2021,Ribble Valley 002,E02005271,6754,4056,3946,3354,852,2502,112,28,84,480,209,271,110,101,88,86,71,15,1,0,1,1,0,1,13,2597,1891,231,166,162,147
2021,Ribble Valley 003,E02005272,7326,4480,4324,3692,885,2807,103,16,87,529,239,290,156,122,107,103,80,23,0,0,0,4,2,2,15,2724,1846,223,176,328,151
2021,Ribble Valley 004,E02005273,5038,2989,2953,2297,562,1735,151,31,120,505,180,325,36,69,56,54,41,13,0,0,0,2,1,1,13,1980,1481,151,127,98,123
2021,Ribble Valley 005,E02005274,6539,3993,3924,3110,790,2320,192,47,145,622,284,338,69,105,86,85,77,8,0,0,0,1,0,1,19,2441,1846,200,160,139,96
2021,Ribble Valley 006,E02005275,4765,2865,2783,2304,558,1746,93,18,75,386,144,242,82,74,60,54,39,15,1,0,1,5,3,2,14,1826,1352,144,121,126,83
2021,Ribble Valley 007,E02005276,7360,4420,4315,3471,870,2601,182,40,142,662,289,373,105,125,103,103,84,19,0,0,0,0,0,0,22,2815,2076,297,151,173,118
2021,Ribble Valley 008,E02005277,7435,4012,3925,3096,759,2337,211,38,173,618,276,342,87,122,107,102,74,28,0,0,0,5,5,0,15,3301,2534,272,180,152,163
2021,Rossendale 001,E02005278,6450,4078,3972,3300,810,2490,133,21,112,539,219,320,106,107,89,85,69,16,1,0,1,3,2,1,18,2265,1511,246,180,193,135
2021,Rossendale 002,E02005279,8184,4638,4402,3668,990,2678,134,46,88,600,241,359,236,157,130,128,112,16,0,0,0,2,0,2,27,3389,1703,393,524,474,295
2021,Rossendale 003,E02005280,8745,5246,5016,4215,1033,3182,100,18,82,701,288,413,230,130,102,95,82,13,2,0,2,5,5,0,28,3369,1764,385,393,564,263
2021,Rossendale 004,E02005281,7136,4195,3998,3301,836,2465,116,27,89,581,261,320,197,119,100,92,78,14,1,1,0,7,6,1,19,2822,1512,354,347,364,245
2021,Rossendale 007,E02005284,5028,2889,2818,2373,567,1806,87,20,67,358,159,199,71,89,71,70,57,13,1,0,1,0,0,0,18,2050,1517,187,121,130,95
2021,Rossendale 008,E02005285,5275,3175,3081,2559,606,1953,92,23,69,430,178,252,94,74,57,47,37,10,1,0,1,9,8,1,17,2026,1454,178,114,161,119
2021,Rossendale 009,E02005286,6399,3763,3621,3055,736,2319,57,11,46,509,198,311,142,80,52,48,38,10,0,0,0,4,4,0,28,2556,1547,204,237,345,223
2021,South Ribble 001,E02005287,4380,2584,2534,2208,547,1661,67,11,56,259,117,142,50,87,63,61,54,7,0,0,0,2,0,2,24,1709,1314,151,104,99,41
2021,South Ribble 002,E02005288,5069,2932,2841,2337,583,1754,116,26,90,388,162,226,91,85,67,66,56,10,0,0,0,1,1,0,18,2052,1536,131,117,169,99
2021,South Ribble 003,E02005289,4978,2712,2646,2302,559,1743,71,13,58,273,122,151,66,76,54,53,46,7,0,0,0,1,1,0,22,2190,1739,163,124,103,61
2021,South Ribble 004,E02005290,5940,3872,3770,3292,745,2547,81,16,65,397,158,239,102,140,112,109,97,12,0,0,0,3,3,0,28,1928,1371,203,119,142,93
2021,South Ribble 005,E02005291,4688,2851,2757,2399,610,1789,52,13,39,306,132,174,94,102,83,83,66,17,0,0,0,0,0,0,19,1735,1194,160,113,173,95
2021,South Ribble 006,E02005292,4543,2603,2521,2196,546,1650,41,3,38,284,111,173,82,85,60,55,47,8,1,0,1,4,3,1,25,1855,1156,145,167,272,115
2021,South Ribble 007,E02005293,4539,2589,2464,2176,523,1653,43,15,28,245,85,160,125,58,36,33,30,3,0,0,0,3,3,0,22,1892,1233,136,169,232,122
2021,South Ribble 008,E02005294,5672,3716,3575,3157,703,2454,73,12,61,345,125,220,141,102,81,80,68,12,0,0,0,1,0,1,21,1854,1147,203,171,211,122
2021,South Ribble 009,E02005295,6269,3943,3837,3361,739,2622,70,14,56,406,153,253,106,123,95,92,75,17,0,0,0,3,2,1,28,2203,1542,201,163,194,103
2021,South Ribble 010,E02005296,5065,2809,2732,2268,599,1669,101,15,86,363,155,208,77,100,84,81,73,8,0,0,0,3,1,2,16,2156,1703,169,109,99,76
2021,South Ribble 011,E02005297,7056,3941,3861,3121,799,2322,163,30,133,577,241,336,80,142,116,110,101,9,0,0,0,6,6,0,26,2973,2330,204,174,144,121
2021,South Ribble 012,E02005298,6819,4425,4319,3789,797,2992,103,18,85,427,165,262,106,136,110,109,99,10,1,0,1,0,0,0,26,2258,1588,170,193,201,106
2021,South Ribble 013,E02005299,6031,4039,3897,3478,739,2739,58,19,39,361,134,227,142,132,104,100,79,21,0,0,0,4,3,1,28,1860,1096,192,171,246,155
2021,South Ribble 014,E02005300,4135,2438,2366,2007,513,1494,55,11,44,304,107,197,72,76,61,57,52,5,0,0,0,4,1,3,15,1621,1066,130,132,181,112
2021,South Ribble 015,E02005301,5098,2882,2778,2434,614,1820,37,8,29,307,102,205,104,81,67,65,56,9,1,0,1,1,0,1,14,2135,1316,182,191,307,139
2021,South Ribble 016,E02005302,6213,3854,3753,3332,750,2582,67,18,49,354,135,219,101,134,104,95,70,25,1,1,0,8,7,1,30,2225,1668,191,121,141,104
2021,South Ribble 017,E02005303,5008,2824,2703,2363,595,1768,44,9,35,296,114,182,121,92,66,63,54,9,0,0,0,3,3,0,26,2092,1146,155,231,378,182
2021,West Lancashire 001,E02005304,7571,4457,4337,3562,932,2630,156,28,128,619,232,387,120,141,109,104,95,9,0,0,0,5,4,1,32,2973,2214,243,204,175,137
2021,West Lancashire 002,E02005305,6848,3747,3634,2857,819,2038,167,40,127,610,260,350,113,94,75,72,58,14,0,0,0,3,1,2,19,3007,2122,193,206,325,161
2021,West Lancashire 003,E02005306,6453,3577,3477,2626,779,1847,209,46,163,642,289,353,100,103,88,86,70,16,0,0,0,2,1,1,15,2773,1973,244,201,193,162
2021,West Lancashire 004,E02005307,7921,4712,4571,3873,995,2878,131,27,104,567,222,345,141,167,130,125,107,18,2,1,1,3,2,1,37,3042,2057,319,209,298,159
2021,West Lancashire 005,E02005308,5539,3056,2979,2352,587,1765,172,54,118,455,202,253,77,110,85,78,65,13,1,0,1,6,5,1,25,2373,1816,197,179,102,79
2021,West Lancashire 006,E02005309,7373,4050,3942,3442,883,2559,78,14,64,422,180,242,108,263,214,205,183,22,0,0,0,9,7,2,49,3060,2100,408,204,214,134
2021,West Lancashire 007,E02005310,9211,2966,2869,2426,616,1810,77,16,61,366,161,205,97,1288,899,877,811,66,0,0,0,22,22,0,389,4957,1674,2768,154,254,107
2021,West Lancashire 008,E02005311,6043,2656,2572,1977,514,1463,165,43,122,430,177,253,84,477,276,261,237,24,1,1,0,14,11,3,201,2910,1512,1061,145,127,65
2021,West Lancashire 009,E02005312,5301,3285,3188,2730,653,2077,80,16,64,378,159,219,97,136,107,106,84,22,1,1,0,0,0,0,29,1880,1228,172,153,210,117
2021,West Lancashire 010,E02005313,6874,3938,3698,3294,895,2399,55,17,38,349,135,214,240,152,127,124,93,31,0,0,0,3,3,0,25,2784,1064,420,408,593,299
2021,West Lancashire 011,E02005314,5326,3135,2977,2652,658,1994,47,9,38,278,112,166,158,98,62,60,53,7,0,0,0,2,1,1,36,2093,1131,268,211,305,178
2021,West Lancashire 012,E02005315,6783,3528,3422,2756,751,2005,188,33,155,478,226,252,106,109,89,88,79,9,0,0,0,1,0,1,20,3146,2404,255,208,149,130
2021,West Lancashire 013,E02005316,5103,3085,2887,2566,580,1986,41,9,32,280,116,164,198,87,62,56,46,10,0,0,0,6,3,3,25,1931,833,245,311,350,192
2021,West Lancashire 014,E02005317,5646,3257,2995,2706,661,2045,48,7,41,241,94,147,262,109,87,85,61,24,1,0,1,1,1,0,22,2280,828,326,379,503,244
2021,West Lancashire 015,E02005318,6333,3627,3502,2980,710,2270,106,28,78,416,163,253,125,104,84,82,71,11,2,0,2,0,0,0,20,2602,1762,243,201,240,156
2021,Wyre 001,E02005319,6775,3443,3107,2684,891,1793,70,13,57,353,145,208,336,106,82,75,52,23,1,1,0,6,3,3,24,3226,1565,262,334,734,331
2021,Wyre 002,E02005320,4736,2501,2359,1987,602,1385,53,15,38,319,144,175,142,89,55,52,43,9,0,0,0,3,1,2,34,2146,1338,166,213,300,129
2021,Wyre 003,E02005321,5061,2130,1963,1663,545,1118,39,9,30,261,105,156,167,58,40,39,32,7,0,0,0,1,1,0,18,2873,1787,281,231,425,149
2021,Wyre 004,E02005322,8901,4149,4012,3100,956,2144,178,34,144,734,323,411,137,103,83,78,62,16,0,0,0,5,4,1,20,4649,3604,246,246,395,158
2021,Wyre 005,E02005323,6067,3197,3015,2583,783,1800,71,14,57,361,157,204,182,110,74,72,56,16,0,0,0,2,2,0,36,2760,1527,287,296,460,190
2021,Wyre 006,E02005324,6155,3385,3297,2578,694,1884,158,29,129,561,206,355,88,187,137,130,116,14,0,0,0,7,6,1,50,2583,1700,444,192,158,89
2021,Wyre 007,E02005325,8011,4056,3979,3241,902,2339,155,48,107,583,276,307,77,147,119,117,107,10,1,1,0,1,0,1,28,3808,3116,167,168,224,133
2021,Wyre 008,E02005326,7213,3392,3163,2572,798,1774,93,32,61,498,226,272,229,107,74,70,62,8,1,1,0,3,0,3,33,3714,2620,203,240,462,189
2021,Wyre 009,E02005327,5607,3244,3162,2329,631,1698,203,30,173,630,242,388,82,91,66,65,54,11,0,0,0,1,1,0,25,2272,1676,146,177,171,102
2021,Wyre 010,E02005328,6571,3225,3122,2637,747,1890,89,21,68,396,197,199,103,115,96,92,70,22,1,1,0,3,1,2,19,3231,2525,153,194,240,119
2021,Wyre 011,E02005329,7600,4393,4224,3551,966,2585,90,17,73,583,275,308,169,142,127,126,100,26,0,0,0,1,0,1,15,3065,1985,265,237,378,200
2021,Wyre 012,E02005330,7510,3914,3799,3114,860,2254,122,29,93,563,242,321,115,132,104,95,84,11,2,2,0,7,2,5,28,3464,2669,242,180,217,156
2021,Wyre 013,E02005331,7022,3759,3625,2970,771,2199,136,32,104,519,249,270,134,143,112,104,86,18,0,0,0,8,5,3,31,3120,2317,230,188,243,142
2021,Wyre 014,E02005332,7121,3851,3724,3046,816,2230,141,37,104,537,236,301,127,135,114,107,97,10,1,1,0,6,4,2,21,3135,2471,204,172,157,131
2021,Blaby 002,E02005334,4882,3201,3114,2634,679,1955,94,20,74,386,143,243,87,98,76,71,55,16,0,0,0,5,4,1,22,1583,1055,195,149,96,88
2021,Blaby 003,E02005335,6210,3564,3481,2810,715,2095,159,39,120,512,248,264,83,115,87,86,72,14,0,0,0,1,0,1,28,2531,1835,226,204,150,116
2021,Blaby 004,E02005336,5723,3951,3781,3253,776,2477,81,19,62,447,156,291,170,88,66,65,45,20,0,0,0,1,1,0,22,1684,860,226,258,175,165
2021,Blaby 005,E02005337,8108,4982,4746,4061,1119,2942,116,25,91,569,211,358,236,157,117,117,86,31,0,0,0,0,0,0,40,2969,1816,306,351,239,257
2021,Blaby 006,E02005338,9184,5930,5733,4891,1168,3723,113,28,85,729,288,441,197,141,98,94,70,24,0,0,0,4,3,1,43,3113,1999,318,304,302,190
2021,Blaby 007,E02005339,7109,4532,4429,3766,924,2842,112,29,83,551,217,334,103,125,91,90,73,17,0,0,0,1,0,1,34,2452,1758,239,178,143,134
2021,Blaby 008,E02005340,7370,4380,4220,3565,935,2630,85,20,65,570,244,326,160,149,94,88,76,12,0,0,0,6,5,1,55,2841,2048,219,210,230,134
2021,Blaby 009,E02005341,6117,4118,3994,3476,891,2585,99,18,81,419,156,263,124,108,83,80,65,15,1,1,0,2,2,0,25,1891,1254,202,160,155,120
2021,Blaby 010,E02005342,6030,3647,3536,2961,799,2162,91,18,73,484,208,276,111,78,61,57,46,11,1,1,0,3,2,1,17,2305,1676,191,178,148,112
2021,Blaby 011,E02005343,6483,3908,3810,3223,868,2355,92,23,69,495,202,293,98,93,66,60,53,7,1,1,0,5,4,1,27,2482,1824,212,194,134,118
2021,Blaby 012,E02005344,7518,4646,4539,3788,885,2903,114,23,91,637,270,367,107,144,95,88,77,11,1,1,0,6,6,0,49,2728,1973,213,257,178,107
2021,Charnwood 001,E02005345,5344,3186,3087,2686,699,1987,49,0,49,352,160,192,99,78,58,53,40,13,0,0,0,5,4,1,20,2080,1394,189,208,159,130
2021,Charnwood 002,E02005346,10472,5892,5511,4785,1319,3466,112,35,77,614,258,356,381,445,337,296,224,72,1,0,1,40,30,10,108,4135,1251,1083,665,643,493
2021,Charnwood 003,E02005347,10257,2881,2729,2365,648,1717,60,15,45,304,137,167,152,1055,702,619,546,73,5,4,1,78,75,3,353,6321,1025,4505,220,356,215
2021,Charnwood 004,E02005348,4820,2564,2468,2182,550,1632,33,7,26,253,105,148,96,107,77,65,54,11,0,0,0,12,9,3,30,2149,1505,297,130,119,98
2021,Charnwood 005,E02005349,6495,3956,3847,3332,791,2541,82,20,62,433,167,266,109,101,81,78,71,7,2,2,0,1,1,0,20,2438,1662,191,196,236,153
2021,Charnwood 006,E02005350,5843,3477,3346,2925,717,2208,56,9,47,365,150,215,131,83,71,69,55,14,1,0,1,1,1,0,12,2283,1530,190,185,256,122
2021,Charnwood 007,E02005351,10181,2396,2259,1975,563,1412,52,18,34,232,102,130,137,939,557,481,423,58,2,2,0,74,70,4,382,6846,971,5356,207,186,126
2021,Charnwood 008,E02005352,5212,3085,3037,2325,635,1690,172,41,131,540,233,307,48,95,73,71,62,9,0,0,0,2,2,0,22,2032,1450,258,142,105,77
2021,Charnwood 009,E02005353,8541,4880,4628,4023,1044,2979,85,16,69,520,243,277,252,286,190,180,142,38,0,0,0,10,8,2,96,3375,1456,881,398,395,245
2021,Charnwood 010,E02005354,8437,4759,4615,3848,961,2887,123,21,102,644,351,293,144,199,130,120,103,17,2,1,1,8,7,1,69,3479,2299,679,266,123,112
2021,Charnwood 011,E02005355,6022,3672,3568,3005,752,2253,108,26,82,455,205,250,104,109,90,87,73,14,2,2,0,1,1,0,19,2241,1643,209,166,139,84
2021,Charnwood 012,E02005356,6044,3553,3451,2819,722,2097,123,28,95,509,239,270,102,88,72,69,61,8,1,0,1,2,1,1,16,2403,1726,228,151,159,139
2021,Charnwood 013,E02005357,6719,4415,4268,3702,903,2799,56,12,44,510,197,313,147,83,66,64,54,10,1,1,0,1,1,0,17,2221,1322,270,218,270,141
2021,Charnwood 014,E02005358,9820,6390,6215,5304,1306,3998,149,30,119,762,331,431,175,163,120,110,90,20,1,1,0,9,8,1,43,3267,2084,354,378,240,211
2021,Charnwood 015,E02005359,6267,3884,3780,3120,812,2308,116,30,86,544,206,338,104,96,71,68,56,12,1,1,0,2,1,1,25,2287,1627,235,199,122,104
2021,Charnwood 016,E02005360,5377,2954,2906,2267,619,1648,176,41,135,463,223,240,48,93,67,60,52,8,1,1,0,6,5,1,26,2330,1633,322,188,89,98
2021,Charnwood 017,E02005361,5294,3276,3167,2675,696,1979,101,28,73,391,145,246,109,85,59,54,46,8,2,1,1,3,2,1,26,1933,1236,186,181,178,152
2021,Charnwood 018,E02005362,5869,3586,3464,2991,794,2197,69,12,57,404,173,231,122,75,62,60,52,8,0,0,0,2,1,1,13,2208,1480,225,187,188,128
2021,Charnwood 019,E02005363,7370,4426,4277,3628,952,2676,123,33,90,526,212,314,149,124,99,95,83,12,1,1,0,3,3,0,25,2820,1935,309,243,165,168
2021,Charnwood 020,E02005364,4351,2799,2700,2315,637,1678,59,12,47,326,130,196,99,58,50,48,42,6,0,0,0,2,2,0,8,1494,938,190,159,123,84
2021,Charnwood 021,E02005365,8097,4670,4487,3838,1087,2751,130,32,98,519,216,303,183,113,86,81,66,15,0,0,0,5,1,4,27,3314,2059,342,331,294,288
2021,Charnwood 022,E02005366,6260,3880,3781,3221,798,2423,95,17,78,465,195,270,99,107,89,80,65,15,3,1,2,6,5,1,18,2273,1610,199,196,164,104
2021,Harborough 002,E02005368,5404,3274,3196,2205,577,1628,208,30,178,783,343,440,78,76,63,57,53,4,0,0,0,6,6,0,13,2054,1430,215,199,105,105
2021,Harborough 003,E02005369,10272,6172,5987,4781,1191,3590,259,48,211,947,426,521,185,174,143,132,112,20,1,0,1,10,8,2,31,3926,2749,445,327,217,188
2021,Harborough 004,E02005370,7813,5196,5087,4346,1105,3241,112,25,87,629,256,373,109,129,105,101,86,15,0,0,0,4,3,1,24,2488,1717,272,222,167,110
2021,Harborough 005,E02005371,8950,5565,5410,4239,1075,3164,203,41,162,968,402,566,155,145,117,113,91,22,0,0,0,4,3,1,28,3240,2234,332,341,179,154
2021,Harborough 006,E02005372,8592,5287,5172,3910,1052,2858,260,54,206,1002,417,585,115,132,111,104,89,15,0,0,0,7,6,1,21,3173,2283,291,267,167,165
2021,Harborough 007,E02005373,10118,5946,5788,4754,1216,3538,179,36,143,855,384,471,158,153,128,117,100,17,0,0,0,11,8,3,25,4019,2557,362,274,172,654
2021,Harborough 008,E02005374,5520,3142,3045,2528,703,1825,73,9,64,444,195,249,97,86,72,72,58,14,0,0,0,0,0,0,14,2292,1423,277,166,277,149
2021,Harborough 009,E02005375,7675,4718,4572,3861,991,2870,96,15,81,615,255,360,146,134,116,110,93,17,0,0,0,6,4,2,18,2823,2069,259,211,154,130
2021,Harborough 010,E02005376,8852,5347,5185,4391,1087,3304,126,30,96,668,263,405,162,172,141,132,113,19,0,0,0,9,5,4,31,3333,2320,361,295,202,155
2021,Hinckley and Bosworth 001,E02005377,7417,4335,4215,3505,874,2631,122,26,96,588,255,333,120,99,72,69,54,15,1,0,1,2,2,0,27,2983,2164,258,238,199,124
2021,Hinckley and Bosworth 002,E02005378,4349,2693,2628,2242,621,1621,72,13,59,314,139,175,65,53,36,35,30,5,0,0,0,1,0,1,17,1603,1198,139,103,84,79
2021,Hinckley and Bosworth 003,E02005379,5011,2951,2859,2421,666,1755,73,16,57,365,134,231,92,70,56,56,45,11,0,0,0,0,0,0,14,1990,1498,160,139,115,78
2021,Hinckley and Bosworth 004,E02005380,7289,4161,4076,3267,882,2385,162,37,125,647,288,359,85,93,79,72,66,6,1,0,1,6,6,0,14,3035,2259,251,238,154,133
2021,Hinckley and Bosworth 005,E02005381,7277,4133,4026,3307,830,2477,136,31,105,583,247,336,107,128,96,86,70,16,0,0,0,10,7,3,32,3016,2233,236,237,176,134
2021,Hinckley and Bosworth 006,E02005382,8752,5258,5043,4339,1035,3304,99,24,75,605,267,338,215,109,88,84,75,9,0,0,0,4,4,0,21,3385,2133,275,344,397,236
2021,Hinckley and Bosworth 007,E02005383,7584,4595,4430,3771,929,2842,82,19,63,577,249,328,165,81,57,54,40,14,0,0,0,3,2,1,24,2908,1821,279,272,325,211
2021,Hinckley and Bosworth 008,E02005384,6179,3743,3646,2911,734,2177,139,24,115,596,242,354,97,104,87,79,69,10,0,0,0,8,8,0,17,2332,1683,208,197,144,100
2021,Hinckley and Bosworth 009,E02005385,5611,3271,3178,2692,649,2043,85,23,62,401,180,221,93,87,74,73,63,10,1,0,1,0,0,0,13,2253,1706,161,161,114,111
2021,Hinckley and Bosworth 010,E02005386,7615,4894,4655,3998,873,3125,89,20,69,568,227,341,239,95,74,71,54,17,1,0,1,2,0,2,21,2626,1501,241,258,373,253
2021,Hinckley and Bosworth 011,E02005387,8074,5283,5118,4486,1015,3471,101,24,77,531,212,319,165,125,104,104,85,19,0,0,0,0,0,0,21,2666,1655,252,292,281,186
2021,Hinckley and Bosworth 012,E02005388,5092,3209,3085,2680,648,2032,58,12,46,347,140,207,124,69,49,48,37,11,1,0,1,0,0,0,20,1814,1127,164,191,206,126
2021,Hinckley and Bosworth 013,E02005389,5058,2751,2651,2206,549,1657,67,19,48,378,166,212,100,81,63,61,56,5,1,0,1,1,1,0,18,2226,1577,174,178,217,80
2021,Hinckley and Bosworth 014,E02005390,8625,5335,5238,4454,1071,3383,126,14,112,658,296,362,97,143,111,103,91,12,2,0,2,6,5,1,32,3147,2467,242,176,121,141
2021,Melton 001,E02005391,8144,4733,4609,3527,955,2572,227,42,185,855,401,454,124,106,86,81,73,8,0,0,0,5,3,2,20,3305,2412,289,280,169,155
2021,Melton 002,E02005392,7665,4673,4554,3958,1052,2906,101,23,78,495,220,275,119,131,115,111,98,13,0,0,0,4,2,2,16,2861,2118,244,234,162,103
2021,Melton 003,E02005393,6203,3806,3711,2983,798,2185,134,27,107,594,242,352,95,85,67,65,50,15,0,0,0,2,2,0,18,2312,1614,235,226,132,105
2021,Melton 004,E02005394,7664,4683,4505,3966,1078,2888,69,16,53,470,187,283,178,129,104,101,77,24,0,0,0,3,3,0,25,2852,1827,216,335,270,204
2021,Melton 005,E02005395,7403,4388,4213,3602,1026,2576,87,25,62,524,209,315,175,112,83,79,62,17,0,0,0,4,4,0,29,2903,1953,210,283,253,204
2021,Melton 006,E02005396,5861,3450,3354,2428,639,1789,175,27,148,751,326,425,96,68,61,60,55,5,0,0,0,1,0,1,7,2343,1728,179,214,114,108
2021,North West Leicestershire 001,E02005397,7745,4809,4665,3978,851,3127,121,24,97,566,247,319,144,100,76,73,57,16,0,0,0,3,3,0,24,2836,1914,274,258,229,161
2021,North West Leicestershire 002,E02005398,5883,3104,3011,2499,571,1928,88,20,68,424,191,233,93,160,116,103,88,15,1,1,0,12,12,0,44,2619,1442,808,149,124,96
2021,North West Leicestershire 003,E02005399,6708,4265,4151,3619,817,2802,82,20,62,450,198,252,114,105,71,69,60,9,0,0,0,2,1,1,34,2338,1538,262,240,174,124
2021,North West Leicestershire 004,E02005400,4880,2700,2619,2206,562,1644,67,19,48,346,140,206,81,48,43,39,33,6,4,2,2,0,0,0,5,2132,1519,146,210,167,90
2021,North West Leicestershire 005,E02005401,5391,3211,3123,2512,625,1887,142,42,100,469,217,252,88,99,80,78,63,15,0,0,0,2,1,1,19,2081,1468,205,182,133,93
2021,North West Leicestershire 006,E02005402,5584,3152,3047,2634,672,1962,90,16,74,323,160,163,105,89,72,71,60,11,0,0,0,1,1,0,17,2343,1686,218,179,168,92
2021,North West Leicestershire 007,E02005403,5607,3319,3215,2781,671,2110,73,22,51,361,136,225,104,58,37,35,31,4,0,0,0,2,2,0,21,2230,1590,133,164,220,123
2021,North West Leicestershire 008,E02005404,7126,4423,4276,3652,893,2759,86,18,68,538,221,317,147,125,94,91,76,15,1,1,0,2,1,1,31,2578,1648,214,295,271,150
2021,North West Leicestershire 009,E02005405,5857,3121,2963,2560,668,1892,70,16,54,333,124,209,158,84,63,60,47,13,0,0,0,3,3,0,21,2652,1558,223,313,366,192
2021,North West Leicestershire 010,E02005406,6320,4205,4023,3546,844,2702,70,14,56,407,171,236,182,89,73,71,51,20,0,0,0,2,0,2,16,2026,1037,204,314,277,194
2021,North West Leicestershire 011,E02005407,8886,6140,5978,5232,1115,4117,102,22,80,644,260,384,162,142,104,99,77,22,0,0,0,5,4,1,38,2604,1639,310,303,197,155
2021,North West Leicestershire 012,E02005408,6465,4013,3867,3232,784,2448,111,20,91,524,197,327,146,121,91,84,68,16,1,1,0,6,2,4,30,2331,1595,203,213,185,135
2021,North West Leicestershire 013,E02005409,9704,6196,6000,5134,1185,3949,154,44,110,712,278,434,196,116,99,92,81,11,3,3,0,4,3,1,17,3392,2190,321,352,327,202
2021,Oadby and Wigston 003,E02005412,7081,3751,3586,2992,854,2138,126,35,91,468,203,265,165,89,72,69,53,16,1,1,0,2,0,2,17,3241,2050,380,361,253,197
2021,Oadby and Wigston 005,E02005414,6635,3743,3560,3128,822,2306,53,14,39,379,155,224,183,122,85,78,65,13,1,1,0,6,6,0,37,2770,1597,290,284,395,204
2021,Oadby and Wigston 006,E02005415,6529,3954,3758,3269,883,2386,74,18,56,415,171,244,196,93,63,63,47,16,0,0,0,0,0,0,30,2482,1421,231,293,300,237
2021,Oadby and Wigston 007,E02005416,7590,4322,4166,3590,965,2625,102,30,72,474,209,265,156,109,71,68,57,11,0,0,0,3,3,0,38,3159,2406,246,209,169,129
2021,Boston 001,E02005417,6467,3231,3105,2507,765,1742,115,28,87,483,216,267,126,79,60,57,46,11,0,0,0,3,1,2,19,3157,2033,189,284,254,397
2021,Boston 002,E02005418,8629,5542,5258,4815,1067,3748,94,24,70,349,130,219,284,143,109,102,66,36,2,1,1,5,3,2,34,2944,1316,359,420,532,317
2021,Boston 003,E02005419,7130,4864,4638,4179,915,3264,80,22,58,379,174,205,226,109,86,76,47,29,0,0,0,10,6,4,23,2157,981,258,320,300,298
2021,Boston 004,E02005420,7116,4335,4120,3702,966,2736,67,13,54,351,137,214,215,127,109,109,75,34,0,0,0,0,0,0,18,2654,1552,259,281,393,169
2021,Boston 006,E02005422,5588,3090,2973,2436,642,1794,98,23,75,439,209,230,117,69,48,47,35,12,1,0,1,0,0,0,21,2429,1625,177,243,255,129
2021,Boston 007,E02005423,8493,4827,4654,3929,1088,2841,134,27,107,591,215,376,173,139,93,89,66,23,1,0,1,3,2,1,46,3527,2290,263,368,395,211
2021,East Lindsey 001,E02005424,8745,4457,4323,3383,1003,2380,179,45,134,761,330,431,134,134,98,92,75,17,0,0,0,6,3,3,36,4154,3064,283,365,269,173
2021,East Lindsey 002,E02005425,5575,2817,2720,2094,686,1408,109,21,88,517,236,281,97,47,38,37,27,10,0,0,0,1,0,1,9,2711,1952,163,263,208,125
2021,East Lindsey 003,E02005426,8436,4442,4217,3598,1063,2535,101,19,82,518,231,287,225,92,68,65,54,11,1,1,0,2,0,2,24,3902,2418,286,423,554,221
2021,East Lindsey 004,E02005427,5870,3115,2956,2433,716,1717,99,33,66,424,194,230,159,59,52,49,45,4,1,1,0,2,2,0,7,2696,1826,194,218,268,190
2021,East Lindsey 005,E02005428,7339,2746,2477,1916,756,1160,85,21,64,476,245,231,269,63,47,44,39,5,0,0,0,3,3,0,16,4530,2973,156,417,691,293
2021,East Lindsey 006,E02005429,5755,1604,1459,1114,450,664,72,13,59,273,119,154,145,38,30,28,22,6,0,0,0,2,1,1,8,4113,3209,88,237,430,149
2021,East Lindsey 007,E02005430,6139,3075,2955,2201,614,1587,135,32,103,619,279,340,120,83,59,52,44,8,1,0,1,6,6,0,24,2981,2175,173,256,220,157
2021,East Lindsey 008,E02005431,7607,3496,3317,2486,839,1647,185,37,148,646,278,368,179,65,47,44,36,8,1,0,1,2,0,2,18,4046,2812,234,355,433,212
2021,East Lindsey 009,E02005432,6747,3489,3353,2393,797,1596,197,44,153,763,346,417,136,88,73,68,55,13,1,0,1,4,3,1,15,3170,2325,167,306,253,119
2021,East Lindsey 010,E02005433,6310,2274,2037,1593,631,962,111,25,86,333,167,166,237,47,37,34,28,6,1,1,0,2,2,0,10,3989,2726,123,376,526,238
2021,East Lindsey 011,E02005434,6310,3311,3186,2642,782,1860,81,22,59,463,220,243,125,101,87,86,73,13,0,0,0,1,1,0,14,2898,1965,177,292,318,146
2021,East Lindsey 012,E02005435,6680,3115,2863,2387,824,1563,120,22,98,356,188,168,252,67,52,49,36,13,0,0,0,3,0,3,15,3498,2282,176,378,437,225
2021,East Lindsey 013,E02005436,6896,3329,3171,2500,820,1680,123,36,87,548,266,282,158,64,52,45,39,6,0,0,0,7,7,0,12,3503,2396,203,321,387,196
2021,East Lindsey 014,E02005437,5238,2708,2417,1982,734,1248,86,18,68,349,148,201,291,43,31,31,24,7,0,0,0,0,0,0,12,2487,1258,154,306,466,303
2021,East Lindsey 015,E02005438,5732,2541,2314,1914,710,1204,102,22,80,298,132,166,227,48,40,35,30,5,1,1,0,4,2,2,8,3143,1816,220,386,526,195
2021,East Lindsey 016,E02005439,10019,5394,5216,4434,1083,3351,128,24,104,654,291,363,178,105,88,84,72,12,0,0,0,4,3,1,17,4520,3272,246,416,375,211
2021,East Lindsey 017,E02005440,4713,2175,2013,1550,538,1012,82,20,62,381,186,195,162,53,43,41,32,9,0,0,0,2,1,1,10,2485,1558,149,295,330,153
2021,East Lindsey 018,E02005441,7305,3724,3581,2786,829,1957,117,20,97,678,293,385,143,74,58,55,49,6,0,0,0,3,2,1,16,3507,2453,232,342,315,165
2021,Lincoln 001,E02005442,5140,2867,2680,2340,737,1603,42,16,26,298,117,181,187,101,68,67,57,10,0,0,0,1,1,0,33,2172,843,266,368,483,212
2021,Lincoln 002,E02005443,6098,3643,3455,3077,848,2229,62,9,53,316,106,210,188,118,85,80,67,13,1,0,1,4,4,0,33,2337,1410,191,288,320,128
2021,Lincoln 003,E02005444,11810,6236,5975,5119,1276,3843,148,38,110,708,331,377,261,700,504,477,407,70,0,0,0,27,20,7,196,4874,2250,1429,318,347,530
2021,Lincoln 004,E02005445,10163,5903,5488,4804,1253,3551,114,29,85,570,216,354,415,408,258,249,215,34,1,0,1,8,8,0,150,3852,1094,1051,615,672,420
2021,Lincoln 005,E02005446,9953,2648,2508,2177,493,1684,44,11,33,287,136,151,140,1606,1019,959,907,52,6,6,0,54,51,3,587,5699,669,4470,124,267,169
2021,Lincoln 006,E02005447,7232,4085,3854,3455,809,2646,71,21,50,328,136,192,231,582,412,376,341,35,1,0,1,35,31,4,170,2565,625,1097,260,282,301
2021,Lincoln 007,E02005448,5708,3350,3184,2773,790,1983,42,7,35,369,123,246,166,117,86,83,68,15,0,0,0,3,2,1,31,2241,998,242,372,435,194
2021,Lincoln 008,E02005449,8195,3868,3688,3236,810,2426,74,13,61,378,148,230,180,667,401,375,345,30,4,3,1,22,17,5,266,3660,1196,1835,218,234,177
2021,Lincoln 009,E02005450,7136,4110,4005,3434,935,2499,71,17,54,500,194,306,105,111,81,77,56,21,0,0,0,4,4,0,30,2915,2076,232,238,221,148
2021,Lincoln 010,E02005451,6272,3667,3441,3021,879,2142,57,15,42,363,138,225,226,135,107,97,73,24,5,5,0,5,4,1,28,2470,953,268,473,528,248
2021,Lincoln 011,E02005452,9355,5479,5279,4550,1276,3274,102,23,79,627,245,382,200,193,141,132,113,19,0,0,0,9,6,3,52,3683,2448,341,345,343,206
2021,North Kesteven 001,E02005453,9118,5117,4990,4311,1120,3191,104,18,86,575,271,304,127,154,115,111,92,19,0,0,0,4,4,0,39,3847,2982,270,263,207,125
2021,North Kesteven 003,E02005455,11790,7436,7266,5962,1479,4483,226,45,181,1078,461,617,170,198,143,135,114,21,2,2,0,6,3,3,55,4156,2904,358,376,280,238
2021,North Kesteven 004,E02005456,8885,5537,5384,4774,1062,3712,90,17,73,520,213,307,153,133,109,103,78,25,1,1,0,5,1,4,24,3215,2147,289,320,265,194
2021,North Kesteven 005,E02005457,7215,4123,4004,3355,863,2492,90,20,70,559,270,289,119,109,91,89,74,15,0,0,0,2,1,1,18,2983,2139,213,287,222,122
2021,North Kesteven 006,E02005458,5768,3098,3029,2430,664,1766,114,21,93,485,221,264,69,66,49,48,40,8,0,0,0,1,1,0,17,2604,1964,180,212,165,83
2021,North Kesteven 007,E02005459,7057,3768,3607,2926,770,2156,106,24,82,575,249,326,161,105,82,81,65,16,0,0,0,1,1,0,23,3184,2060,225,336,389,174
2021,North Kesteven 008,E02005460,5306,3502,3406,3055,549,2506,43,10,33,308,140,168,96,88,81,81,67,14,0,0,0,0,0,0,7,1716,1118,174,180,139,105
2021,North Kesteven 009,E02005461,5574,2841,2757,2217,586,1631,93,17,76,447,208,239,84,65,41,39,36,3,0,0,0,2,2,0,24,2668,2020,181,205,170,92
2021,North Kesteven 010,E02005462,7972,4667,4456,3858,988,2870,78,25,53,520,205,315,211,123,101,101,71,30,0,0,0,0,0,0,22,3182,1849,309,332,434,258
2021,North Kesteven 011,E02005463,8032,5156,5016,4416,1004,3412,83,13,70,517,234,283,140,158,131,128,105,23,0,0,0,3,3,0,27,2718,1767,335,274,202,140
2021,North Kesteven 012,E02005464,7423,3835,3685,3020,781,2239,101,16,85,564,250,314,150,91,70,64,48,16,0,0,0,6,4,2,21,3497,2573,234,277,266,147
2021,South Holland 001,E02005465,7372,4020,3865,3119,878,2241,108,20,88,638,263,375,155,86,71,68,53,15,0,0,0,3,3,0,15,3266,2290,180,342,282,172
2021,South Holland 002,E02005466,5727,3060,2922,2378,650,1728,86,21,65,458,161,297,138,51,36,34,28,6,0,0,0,2,2,0,15,2616,1871,132,258,223,132
2021,South Holland 003,E02005467,6422,3632,3490,3005,767,2238,79,13,66,406,137,269,142,70,57,53,45,8,1,0,1,3,2,1,13,2720,1876,144,306,258,136
2021,South Holland 004,E02005468,6411,3509,3379,2706,701,2005,151,37,114,522,209,313,130,91,70,69,58,11,0,0,0,1,0,1,21,2811,1987,174,310,211,129
2021,South Holland 005,E02005469,6542,3993,3838,3166,769,2397,118,26,92,554,202,352,155,72,51,44,41,3,1,0,1,6,2,4,21,2477,1653,186,307,211,120
2021,South Holland 006,E02005470,10570,7050,6840,6061,1139,4922,131,31,100,648,225,423,210,181,146,133,92,41,6,0,6,7,2,5,35,3339,2139,328,357,287,228
2021,South Holland 007,E02005471,7536,4556,4361,3791,754,3037,100,27,73,470,166,304,195,127,107,106,80,26,0,0,0,1,0,1,20,2853,1818,223,311,288,213
2021,South Holland 008,E02005472,8335,4348,4133,3440,901,2539,100,18,82,593,213,380,215,94,65,61,49,12,0,0,0,4,2,2,29,3893,2649,182,414,425,223
2021,South Holland 009,E02005473,8063,5093,4922,4294,858,3436,105,18,87,523,179,344,171,88,75,74,57,17,0,0,0,1,0,1,13,2882,1974,221,284,226,177
2021,South Holland 010,E02005474,6128,3318,3188,2502,596,1906,95,20,75,591,246,345,130,62,46,46,38,8,0,0,0,0,0,0,16,2748,1901,138,306,240,163
2021,South Holland 011,E02005475,5886,3630,3513,2894,679,2215,101,22,79,518,197,321,117,71,53,51,41,10,1,0,1,1,1,0,18,2185,1451,180,247,215,92
2021,South Kesteven 001,E02005476,6065,3467,3360,2616,740,1876,128,24,104,616,282,334,107,85,70,64,53,11,1,1,0,5,5,0,15,2513,1820,217,205,161,110
2021,South Kesteven 002,E02005477,7709,3953,3840,3057,873,2184,121,28,93,662,297,365,113,102,67,64,52,12,0,0,0,3,3,0,35,3654,2802,229,255,241,127
2021,South Kesteven 003,E02005478,8127,4422,4183,3553,1020,2533,97,22,75,533,208,325,239,118,96,88,71,17,0,0,0,8,5,3,22,3587,2334,298,375,366,214
2021,South Kesteven 004,E02005479,8150,5075,4870,4217,999,3218,122,20,102,531,222,309,205,105,72,71,57,14,0,0,0,1,0,1,33,2970,2051,270,265,190,194
2021,South Kesteven 005,E02005480,5561,3336,3112,2734,771,1963,40,11,29,338,140,198,224,105,76,76,65,11,0,0,0,0,0,0,29,2120,950,274,380,328,188
2021,South Kesteven 006,E02005481,9957,6510,6164,5340,1200,4140,110,34,76,714,302,412,346,166,131,128,93,35,0,0,0,3,2,1,35,3281,1774,372,429,393,313
2021,South Kesteven 007,E02005482,8071,4846,4710,3813,1002,2811,138,23,115,759,329,430,136,112,76,74,63,11,0,0,0,2,2,0,36,3113,2279,229,264,199,142
2021,South Kesteven 008,E02005483,6663,3788,3660,2929,751,2178,121,28,93,610,283,327,128,92,73,71,56,15,0,0,0,2,2,0,19,2783,1954,208,273,220,128
2021,South Kesteven 009,E02005484,6002,3504,3401,2689,646,2043,111,24,87,601,263,338,103,63,51,49,40,9,1,1,0,1,0,1,12,2435,1669,183,244,209,130
2021,South Kesteven 010,E02005485,6750,4194,4082,3506,840,2666,90,12,78,486,206,280,112,87,72,70,52,18,0,0,0,2,0,2,15,2469,1753,226,225,133,132
2021,South Kesteven 011,E02005486,7707,4627,4481,3866,984,2882,97,24,73,518,219,299,146,111,78,73,60,13,0,0,0,5,5,0,33,2969,2029,251,270,262,157
2021,South Kesteven 012,E02005487,8249,4622,4468,3562,969,2593,174,37,137,732,343,389,154,107,87,84,72,12,0,0,0,3,2,1,20,3520,2616,277,318,162,147
2021,South Kesteven 013,E02005488,5871,3263,3169,2703,684,2019,64,15,49,402,183,219,94,91,71,67,59,8,1,1,0,3,2,1,20,2517,1819,166,212,213,107
2021,South Kesteven 014,E02005489,6020,3671,3546,3005,751,2254,87,19,68,454,186,268,125,97,80,77,61,16,0,0,0,3,2,1,17,2252,1645,179,183,129,116
2021,South Kesteven 015,E02005490,7580,4582,4390,3681,943,2738,87,21,66,622,285,337,192,90,72,71,54,17,0,0,0,1,0,1,18,2908,1879,234,284,298,213
2021,South Kesteven 016,E02005491,9533,5653,5480,4481,1111,3370,158,25,133,841,363,478,173,145,112,99,79,20,0,0,0,13,12,1,33,3735,2687,319,341,184,204
2021,West Lindsey 001,E02005492,8279,4410,4292,3421,946,2475,160,41,119,711,317,394,118,89,62,57,45,12,0,0,0,5,5,0,27,3780,2615,295,346,323,201
2021,West Lindsey 002,E02005493,8457,4768,4604,3863,1045,2818,145,25,120,596,253,343,164,144,110,108,95,13,0,0,0,2,2,0,34,3545,2469,277,323,323,153
2021,West Lindsey 003,E02005494,8243,4256,4074,3278,923,2355,148,35,113,648,307,341,182,108,76,70,53,17,1,0,1,5,4,1,32,3879,2693,268,356,364,198
2021,West Lindsey 004,E02005495,8516,4648,4232,3653,1059,2594,85,36,49,494,204,290,416,107,79,77,57,20,0,0,0,2,2,0,28,3761,1783,302,531,773,372
2021,West Lindsey 005,E02005496,5348,3006,2908,2276,594,1682,136,33,103,496,213,283,98,73,55,54,40,14,0,0,0,1,0,1,18,2269,1555,182,228,204,100
2021,West Lindsey 006,E02005497,5690,3007,2755,2480,724,1756,42,7,35,233,101,132,252,78,54,50,34,16,0,0,0,4,2,2,24,2605,1243,255,436,480,191
2021,West Lindsey 007,E02005498,6452,3196,3090,2469,695,1774,138,35,103,483,232,251,106,54,48,46,39,7,0,0,0,2,2,0,6,3202,2432,160,226,234,150
2021,West Lindsey 008,E02005499,7003,4010,3891,3261,927,2334,108,23,85,522,232,290,119,108,85,82,65,17,0,0,0,3,3,0,23,2885,1987,311,250,227,110
2021,West Lindsey 009,E02005500,6216,3611,3507,2911,731,2180,106,27,79,490,232,258,104,93,65,61,53,8,0,0,0,4,3,1,28,2512,1832,173,225,162,120
2021,West Lindsey 010,E02005501,6769,3692,3613,2955,784,2171,160,40,120,498,231,267,79,105,88,82,63,19,0,0,0,6,4,2,17,2972,2351,225,191,111,94
2021,West Lindsey 011,E02005502,8144,4471,4358,3602,996,2606,113,26,87,643,266,377,113,121,87,78,67,11,0,0,0,9,9,0,34,3552,2626,231,267,298,130
2021,Breckland 001,E02005503,6255,3484,3380,2636,786,1850,130,35,95,614,308,306,104,75,62,60,52,8,0,0,0,2,1,1,13,2696,1945,194,249,173,135
2021,Breckland 002,E02005504,7853,4106,3982,3014,924,2090,140,37,103,828,394,434,124,81,66,64,49,15,0,0,0,2,2,0,15,3666,2666,202,343,257,198
2021,Breckland 003,E02005505,6305,3422,3286,2789,875,1914,63,11,52,434,188,246,136,129,96,96,81,15,0,0,0,0,0,0,33,2754,1878,172,256,323,125
2021,Breckland 004,E02005506,5914,3277,3158,2585,797,1788,79,18,61,494,240,254,119,87,66,64,60,4,0,0,0,2,2,0,21,2550,1891,144,219,179,117
2021,Breckland 005,E02005507,9600,5468,5225,4478,1287,3191,106,18,88,641,242,399,243,145,106,101,89,12,0,0,0,5,5,0,39,3987,2685,277,378,434,213
2021,Breckland 006,E02005508,6176,3466,3363,2536,781,1755,126,32,94,701,311,390,103,68,59,53,48,5,0,0,0,6,5,1,9,2642,1996,153,217,174,102
2021,Breckland 007,E02005509,7254,3461,3285,2782,849,1933,66,13,53,437,182,255,176,67,45,42,38,4,1,0,1,2,2,0,22,3726,2729,150,334,343,170
2021,Breckland 008,E02005510,6322,3190,3100,2454,758,1696,91,18,73,555,254,301,90,93,69,63,50,13,0,0,0,6,6,0,24,3039,2310,137,263,211,118
2021,Breckland 009,E02005511,7651,4110,3966,3454,734,2720,60,10,50,452,193,259,144,64,52,51,36,15,0,0,0,1,1,0,12,3477,2501,167,290,335,184
2021,Breckland 010,E02005512,8476,4814,4604,3589,961,2628,162,44,118,853,375,478,210,111,92,87,72,15,1,0,1,4,4,0,19,3551,1880,227,375,294,775
2021,Breckland 011,E02005513,8776,5274,5129,4417,1131,3286,109,23,86,603,256,347,145,122,104,98,84,14,1,0,1,5,4,1,18,3380,2289,235,316,331,209
2021,Breckland 012,E02005514,5817,3196,3090,2446,665,1781,89,20,69,555,244,311,106,60,47,47,34,13,0,0,0,0,0,0,13,2561,1840,117,276,193,135
2021,Breckland 013,E02005515,5404,3209,3086,2427,650,1777,118,34,84,541,245,296,123,72,56,53,41,12,1,0,1,2,2,0,16,2123,1460,179,230,154,100
2021,Breckland 014,E02005516,5919,3353,3267,2511,677,1834,119,23,96,637,306,331,86,86,69,66,59,7,0,0,0,3,3,0,17,2480,1830,142,234,138,136
2021,Breckland 015,E02005517,4560,2901,2754,2560,588,1972,29,7,22,165,62,103,147,98,76,75,52,23,0,0,0,1,0,1,22,1561,702,169,262,272,156
2021,Breckland 016,E02005518,8837,5924,5739,5173,1065,4108,79,17,62,487,214,273,185,136,110,107,86,21,0,0,0,3,2,1,26,2777,1824,227,290,219,217
2021,Breckland 017,E02005519,6743,4189,3969,3563,873,2690,46,16,30,360,151,209,220,105,83,79,64,15,0,0,0,4,4,0,22,2449,1212,254,361,388,234
2021,Broadland 001,E02005520,7464,3846,3701,2931,951,1980,109,26,83,661,332,329,145,115,90,83,70,13,1,0,1,6,6,0,25,3503,2609,209,307,234,144
2021,Broadland 002,E02005521,7324,4192,4080,3021,933,2088,162,38,124,897,421,476,112,93,77,72,63,9,0,0,0,5,4,1,16,3039,2173,228,268,210,160
2021,Broadland 003,E02005522,4657,2700,2613,2020,615,1405,98,17,81,495,220,275,87,69,52,47,40,7,1,0,1,4,3,1,17,1888,1334,139,148,182,85
2021,Broadland 004,E02005523,7030,4388,4273,3452,1004,2448,136,35,101,685,267,418,115,123,92,91,77,14,0,0,0,1,0,1,31,2519,1630,217,255,255,162
2021,Broadland 005,E02005524,4522,2569,2505,2030,639,1391,65,15,50,410,169,241,64,71,51,49,44,5,0,0,0,2,1,1,20,1882,1433,103,145,131,70
2021,Broadland 006,E02005525,8190,4921,4776,4017,1193,2824,99,20,79,660,295,365,145,150,121,120,109,11,0,0,0,1,1,0,29,3119,2220,262,239,269,129
2021,Broadland 007,E02005526,4474,2607,2523,2105,656,1449,71,14,57,347,174,173,84,64,52,51,42,9,0,0,0,1,1,0,12,1803,1298,143,151,120,91
2021,Broadland 008,E02005527,7556,4356,4259,3409,973,2436,145,30,115,705,333,372,97,101,75,65,57,8,0,0,0,10,6,4,26,3099,2246,192,255,251,155
2021,Broadland 009,E02005528,7145,4219,4089,3411,998,2413,81,20,61,597,274,323,130,109,88,82,69,13,0,0,0,6,6,0,21,2817,2113,196,215,176,117
2021,Broadland 010,E02005529,4900,2513,2432,2009,646,1363,56,18,38,367,155,212,81,66,53,50,46,4,0,0,0,3,2,1,13,2321,1774,102,146,214,85
2021,Broadland 011,E02005530,4592,2668,2595,2151,633,1518,54,15,39,390,151,239,73,70,60,59,52,7,0,0,0,1,0,1,10,1854,1387,107,140,138,82
2021,Broadland 012,E02005531,4471,2566,2487,2070,637,1433,54,13,41,363,162,201,79,65,51,50,43,7,1,0,1,0,0,0,14,1840,1276,127,183,156,98
2021,Broadland 013,E02005532,7976,4720,4597,3908,1053,2855,100,17,83,589,231,358,123,108,75,75,65,10,0,0,0,0,0,0,33,3148,2340,185,256,213,154
2021,Broadland 014,E02005533,7598,4133,4006,3205,977,2228,130,33,97,671,316,355,127,118,83,75,66,9,0,0,0,8,8,0,35,3347,2437,242,275,227,166
2021,Broadland 015,E02005534,6270,3497,3376,2810,847,1963,78,25,53,488,221,267,121,76,70,68,56,12,0,0,0,2,2,0,6,2697,1998,196,219,185,99
2021,Broadland 016,E02005535,5935,3675,3565,2983,783,2200,106,28,78,476,233,243,110,102,79,71,58,13,0,0,0,8,7,1,23,2158,1379,242,210,191,136
2021,Broadland 017,E02005536,5279,2908,2830,2284,712,1572,91,19,72,455,210,245,78,70,51,51,40,11,0,0,0,0,0,0,19,2301,1750,135,167,139,110
2021,Broadland 018,E02005537,5123,2724,2615,2116,695,1421,68,22,46,431,188,243,109,57,45,43,36,7,0,0,0,2,2,0,12,2342,1672,167,198,193,112
2021,Great Yarmouth 001,E02005538,8490,4099,3892,3107,1032,2075,142,39,103,643,307,336,207,109,80,75,68,7,0,0,0,5,3,2,29,4282,3122,220,370,360,210
2021,Great Yarmouth 002,E02005539,6811,3598,3448,2697,873,1824,148,42,106,603,264,339,150,87,64,61,50,11,0,0,0,3,3,0,23,3126,2235,179,294,271,147
2021,Great Yarmouth 003,E02005540,7669,3571,3383,2819,942,1877,95,23,72,469,201,268,188,124,97,94,81,13,0,0,0,3,3,0,27,3974,2898,201,329,349,197
2021,Great Yarmouth 004,E02005541,4847,2446,2248,1940,676,1264,43,11,32,265,102,163,198,79,41,41,33,8,0,0,0,0,0,0,38,2322,1341,191,306,304,180
2021,Great Yarmouth 005,E02005542,5790,3167,2839,2442,741,1701,75,30,45,322,126,196,328,78,55,53,41,12,0,0,0,2,2,0,23,2545,971,255,410,578,331
2021,Great Yarmouth 006,E02005543,7267,3845,3374,2846,936,1910,79,20,59,449,158,291,471,101,74,67,54,13,0,0,0,7,1,6,27,3321,1079,384,582,815,461
2021,Great Yarmouth 007,E02005544,5596,3207,2932,2551,831,1720,42,12,30,339,122,217,275,85,58,55,47,8,1,1,0,2,1,1,27,2304,892,281,410,449,272
2021,Great Yarmouth 008,E02005545,5480,2955,2835,2472,781,1691,56,16,40,307,129,178,120,107,70,66,52,14,0,0,0,4,2,2,37,2418,1805,142,201,171,99
2021,Great Yarmouth 009,E02005546,6463,3367,3099,2688,956,1732,69,15,54,342,141,201,268,94,64,63,47,16,0,0,0,1,1,0,30,3002,1561,230,433,547,231
2021,Great Yarmouth 010,E02005547,7137,3873,3626,3071,955,2116,74,15,59,481,223,258,247,112,83,82,63,19,0,0,0,1,1,0,29,3152,2010,253,370,289,230
2021,Great Yarmouth 011,E02005548,5916,3051,2834,2517,813,1704,53,17,36,264,105,159,217,111,75,72,64,8,0,0,0,3,2,1,36,2754,1527,220,380,436,191
2021,Great Yarmouth 012,E02005549,4810,2510,2379,1908,611,1297,65,17,48,406,201,205,131,64,48,48,41,7,0,0,0,0,0,0,16,2236,1529,132,220,223,132
2021,Great Yarmouth 013,E02005550,6436,3547,3388,2883,897,1986,89,20,69,416,177,239,159,90,58,55,46,9,3,2,1,0,0,0,32,2799,1915,211,283,245,145
2021,King's Lynn and West Norfolk 001,E02005551,4727,1822,1713,1297,456,841,78,23,55,338,174,164,109,28,13,11,10,1,0,0,0,2,2,0,15,2877,2285,93,166,181,152
2021,King's Lynn and West Norfolk 002,E02005552,5727,2746,2635,1779,581,1198,140,44,96,716,361,355,111,69,44,42,35,7,0,0,0,2,2,0,25,2912,2212,129,252,183,136
2021,King's Lynn and West Norfolk 003,E02005553,7757,3255,3133,2383,870,1513,124,26,98,626,282,344,122,69,46,43,34,9,0,0,0,3,1,2,23,4433,3566,146,278,286,157
2021,King's Lynn and West Norfolk 004,E02005554,6121,2852,2727,2132,703,1429,90,18,72,505,239,266,125,51,40,33,29,4,0,0,0,7,6,1,11,3218,2531,129,233,199,126
2021,King's Lynn and West Norfolk 005,E02005555,5769,3111,3038,2508,712,1796,109,28,81,421,195,226,73,96,72,69,61,8,0,0,0,3,2,1,24,2562,2053,146,171,106,86
2021,King's Lynn and West Norfolk 006,E02005556,6412,3944,3855,3392,959,2433,69,10,59,394,150,244,89,106,84,84,73,11,0,0,0,0,0,0,22,2362,1674,137,229,211,111
2021,King's Lynn and West Norfolk 007,E02005557,5253,3264,3060,2728,770,1958,55,15,40,277,117,160,204,87,62,57,43,14,0,0,0,5,5,0,25,1902,731,228,365,358,220
2021,King's Lynn and West Norfolk 008,E02005558,6175,3357,3246,2616,837,1779,95,22,73,535,211,324,111,82,61,58,55,3,1,0,1,2,2,0,21,2736,1941,144,248,259,144
2021,King's Lynn and West Norfolk 009,E02005559,5973,3589,3444,2963,827,2136,64,10,54,417,156,261,145,68,50,47,39,8,2,2,0,1,1,0,18,2316,1294,211,248,352,211
2021,King's Lynn and West Norfolk 010,E02005560,7037,4656,4424,3965,1021,2944,79,22,57,380,128,252,232,105,76,75,62,13,1,0,1,0,0,0,29,2276,1113,276,336,318,233
2021,King's Lynn and West Norfolk 011,E02005561,8869,5498,5204,4543,1137,3406,114,30,84,547,217,330,294,138,106,103,66,37,0,0,0,3,1,2,32,3233,1608,251,439,582,353
2021,King's Lynn and West Norfolk 012,E02005562,6314,3401,3281,2604,799,1805,127,24,103,550,252,298,120,68,48,48,39,9,0,0,0,0,0,0,20,2845,2037,136,254,278,140
2021,King's Lynn and West Norfolk 013,E02005563,6724,3803,3680,2859,845,2014,154,31,123,667,271,396,123,79,61,61,53,8,0,0,0,0,0,0,18,2842,1877,191,305,301,168
2021,King's Lynn and West Norfolk 014,E02005564,8100,4737,4602,3837,906,2931,145,29,116,620,281,339,135,103,82,75,57,18,0,0,0,7,2,5,21,3260,2322,187,326,273,152
2021,King's Lynn and West Norfolk 015,E02005565,6148,3574,3449,2859,792,2067,96,24,72,494,212,282,125,88,65,63,54,9,1,0,1,1,1,0,23,2486,1679,154,260,264,129
2021,King's Lynn and West Norfolk 016,E02005566,8703,4816,4636,3590,974,2616,166,31,135,880,320,560,180,95,79,78,71,7,0,0,0,1,1,0,16,3792,2482,226,440,434,210
2021,King's Lynn and West Norfolk 017,E02005567,9505,4878,4667,3976,1033,2943,104,14,90,587,228,359,211,101,64,59,47,12,2,1,1,3,2,1,37,4526,3301,242,421,363,199
2021,King's Lynn and West Norfolk 018,E02005568,6443,3527,3400,2646,785,1861,124,30,94,630,299,331,127,49,37,35,33,2,1,1,0,1,0,1,12,2867,2007,153,299,256,152
2021,King's Lynn and West Norfolk 019,E02005569,7138,4006,3868,3102,776,2326,119,29,90,647,254,393,138,92,71,70,41,29,0,0,0,1,1,0,21,3040,1810,276,439,288,227
2021,North Norfolk 001,E02005570,6230,2586,2491,1844,712,1132,108,25,83,539,277,262,95,65,48,46,42,4,0,0,0,2,2,0,17,3579,2831,165,206,217,160
2021,North Norfolk 002,E02005571,5097,2359,2276,1518,543,975,116,32,84,642,329,313,83,43,32,31,28,3,0,0,0,1,1,0,11,2695,2015,104,240,221,115
2021,North Norfolk 003,E02005572,6633,2886,2739,2184,784,1400,91,21,70,464,233,231,147,64,47,43,39,4,0,0,0,4,4,0,17,3683,2709,126,244,372,232
2021,North Norfolk 004,E02005573,5000,1932,1836,1308,489,819,95,24,71,433,212,221,96,44,28,26,23,3,0,0,0,2,2,0,16,3024,2339,190,207,179,109
2021,North Norfolk 005,E02005574,6113,2824,2726,1916,684,1232,120,24,96,690,342,348,98,48,36,32,27,5,0,0,0,4,4,0,12,3241,2445,158,250,221,167
2021,North Norfolk 006,E02005575,6083,3043,2935,2055,760,1295,133,39,94,747,391,356,108,57,50,49,38,11,0,0,0,1,1,0,7,2983,2245,202,242,164,130
2021,North Norfolk 007,E02005576,5800,2503,2380,1741,590,1151,86,19,67,553,286,267,123,39,21,21,18,3,0,0,0,0,0,0,18,3258,2404,172,252,288,142
2021,North Norfolk 008,E02005577,5129,2679,2605,1886,644,1242,113,26,87,606,290,316,74,45,38,36,29,7,1,0,1,1,0,1,7,2405,1707,136,231,209,122
2021,North Norfolk 009,E02005578,4991,2824,2727,2000,609,1391,106,33,73,621,277,344,97,51,45,41,31,10,0,0,0,4,3,1,6,2116,1391,151,257,180,137
2021,North Norfolk 011,E02005580,6780,3573,3423,2821,884,1937,81,14,67,521,223,298,150,62,54,54,45,9,0,0,0,0,0,0,8,3145,2232,155,263,323,172
2021,North Norfolk 012,E02005581,6761,3524,3350,2505,790,1715,91,13,78,754,372,382,174,60,50,43,37,6,0,0,0,7,6,1,10,3177,1996,151,272,278,480
2021,North Norfolk 013,E02005582,5861,3016,2878,2154,729,1425,89,28,61,635,317,318,138,64,53,49,40,9,0,0,0,4,1,3,11,2781,1983,148,268,261,121
2021,North Norfolk 014,E02005583,7633,3404,3265,2410,847,1563,143,44,99,712,368,344,139,49,39,39,30,9,0,0,0,0,0,0,10,4180,3215,186,328,277,174
2021,Norwich 001,E02005584,8934,5563,5271,4476,1288,3188,98,22,76,697,256,441,292,157,110,97,81,16,0,0,0,13,8,5,47,3214,1490,405,434,520,365
2021,Norwich 002,E02005585,8852,5356,5017,4303,1266,3037,86,28,58,628,275,353,339,182,143,128,106,22,2,2,0,13,8,5,39,3314,1256,487,605,603,363
2021,Norwich 003,E02005586,8760,6061,5789,4911,1225,3686,82,23,59,796,339,457,272,191,140,130,108,22,1,0,1,9,7,2,51,2508,1036,399,341,429,303
2021,Norwich 004,E02005587,8280,4498,4207,3610,1170,2440,62,12,50,535,217,318,291,146,104,98,92,6,0,0,0,6,2,4,42,3636,1684,334,440,584,594
2021,Norwich 005,E02005588,10504,5109,4814,4183,1274,2909,69,16,53,562,237,325,295,686,451,413,368,45,8,8,0,30,23,7,235,4709,1545,1753,530,556,325
2021,Norwich 006,E02005589,9775,5093,4792,4039,1223,2816,89,23,66,664,271,393,301,501,329,299,264,35,1,1,0,29,28,1,172,4181,1366,1313,593,575,334
2021,Norwich 009,E02005592,7937,4727,4539,3725,958,2767,102,25,77,712,387,325,188,503,389,352,306,46,0,0,0,37,32,5,114,2707,1184,1081,174,128,140
2021,Norwich 010,E02005593,9579,2423,2276,1893,652,1241,45,16,29,338,165,173,147,1255,763,715,660,55,1,0,1,47,47,0,492,5901,1017,4116,324,318,126
2021,Norwich 011,E02005594,9554,5403,5123,4253,1071,3182,116,36,80,754,361,393,280,413,320,287,218,69,2,1,1,31,25,6,93,3738,1950,776,335,422,255
2021,Norwich 012,E02005595,7953,3814,3695,3012,870,2142,116,24,92,567,304,263,119,256,191,176,148,28,2,1,1,13,13,0,65,3883,2561,771,244,172,135
2021,Norwich 013,E02005596,7952,4612,4376,3718,1191,2527,73,18,55,585,268,317,236,134,94,84,77,7,0,0,0,10,8,2,40,3206,1609,388,465,461,283
2021,South Norfolk 002,E02005598,8018,4801,4698,3854,1035,2819,156,40,116,688,317,371,103,117,99,93,73,20,1,1,0,5,5,0,18,3100,2129,343,291,175,162
2021,South Norfolk 003,E02005599,5803,3423,3321,2828,745,2083,75,19,56,418,182,236,102,87,75,70,59,11,0,0,0,5,4,1,12,2293,1648,175,196,172,102
2021,South Norfolk 004,E02005600,5139,2710,2636,2020,608,1412,84,13,71,532,257,275,74,93,61,50,44,6,0,0,0,11,10,1,32,2336,1495,362,195,168,116
2021,South Norfolk 005,E02005601,4753,2434,2344,1953,580,1373,58,9,49,333,157,176,90,63,50,46,38,8,0,0,0,4,1,3,13,2256,1723,115,141,184,93
2021,South Norfolk 006,E02005602,10526,6171,6009,4775,1384,3391,189,44,145,1045,483,562,162,154,118,110,101,9,0,0,0,8,7,1,36,4201,3116,322,347,214,202
2021,South Norfolk 007,E02005603,9985,6559,6399,5471,1507,3964,134,32,102,794,348,446,160,187,157,153,135,18,1,0,1,3,2,1,30,3239,2108,344,326,285,176
2021,South Norfolk 008,E02005604,7464,4019,3892,3085,926,2159,139,32,107,668,324,344,127,99,66,62,54,8,1,1,0,3,2,1,33,3346,2351,312,275,263,145
2021,South Norfolk 009,E02005605,8800,5176,5044,4063,1202,2861,135,23,112,846,409,437,132,113,92,91,74,17,0,0,0,1,0,1,21,3511,2561,258,324,235,133
2021,South Norfolk 010,E02005606,4998,2892,2801,2118,642,1476,104,27,77,579,252,327,91,70,52,46,36,10,0,0,0,6,6,0,18,2036,1441,154,178,161,102
2021,South Norfolk 011,E02005607,9591,5703,5530,4412,1296,3116,177,43,134,941,422,519,173,152,118,109,96,13,1,1,0,8,6,2,34,3736,2658,269,395,239,175
2021,South Norfolk 012,E02005608,6561,3554,3432,2573,801,1772,129,26,103,730,340,390,122,79,59,57,49,8,0,0,0,2,2,0,20,2928,2117,198,243,224,146
2021,South Norfolk 013,E02005609,6301,3414,3289,2597,727,1870,106,25,81,586,261,325,125,61,40,38,34,4,0,0,0,2,2,0,21,2826,2067,152,252,211,144
2021,South Norfolk 014,E02005610,6988,3884,3770,2798,847,1951,152,39,113,820,367,453,114,68,58,49,49,0,1,1,0,8,7,1,10,3036,2213,206,269,216,132
2021,South Norfolk 015,E02005611,9257,5311,5126,4320,1185,3135,110,29,81,696,317,379,185,112,91,87,72,15,0,0,0,4,3,1,21,3834,2724,250,326,342,192
2021,North Northamptonshire 002,E02005612,6018,3715,3597,3085,725,2360,77,13,64,435,161,274,118,117,90,86,60,26,2,0,2,2,0,2,27,2186,1375,199,204,244,164
2021,North Northamptonshire 003,E02005613,7521,4845,4669,4175,947,3228,79,11,68,415,153,262,176,111,75,73,50,23,0,0,0,2,1,1,36,2565,1433,226,272,408,226
2021,North Northamptonshire 006,E02005614,10682,7560,7377,6359,1181,5178,151,25,126,867,275,592,183,245,202,193,124,69,1,0,1,8,8,0,43,2877,1542,328,422,308,277
2021,North Northamptonshire 004,E02005615,7610,4657,4452,3920,877,3043,70,13,57,462,137,325,205,141,113,105,81,24,1,0,1,7,6,1,28,2812,1699,208,323,400,182
2021,North Northamptonshire 005,E02005616,4720,2970,2825,2479,564,1915,67,17,50,279,94,185,145,95,73,65,48,17,2,0,2,6,0,6,22,1655,734,152,238,329,202
2021,North Northamptonshire 007,E02005617,8750,5460,5153,4624,1018,3606,77,18,59,452,137,315,307,172,140,137,98,39,0,0,0,3,1,2,32,3118,1318,308,488,603,401
2021,West Northamptonshire 001,E02005619,5297,3277,3225,2427,628,1799,145,26,119,653,292,361,52,62,43,40,34,6,1,1,0,2,1,1,19,1958,1416,178,179,86,99
2021,West Northamptonshire 002,E02005620,6992,4439,4332,3488,830,2658,153,20,133,691,294,397,107,136,104,94,75,19,2,0,2,8,6,2,32,2417,1704,222,212,150,129
2021,West Northamptonshire 004,E02005621,7809,4002,3821,3042,817,2225,124,27,97,655,298,357,181,91,67,67,62,5,0,0,0,0,0,0,24,3716,2069,268,222,160,997
2021,West Northamptonshire 005,E02005622,8093,5090,4946,3897,939,2958,168,35,133,881,432,449,144,102,82,79,67,12,2,2,0,1,0,1,20,2901,2046,297,307,128,123
2021,West Northamptonshire 003,E02005623,9315,5906,5751,4663,1136,3527,235,42,193,853,354,499,155,206,152,142,121,21,0,0,0,10,5,5,54,3203,2164,333,299,215,192
2021,West Northamptonshire 010,E02005624,9268,6399,6211,5448,1081,4367,121,15,106,642,240,402,188,165,133,131,104,27,1,0,1,1,1,0,32,2704,1582,297,341,283,201
2021,West Northamptonshire 016,E02005625,7774,4591,4415,3813,809,3004,94,14,80,508,188,320,176,156,119,113,85,28,0,0,0,6,0,6,37,3027,1934,222,287,354,230
2021,West Northamptonshire 022,E02005626,5611,3607,3449,3033,649,2384,51,9,42,365,130,235,158,101,77,69,41,28,3,1,2,5,5,0,24,1903,930,211,323,277,162
2021,West Northamptonshire 027,E02005627,6323,3863,3728,2987,662,2325,121,26,95,620,243,377,135,84,61,57,50,7,0,0,0,4,3,1,23,2376,1724,174,201,177,100
2021,West Northamptonshire 042,E02005628,7087,4440,4294,3381,738,2643,125,24,101,788,353,435,146,105,81,76,57,19,1,1,0,4,3,1,24,2542,1668,218,300,200,156
2021,North Northamptonshire 001,E02005629,5378,3067,2980,2275,558,1717,124,28,96,581,270,311,87,59,38,38,32,6,0,0,0,0,0,0,21,2252,1599,164,253,130,106
2021,North Northamptonshire 010,E02005630,8570,4699,4560,3579,803,2776,184,38,146,797,398,399,139,126,92,79,60,19,4,1,3,9,8,1,34,3745,2459,658,299,182,147
2021,North Northamptonshire 011,E02005631,9154,5901,5722,4757,1061,3696,159,30,129,806,339,467,179,163,124,114,95,19,1,0,1,9,7,2,39,3090,2119,295,331,191,154
2021,North Northamptonshire 024,E02005632,5442,3159,3079,2487,621,1866,83,23,60,509,207,302,80,71,58,52,42,10,0,0,0,6,5,1,13,2212,1582,156,199,166,109
2021,North Northamptonshire 025,E02005633,8040,5042,4881,4122,937,3185,92,20,72,667,239,428,161,117,99,93,81,12,0,0,0,6,2,4,18,2881,1951,211,298,290,131
2021,North Northamptonshire 027,E02005634,7499,4744,4590,4018,941,3077,90,22,68,482,163,319,154,143,98,94,73,21,0,0,0,4,0,4,45,2612,1540,258,298,324,192
2021,North Northamptonshire 035,E02005635,7622,4869,4731,4058,949,3109,113,26,87,560,211,349,138,159,114,109,94,15,0,0,0,5,0,5,45,2594,1762,245,265,179,143
2021,North Northamptonshire 034,E02005636,9856,6212,5962,5099,1253,3846,129,31,98,734,268,466,250,176,126,119,97,22,0,0,0,7,3,4,50,3468,2123,284,403,410,248
2021,North Northamptonshire 037,E02005637,7580,4762,4537,3908,913,2995,88,15,73,541,209,332,225,120,96,92,66,26,0,0,0,4,0,4,24,2698,1456,219,360,401,262
2021,North Northamptonshire 039,E02005638,8290,5019,4876,4153,982,3171,103,12,91,620,217,403,143,159,109,104,85,19,3,1,2,2,1,1,50,3112,2212,259,288,193,160
2021,North Northamptonshire 012,E02005639,4775,2777,2704,2010,528,1482,141,32,109,553,254,299,73,64,50,49,39,10,0,0,0,1,1,0,14,1934,1438,131,165,108,92
2021,North Northamptonshire 013,E02005640,9550,5912,5772,4858,1195,3663,124,25,99,790,322,468,140,150,120,111,88,23,0,0,0,9,9,0,30,3488,2300,300,411,283,194
2021,North Northamptonshire 014,E02005641,7016,4221,4079,3444,876,2568,86,23,63,549,224,325,142,110,84,80,65,15,0,0,0,4,2,2,26,2685,1714,201,298,280,192
2021,North Northamptonshire 015,E02005642,6935,4327,4218,3584,882,2702,94,15,79,540,209,331,109,132,109,107,85,22,0,0,0,2,2,0,23,2476,1686,234,220,189,147
2021,North Northamptonshire 016,E02005643,6627,3950,3727,3196,839,2357,86,13,73,445,148,297,223,119,85,83,65,18,0,0,0,2,0,2,34,2558,1029,289,429,521,290
2021,North Northamptonshire 017,E02005644,7301,5128,4863,4313,889,3424,71,15,56,479,157,322,265,134,109,103,72,31,1,0,1,5,5,0,25,2039,672,263,369,405,330
2021,North Northamptonshire 018,E02005645,10277,6459,6179,5339,1170,4169,123,23,100,717,286,431,280,213,166,160,111,49,2,0,2,4,3,1,47,3605,2126,317,430,437,295
2021,North Northamptonshire 019,E02005646,5342,3077,2992,2548,670,1878,45,7,38,399,161,238,85,107,84,83,66,17,1,1,0,0,0,0,23,2158,1638,150,151,134,85
2021,North Northamptonshire 022,E02005647,6152,3651,3474,2996,771,2225,69,13,56,409,158,251,177,103,80,75,60,15,1,1,0,4,4,0,23,2398,1354,225,272,359,188
2021,North Northamptonshire 021,E02005648,7760,4932,4782,4039,939,3100,138,19,119,605,210,395,150,199,150,142,117,25,0,0,0,8,5,3,49,2629,1826,260,258,170,115
2021,West Northamptonshire 006,E02005650,5755,3340,3218,2732,671,2061,62,10,52,424,126,298,122,309,184,178,146,32,2,2,0,4,4,0,125,2106,1217,420,186,155,128
2021,West Northamptonshire 007,E02005651,5439,3167,3082,2628,647,1981,67,7,60,387,129,258,85,80,61,60,44,16,0,0,0,1,1,0,19,2192,1665,151,165,105,106
2021,West Northamptonshire 008,E02005652,5590,3219,3120,2603,667,1936,69,13,56,448,154,294,99,113,87,85,70,15,1,0,1,1,0,1,26,2258,1587,160,173,172,166
2021,West Northamptonshire 011,E02005653,6695,4438,4196,3596,868,2728,121,23,98,479,169,310,242,195,157,142,101,41,2,0,2,13,8,5,38,2062,823,332,393,265,249
2021,West Northamptonshire 009,E02005654,6628,4275,4061,3457,783,2674,107,14,93,497,166,331,214,170,119,111,74,37,2,2,0,6,1,5,51,2183,958,341,379,295,210
2021,West Northamptonshire 012,E02005655,5254,2948,2837,2387,584,1803,56,12,44,394,150,244,111,97,74,70,54,16,0,0,0,4,4,0,23,2209,1567,190,159,181,112
2021,West Northamptonshire 014,E02005656,4980,2985,2767,2325,604,1721,78,20,58,364,116,248,218,175,144,135,97,38,3,1,2,6,0,6,31,1820,682,278,353,288,219
2021,West Northamptonshire 013,E02005657,5546,3309,3197,2663,650,2013,64,19,45,470,171,299,112,139,112,99,65,34,0,0,0,13,7,6,27,2098,1414,176,163,195,150
2021,West Northamptonshire 015,E02005658,5377,3416,3214,2698,635,2063,70,7,63,446,146,300,202,222,170,159,111,48,3,0,3,8,1,7,52,1739,621,317,295,286,220
2021,West Northamptonshire 018,E02005659,4802,2865,2763,2339,557,1782,61,8,53,363,122,241,102,101,90,81,59,22,1,0,1,8,3,5,11,1836,1208,179,185,146,118
2021,West Northamptonshire 026,E02005660,5211,3088,2911,2454,571,1883,74,21,53,383,135,248,177,145,111,101,79,22,1,1,0,9,5,4,34,1978,1004,263,290,254,167
2021,West Northamptonshire 017,E02005661,5319,3378,3186,2673,657,2016,83,11,72,430,176,254,192,170,119,113,80,33,0,0,0,6,1,5,51,1771,682,302,312,272,203
2021,West Northamptonshire 019,E02005662,5490,3620,3463,2850,622,2228,103,21,82,510,192,318,157,161,140,129,94,35,2,2,0,9,4,5,21,1709,999,237,202,152,119
2021,West Northamptonshire 023,E02005663,4583,2936,2855,2421,551,1870,65,10,55,369,128,241,81,91,78,73,51,22,1,0,1,4,4,0,13,1556,1158,117,121,79,81
2021,West Northamptonshire 025,E02005664,5176,3234,3105,2610,516,2094,69,11,58,426,173,253,129,179,155,137,90,47,3,0,3,15,7,8,24,1763,838,262,172,271,220
2021,West Northamptonshire 024,E02005665,6920,4502,4326,3545,859,2686,164,25,139,617,225,392,176,172,135,126,85,41,0,0,0,9,5,4,37,2246,1272,298,282,179,215
2021,West Northamptonshire 021,E02005666,6769,4191,3877,3237,850,2387,105,27,78,535,178,357,314,233,184,165,108,57,7,7,0,12,8,4,49,2345,719,391,519,429,287
2021,West Northamptonshire 020,E02005667,5368,3150,3010,2533,577,1956,80,18,62,397,141,256,140,79,69,63,43,20,0,0,0,6,5,1,10,2139,1288,184,233,286,148
2021,West Northamptonshire 028,E02005668,5395,3149,3059,2521,635,1886,82,11,71,456,162,294,90,104,82,77,61,16,1,0,1,4,4,0,22,2142,1555,152,162,148,125
2021,West Northamptonshire 029,E02005669,4987,2961,2884,2359,633,1726,138,27,111,387,152,235,77,90,65,65,48,17,0,0,0,0,0,0,25,1936,1433,176,153,65,109
2021,West Northamptonshire 032,E02005670,7771,5076,4669,3977,788,3189,107,25,82,585,186,399,407,395,308,290,182,108,4,4,0,14,10,4,87,2300,520,506,442,417,415
2021,West Northamptonshire 030,E02005671,6553,4423,4233,3555,688,2867,127,25,102,551,200,351,190,302,251,233,159,74,2,1,1,16,10,6,51,1828,776,425,233,175,219
2021,West Northamptonshire 031,E02005672,7112,4831,4542,3856,703,3153,160,41,119,526,163,363,289,473,368,343,220,123,7,3,4,18,14,4,105,1808,397,543,327,231,310
2021,West Northamptonshire 033,E02005673,6382,4147,3961,3331,671,2660,108,19,89,522,149,373,186,188,151,137,90,47,2,1,1,12,6,6,37,2047,1042,257,241,287,220
2021,West Northamptonshire 034,E02005674,7897,4692,4433,3838,676,3162,102,24,78,493,179,314,259,504,324,311,238,73,6,5,1,7,7,0,180,2701,1011,660,253,392,385
2021,West Northamptonshire 036,E02005675,4834,3201,3055,2577,585,1992,72,11,61,406,119,287,146,129,115,110,80,30,1,0,1,4,4,0,14,1504,647,211,256,231,159
2021,West Northamptonshire 038,E02005676,4924,3195,3066,2541,635,1906,77,19,58,448,144,304,129,154,120,117,89,28,1,0,1,2,0,2,34,1575,760,238,190,234,153
2021,West Northamptonshire 037,E02005677,8239,4840,4645,3895,807,3088,131,21,110,619,206,413,195,651,429,415,323,92,1,0,1,13,6,7,222,2748,1162,974,255,175,182
2021,West Northamptonshire 041,E02005679,7273,5156,5030,4192,933,3259,155,27,128,683,249,434,126,168,136,134,98,36,1,0,1,1,1,0,32,1949,1270,226,218,98,137
2021,West Northamptonshire 044,E02005680,6680,4627,4492,3780,860,2920,152,28,124,560,225,335,135,191,151,148,129,19,2,2,0,1,1,0,40,1862,1085,331,245,87,114
2021,West Northamptonshire 040,E02005681,7077,4158,4046,3251,884,2367,130,26,104,665,254,411,112,114,86,82,74,8,0,0,0,4,4,0,28,2805,2041,238,230,163,133
2021,West Northamptonshire 043,E02005682,6148,3834,3709,3014,736,2278,148,35,113,547,241,306,125,116,93,87,75,12,0,0,0,6,4,2,23,2198,1622,185,192,94,105
2021,West Northamptonshire 046,E02005683,11938,7931,7691,6375,1347,5028,206,36,170,1110,444,666,240,264,199,194,163,31,1,0,1,4,3,1,65,3743,2465,408,387,261,222
2021,West Northamptonshire 045,E02005684,7171,4427,4300,3421,837,2584,146,36,110,733,320,413,127,108,86,85,72,13,1,1,0,0,0,0,22,2636,1932,224,233,124,123
2021,West Northamptonshire 047,E02005685,8197,5511,5339,4500,953,3547,135,19,116,704,280,424,172,134,96,90,75,15,1,1,0,5,4,1,38,2552,1719,222,252,218,141
2021,West Northamptonshire 048,E02005686,6701,4059,3960,3138,825,2313,137,23,114,685,312,373,99,132,105,96,89,7,0,0,0,9,9,0,27,2510,1768,240,232,155,115
2021,West Northamptonshire 049,E02005687,5541,3589,3511,2714,645,2069,156,28,128,641,285,356,78,94,70,67,58,9,2,1,1,1,1,0,24,1858,1270,215,198,77,98
2021,West Northamptonshire 050,E02005688,7883,5077,4925,4046,901,3145,125,26,99,754,319,435,152,125,88,80,66,14,1,1,0,7,6,1,37,2681,1839,267,257,175,143
2021,West Northamptonshire 051,E02005689,8488,6112,5990,5232,1183,4049,92,17,75,666,280,386,122,165,132,124,110,14,4,2,2,4,3,1,33,2211,1509,220,255,106,121
2021,West Northamptonshire 053,E02005690,4537,2985,2880,2458,558,1900,50,13,37,372,149,223,105,59,53,52,35,17,0,0,0,1,1,0,6,1493,1005,108,143,129,108
2021,West Northamptonshire 052,E02005691,5722,3491,3406,2741,631,2110,81,16,65,584,283,301,85,99,78,77,51,26,0,0,0,1,1,0,21,2132,1427,178,249,108,170
2021,North Northamptonshire 026,E02005692,5886,3461,3329,2772,707,2065,106,24,82,451,195,256,132,109,88,86,70,16,0,0,0,2,1,1,21,2316,1615,158,216,190,137
2021,North Northamptonshire 028,E02005693,6757,4190,3992,3463,839,2624,74,19,55,455,187,268,198,182,122,117,89,28,1,0,1,4,4,0,60,2385,1276,295,361,257,196
2021,North Northamptonshire 029,E02005694,6335,3913,3810,3275,736,2539,103,22,81,432,171,261,103,139,112,103,82,21,1,0,1,8,7,1,27,2283,1650,223,172,123,115
2021,North Northamptonshire 030,E02005695,8067,5685,5436,4785,888,3897,116,34,82,535,199,336,249,200,172,166,101,65,0,0,0,6,6,0,28,2182,966,266,357,296,297
2021,North Northamptonshire 031,E02005696,4870,2983,2817,2535,597,1938,33,10,23,249,88,161,166,101,77,74,53,21,1,1,0,2,1,1,24,1786,829,228,300,298,131
2021,North Northamptonshire 032,E02005697,6089,3587,3385,2962,668,2294,68,9,59,355,141,214,202,108,89,84,60,24,0,0,0,5,0,5,19,2394,1253,201,272,413,255
2021,North Northamptonshire 033,E02005698,4808,2761,2593,2279,551,1728,36,7,29,278,100,178,168,102,86,79,64,15,1,0,1,6,2,4,16,1945,1167,190,219,203,166
2021,North Northamptonshire 036,E02005699,6612,4221,4014,3472,831,2641,86,14,72,456,146,310,207,170,133,128,96,32,0,0,0,5,5,0,37,2221,1014,303,377,310,217
2021,North Northamptonshire 038,E02005700,8551,5052,4929,4080,1015,3065,129,23,106,720,301,419,123,152,117,109,94,15,0,0,0,8,4,4,35,3347,2513,236,256,195,147
2021,North Northamptonshire 040,E02005701,9260,5569,5415,4512,1118,3394,130,20,110,773,295,478,154,120,82,75,61,14,0,0,0,7,4,3,38,3571,2472,281,260,320,238
2021,Northumberland 004,E02005702,5752,3022,2919,2246,706,1540,147,35,112,526,236,290,103,51,42,42,33,9,0,0,0,0,0,0,9,2679,2104,158,167,119,131
2021,Northumberland 005,E02005703,5843,3069,2881,2438,821,1617,61,12,49,382,163,219,188,70,54,54,47,7,0,0,0,0,0,0,16,2704,1873,191,218,237,185
2021,Northumberland 006,E02005704,10880,5625,5369,4350,1433,2917,176,41,135,843,418,425,256,122,98,94,82,12,1,0,1,3,1,2,24,5133,3782,267,381,452,251
2021,Northumberland 007,E02005705,6619,3369,3227,2241,682,1559,209,51,158,777,344,433,142,64,45,43,37,6,0,0,0,2,2,0,19,3186,2500,149,234,180,123
2021,Northumberland 001,E02005706,7596,4091,3845,3304,1226,2078,103,21,82,438,192,246,246,101,74,73,59,14,0,0,0,1,1,0,27,3404,2209,193,307,451,244
2021,Northumberland 002,E02005707,6116,3113,3004,2326,794,1532,174,30,144,504,221,283,109,69,55,51,43,8,0,0,0,4,1,3,14,2934,2271,138,188,212,125
2021,Northumberland 003,E02005708,8809,4405,4226,2987,1008,1979,269,52,217,970,443,527,179,67,49,45,39,6,0,0,0,4,3,1,18,4337,3344,141,328,287,237
2021,Northumberland 022,E02005709,5321,2702,2399,2156,689,1467,45,14,31,198,77,121,303,73,53,51,39,12,0,0,0,2,0,2,20,2546,1049,198,422,625,252
2021,Northumberland 023,E02005710,7806,4332,4058,3553,866,2687,76,12,64,429,188,241,274,99,65,62,53,9,0,0,0,3,3,0,34,3375,1851,246,339,600,339
2021,Northumberland 024,E02005711,6281,3237,2999,2702,821,1881,52,9,43,245,102,143,238,87,63,63,51,12,0,0,0,0,0,0,24,2957,1641,220,376,474,246
2021,Northumberland 025,E02005712,7411,4787,4527,4044,933,3111,97,24,73,386,154,232,260,107,85,83,63,20,0,0,0,2,1,1,22,2517,1385,257,359,333,183
2021,Northumberland 026,E02005713,5322,2995,2938,2601,650,1951,71,18,53,266,115,151,57,84,72,69,57,12,0,0,0,3,2,1,12,2243,1758,149,149,103,84
2021,Northumberland 029,E02005715,7443,4196,3884,3485,938,2547,72,20,52,327,155,172,312,89,67,66,48,18,1,0,1,0,0,0,22,3158,1820,279,371,481,207
2021,Northumberland 030,E02005717,6352,3288,3139,2680,733,1947,77,22,55,382,191,191,149,100,73,65,50,15,0,0,0,8,5,3,27,2964,2273,152,175,245,119
2021,Northumberland 031,E02005718,5454,2730,2623,2295,583,1712,44,12,32,284,126,158,107,67,56,53,45,8,0,0,0,3,1,2,11,2657,2152,130,124,154,97
2021,Northumberland 032,E02005719,6910,3964,3742,3268,794,2474,74,18,56,400,159,241,222,90,60,56,48,8,1,1,0,3,3,0,30,2856,1781,204,214,455,202
2021,Northumberland 008,E02005720,10445,5108,4816,4092,1220,2872,156,37,119,568,251,317,292,79,62,57,42,15,2,2,0,3,3,0,17,5258,2840,258,427,610,1123
2021,Northumberland 011,E02005721,4541,2519,2423,2080,615,1465,70,14,56,273,124,149,96,57,48,42,36,6,0,0,0,6,6,0,9,1965,1325,173,161,189,117
2021,Northumberland 015,E02005722,7903,4777,4672,3628,951,2677,269,50,219,775,328,447,105,107,83,77,65,12,0,0,0,6,6,0,24,3019,2126,255,290,162,186
2021,Northumberland 016,E02005723,5149,2497,2355,1988,580,1408,61,15,46,306,151,155,142,83,71,69,56,13,0,0,0,2,2,0,12,2569,1837,149,172,260,151
2021,Northumberland 018,E02005724,5503,2829,2728,2308,548,1760,77,16,61,343,169,174,101,60,36,34,32,2,0,0,0,2,1,1,24,2614,2135,177,139,77,86
2021,Northumberland 033,E02005725,5888,3015,2924,2209,633,1576,209,60,149,506,244,262,91,61,44,41,35,6,0,0,0,3,3,0,17,2812,2163,227,207,103,112
2021,Northumberland 034,E02005726,6633,3555,3468,2680,736,1944,230,51,179,558,253,305,87,84,68,66,55,11,0,0,0,2,1,1,16,2994,2213,280,234,102,165
2021,Northumberland 019,E02005727,5209,2975,2911,1940,659,1281,172,39,133,799,279,520,64,37,28,26,22,4,0,0,0,2,2,0,9,2197,1572,159,180,125,161
2021,Northumberland 037,E02005728,5752,3044,2928,2236,697,1539,115,19,96,577,231,346,116,62,51,50,45,5,0,0,0,1,0,1,11,2646,1898,140,200,247,161
2021,Northumberland 036,E02005729,4715,2614,2510,2001,523,1478,115,29,86,394,187,207,104,60,46,45,39,6,0,0,0,1,1,0,14,2041,1496,205,134,133,73
2021,Northumberland 035,E02005730,10756,5552,5332,4353,1425,2928,169,31,138,810,400,410,220,115,95,88,79,9,0,0,0,7,5,2,20,5089,3678,411,321,392,287
2021,Northumberland 038,E02005731,8856,5082,4898,4283,1175,3108,98,19,79,517,214,303,184,158,121,121,102,19,0,0,0,0,0,0,37,3616,2300,393,295,408,220
2021,Northumberland 040,E02005733,7033,3947,3826,2687,872,1815,202,36,166,937,384,553,121,77,55,51,42,9,1,1,0,3,3,0,22,3009,2267,210,202,177,153
2021,Northumberland 009,E02005734,4936,2368,2181,1830,551,1279,47,13,34,304,126,178,187,51,31,30,27,3,1,0,1,0,0,0,20,2517,1511,135,293,408,170
2021,Northumberland 010,E02005735,5676,3009,2683,2412,782,1630,47,9,38,224,90,134,326,69,53,53,41,12,0,0,0,0,0,0,16,2598,1156,235,415,519,273
2021,Northumberland 013,E02005736,6925,3855,3572,3242,891,2351,68,17,51,262,98,164,283,93,72,71,47,24,0,0,0,1,1,0,21,2977,1577,260,376,546,218
2021,Northumberland 017,E02005739,7593,4075,3821,3340,954,2386,85,21,64,396,176,220,254,93,67,65,48,17,0,0,0,2,1,1,26,3425,2253,225,306,455,186
2021,Northumberland 020,E02005740,8283,4481,4199,3680,1012,2668,80,22,58,439,178,261,282,128,94,92,75,17,0,0,0,2,1,1,34,3674,2035,308,446,571,314
2021,Northumberland 021,E02005741,7130,4005,3862,3378,888,2490,98,15,83,386,152,234,143,99,77,69,57,12,0,0,0,8,6,2,22,3026,2186,208,225,253,154
2021,Craven 001,E02005742,6376,3603,3519,2423,775,1648,141,29,112,955,439,516,84,74,69,65,55,10,2,1,1,2,2,0,5,2699,2075,148,186,150,140
2021,Craven 003,E02005744,6891,3619,3548,2614,779,1835,163,30,133,771,331,440,71,71,58,56,46,10,2,0,2,0,0,0,13,3201,2531,203,161,184,122
2021,Craven 005,E02005746,5632,3294,3192,2615,725,1890,83,19,64,494,236,258,102,60,50,49,39,10,1,0,1,0,0,0,10,2278,1662,159,154,195,108
2021,Craven 006,E02005747,5740,3487,3331,2843,775,2068,75,21,54,413,193,220,156,76,65,64,58,6,0,0,0,1,0,1,11,2177,1346,207,226,234,164
2021,Craven 007,E02005748,6537,3885,3792,2891,788,2103,166,36,130,735,306,429,93,82,70,69,59,10,1,0,1,0,0,0,12,2570,1870,207,211,140,142
2021,Craven 008,E02005749,8342,4747,4631,3764,1073,2691,158,27,131,709,310,399,116,126,103,96,76,20,1,1,0,6,2,4,23,3469,2666,233,201,242,127
2021,Hambleton 001,E02005750,6641,3336,3206,2532,757,1775,132,26,106,542,244,298,130,98,81,81,72,9,0,0,0,0,0,0,17,3207,2341,243,251,225,147
2021,Hambleton 002,E02005751,7540,3753,3640,2704,801,1903,236,56,180,700,316,384,113,73,60,59,50,9,0,0,0,1,1,0,13,3714,3004,224,238,107,141
2021,Hambleton 003,E02005752,5958,3610,3532,2561,718,1843,205,39,166,766,288,478,78,94,81,74,61,13,0,0,0,7,7,0,13,2254,1639,168,185,136,126
2021,Hambleton 005,E02005754,6457,3486,3417,2747,752,1995,156,31,125,514,223,291,69,82,74,72,61,11,0,0,0,2,0,2,8,2889,2371,156,148,136,78
2021,Hambleton 006,E02005755,5734,3293,3204,2574,719,1855,109,23,86,521,217,304,89,70,59,57,50,7,0,0,0,2,0,2,11,2371,1779,155,172,156,109
2021,Hambleton 007,E02005756,5339,3398,3333,2606,594,2012,179,40,139,548,256,292,65,58,41,39,29,10,0,0,0,2,1,1,17,1883,1337,149,194,82,121
2021,Hambleton 008,E02005757,7410,4346,4239,3386,906,2480,162,40,122,691,304,387,107,75,58,57,53,4,1,0,1,0,0,0,17,2989,2191,201,233,189,175
2021,Hambleton 009,E02005758,7853,4684,4571,3656,983,2673,201,34,167,714,303,411,113,104,84,84,70,14,0,0,0,0,0,0,20,3065,2109,222,288,222,224
2021,Hambleton 010,E02005759,7898,4294,4191,3141,917,2224,175,25,150,875,382,493,103,93,86,81,73,8,0,0,0,5,4,1,7,3511,2687,242,250,205,127
2021,Hambleton 011,E02005760,5201,3236,3155,2345,664,1681,160,33,127,650,259,391,81,83,76,75,69,6,0,0,0,1,1,0,7,1882,1323,187,153,134,85
2021,Harrogate 001,E02005761,4616,2687,2631,1817,593,1224,163,32,131,651,254,397,56,61,54,52,50,2,0,0,0,2,2,0,7,1868,1400,149,135,76,108
2021,Harrogate 002,E02005762,5192,3079,2990,2534,621,1913,76,15,61,380,199,181,89,107,90,85,73,12,0,0,0,5,5,0,17,2006,1413,197,138,119,139
2021,Harrogate 003,E02005763,5328,3203,3123,2378,624,1754,181,31,150,564,251,313,80,69,59,55,45,10,0,0,0,4,4,0,10,2056,1488,164,193,100,111
2021,Harrogate 004,E02005764,8669,4986,4819,4120,1175,2945,98,13,85,601,264,337,167,111,86,85,76,9,0,0,0,1,0,1,25,3572,2547,264,264,300,197
2021,Harrogate 005,E02005765,6035,3631,3554,2797,763,2034,159,24,135,598,255,343,77,80,69,63,55,8,0,0,0,6,4,2,11,2324,1720,167,188,133,116
2021,Harrogate 006,E02005766,5138,2938,2865,1963,591,1372,178,29,149,724,291,433,73,53,43,42,38,4,0,0,0,1,0,1,10,2147,1582,152,205,99,109
2021,Harrogate 007,E02005767,6066,3385,3314,2640,738,1902,135,30,105,539,266,273,71,103,87,83,72,11,0,0,0,4,0,4,16,2578,1911,232,221,98,116
2021,Harrogate 008,E02005768,6669,3618,3530,2894,736,2158,130,27,103,506,237,269,88,175,161,161,79,82,0,0,0,0,0,0,14,2876,1325,1160,203,74,114
2021,Harrogate 009,E02005769,5830,3385,3261,2704,796,1908,86,18,68,471,211,260,124,75,59,57,53,4,0,0,0,2,2,0,16,2370,1629,189,167,230,155
2021,Harrogate 010,E02005770,7521,4722,4605,3829,1051,2778,91,23,68,685,288,397,117,79,63,60,49,11,0,0,0,3,3,0,16,2720,2004,175,212,200,129
2021,Harrogate 011,E02005771,6134,4041,3899,3358,885,2473,81,24,57,460,225,235,142,90,81,78,69,9,0,0,0,3,3,0,9,2003,1214,185,223,219,162
2021,Harrogate 012,E02005772,4998,2703,2646,2122,637,1485,98,19,79,426,197,229,57,83,73,66,61,5,0,0,0,7,7,0,10,2212,1759,158,138,78,79
2021,Harrogate 013,E02005773,7526,4755,4542,3868,939,2929,93,23,70,581,252,329,213,123,102,97,85,12,1,1,0,4,2,2,21,2648,1456,218,240,498,236
2021,Harrogate 014,E02005774,7789,4976,4800,4103,1072,3031,92,20,72,605,254,351,176,121,100,90,80,10,0,0,0,10,4,6,21,2692,1773,248,232,268,171
2021,Harrogate 015,E02005775,8189,5188,4979,4109,909,3200,143,26,117,727,325,402,209,114,102,96,77,19,0,0,0,6,6,0,12,2887,1786,274,256,316,255
2021,Harrogate 016,E02005776,7435,4440,4348,3321,832,2489,238,40,198,789,367,422,92,97,81,74,60,14,0,0,0,7,6,1,16,2898,1809,500,290,151,148
2021,Harrogate 017,E02005777,6709,3991,3893,3149,867,2282,127,21,106,617,294,323,98,88,71,69,61,8,1,0,1,1,1,0,17,2630,1932,236,198,133,131
2021,Harrogate 018,E02005778,5194,3070,3023,2039,591,1448,230,46,184,754,301,453,47,71,60,58,52,6,0,0,0,2,0,2,11,2053,1484,190,243,63,73
2021,Harrogate 019,E02005779,6320,3630,3520,2810,690,2120,139,18,121,571,265,306,110,115,96,93,77,16,0,0,0,3,3,0,19,2575,1874,217,213,131,140
2021,Harrogate 020,E02005780,8941,4956,4818,3882,1064,2818,197,40,157,739,359,380,138,178,143,137,119,18,0,0,0,6,5,1,35,3807,2721,443,341,187,115
2021,Harrogate 021,E02005781,4997,2828,2778,2061,567,1494,174,34,140,543,281,262,50,67,58,55,45,10,0,0,0,3,3,0,9,2102,1518,162,257,73,92
2021,Richmondshire 001,E02005782,6517,3649,3582,2624,685,1939,261,46,215,697,310,387,67,62,47,46,40,6,0,0,0,1,0,1,15,2806,2132,220,214,146,94
2021,Richmondshire 002,E02005783,6898,3712,3570,2866,847,2019,107,20,87,597,277,320,142,100,87,86,72,14,0,0,0,1,1,0,13,3086,2334,222,188,194,148
2021,Richmondshire 003,E02005784,4861,2952,2878,2391,602,1789,107,28,79,380,147,233,74,58,45,44,33,11,0,0,0,1,1,0,13,1851,1282,132,146,162,129
2021,Richmondshire 004,E02005785,10991,7806,7541,6965,1571,5394,84,18,66,492,223,269,265,163,120,111,73,38,0,0,0,9,6,3,43,3022,1210,350,525,262,675
2021,Richmondshire 005,E02005786,5119,2878,2803,1755,595,1160,204,33,171,844,337,507,75,51,38,37,33,4,0,0,0,1,0,1,13,2190,1733,84,134,108,131
2021,Richmondshire 006,E02005787,7353,4001,3888,2811,808,2003,229,41,188,848,363,485,113,96,79,75,65,10,0,0,0,4,3,1,17,3256,2622,151,216,120,147
2021,Ryedale 001,E02005788,5506,3003,2920,2028,671,1357,155,38,117,737,303,434,83,52,43,41,35,6,1,0,1,1,1,0,9,2451,1853,154,196,124,124
2021,Ryedale 002,E02005789,9235,4629,4491,3393,1104,2289,203,64,139,895,381,514,138,112,102,96,75,21,0,0,0,6,6,0,10,4494,3549,240,259,255,191
2021,Ryedale 003,E02005790,6022,3159,3087,2087,625,1462,212,56,156,788,319,469,72,65,51,47,43,4,0,0,0,4,4,0,14,2798,1917,331,259,145,146
2021,Ryedale 004,E02005791,5719,3411,3326,2452,719,1733,186,42,144,688,280,408,85,58,48,47,39,8,0,0,0,1,1,0,10,2250,1481,176,262,215,116
2021,Ryedale 007,E02005794,7920,4705,4577,3276,925,2351,243,40,203,1058,477,581,128,86,75,73,67,6,0,0,0,2,2,0,11,3129,2409,190,275,123,132
2021,Scarborough 001,E02005795,6047,3015,2877,2223,792,1431,120,41,79,534,237,297,138,80,64,61,56,5,0,0,0,3,2,1,16,2952,2002,154,204,373,219
2021,Scarborough 002,E02005796,5681,2903,2836,1919,676,1243,177,48,129,740,262,478,67,78,69,65,56,9,0,0,0,4,4,0,9,2700,1904,160,236,251,149
2021,Scarborough 003,E02005797,5203,2822,2693,2159,852,1307,113,24,89,421,187,234,129,70,56,55,48,7,0,0,0,1,0,1,14,2311,1503,166,222,241,179
2021,Scarborough 004,E02005798,7116,3568,3491,2358,846,1512,212,55,157,921,418,503,77,100,80,74,64,10,0,0,0,6,5,1,20,3448,2629,195,255,179,190
2021,Scarborough 005,E02005799,7911,3906,3785,3039,979,2060,145,37,108,601,281,320,121,138,112,107,93,14,0,0,0,5,4,1,26,3867,3061,197,225,227,157
2021,Scarborough 006,E02005800,6284,3415,3129,2529,846,1683,120,35,85,480,224,256,286,102,79,78,67,11,0,0,0,1,1,0,23,2767,1376,240,296,548,307
2021,Scarborough 007,E02005801,4391,2223,2064,1741,640,1101,61,16,45,262,116,146,159,79,60,55,42,13,0,0,0,5,5,0,19,2089,1104,222,235,371,157
2021,Scarborough 008,E02005802,6293,3853,3664,3182,1066,2116,76,13,63,406,194,212,189,115,98,96,80,16,0,0,0,2,1,1,17,2325,1223,287,278,314,223
2021,Scarborough 009,E02005803,7776,4083,3908,3357,1062,2295,86,20,66,465,226,239,175,140,117,110,91,19,2,2,0,5,5,0,23,3553,2363,241,308,437,204
2021,Scarborough 010,E02005804,6991,3490,3234,2673,821,1852,101,21,80,460,210,250,256,92,70,69,51,18,0,0,0,1,1,0,22,3409,2171,212,245,474,307
2021,Scarborough 011,E02005805,6600,3475,3367,2770,850,1920,114,33,81,483,212,271,108,70,58,56,49,7,1,1,0,1,1,0,12,3055,2354,164,169,256,112
2021,Scarborough 012,E02005806,6247,3518,3342,2898,942,1956,76,9,67,368,136,232,176,109,87,87,72,15,0,0,0,0,0,0,22,2620,1320,243,375,474,208
2021,Scarborough 013,E02005807,5485,2908,2827,2190,681,1509,145,31,114,492,229,263,81,91,83,78,67,11,1,1,0,4,2,2,8,2486,1904,165,178,144,95
2021,Scarborough 014,E02005808,10071,4432,4223,3282,1142,2140,192,62,130,749,320,429,209,87,66,62,57,5,0,0,0,4,1,3,21,5552,4208,269,355,489,231
2021,Selby 001,E02005809,6247,3685,3567,2986,777,2209,91,12,79,490,223,267,118,99,86,82,74,8,0,0,0,4,2,2,13,2463,1789,180,187,191,116
2021,Selby 002,E02005810,7663,4814,4698,3749,929,2820,228,45,183,721,314,407,116,143,116,109,90,19,2,1,1,5,5,0,27,2706,1925,291,266,110,114
2021,Selby 003,E02005811,8100,4971,4859,4018,1025,2993,165,29,136,676,297,379,112,141,111,102,83,19,1,0,1,8,6,2,30,2988,2127,293,252,158,158
2021,Selby 004,E02005812,9184,6086,5916,5146,1150,3996,151,31,120,619,259,360,170,119,83,81,69,12,0,0,0,2,0,2,36,2979,1980,307,277,231,184
2021,Selby 005,E02005813,10535,7042,6676,5970,1415,4555,122,39,83,584,207,377,366,170,136,135,103,32,1,0,1,0,0,0,34,3323,1652,326,466,581,298
2021,Selby 006,E02005814,5800,3281,3166,2744,702,2042,59,13,46,363,155,208,115,80,68,60,59,1,0,0,0,8,7,1,12,2439,1780,165,202,179,113
2021,Selby 007,E02005815,7224,4231,4136,3558,969,2589,118,28,90,460,191,269,95,108,84,82,70,12,0,0,0,2,2,0,24,2885,2250,162,226,148,99
2021,Selby 008,E02005816,7213,4475,4365,3612,809,2803,152,28,124,601,241,360,110,121,93,89,80,9,0,0,0,4,3,1,28,2617,1865,213,237,150,152
2021,Selby 009,E02005817,6172,3586,3463,2827,714,2113,144,35,109,492,225,267,123,85,58,55,48,7,0,0,0,3,2,1,27,2501,1827,196,204,175,99
2021,Selby 010,E02005818,7311,4496,4359,3605,846,2759,177,33,144,577,230,347,137,110,85,82,65,17,0,0,0,3,3,0,25,2705,1916,215,244,221,109
2021,Ashfield 001,E02005819,5211,2763,2626,2222,581,1641,64,15,49,340,125,215,137,58,40,40,33,7,0,0,0,0,0,0,18,2390,1486,168,273,326,137
2021,Ashfield 002,E02005820,4710,2627,2541,2246,570,1676,32,5,27,263,118,145,86,72,58,55,40,15,2,1,1,1,0,1,14,2011,1442,135,168,178,88
2021,Ashfield 003,E02005821,5373,3095,2932,2598,602,1996,39,9,30,295,98,197,163,85,67,63,52,11,0,0,0,4,3,1,18,2193,1220,168,280,339,186
2021,Ashfield 004,E02005822,8115,5040,4770,4260,1113,3147,74,15,59,436,142,294,270,140,106,104,77,27,0,0,0,2,1,1,34,2935,1294,273,475,617,276
2021,Ashfield 005,E02005823,6157,3139,2918,2561,659,1902,51,13,38,306,117,189,221,81,61,55,40,15,1,1,0,5,3,2,20,2937,1391,228,408,665,245
2021,Ashfield 006,E02005824,8136,4891,4690,4120,1025,3095,103,17,86,467,166,301,201,132,106,98,77,21,0,0,0,8,5,3,26,3113,1992,239,324,391,167
2021,Ashfield 007,E02005825,6267,3427,3270,2864,773,2091,75,13,62,331,134,197,157,92,70,68,58,10,0,0,0,2,1,1,22,2748,1608,228,365,390,157
2021,Ashfield 008,E02005826,4774,2684,2502,2278,597,1681,29,5,24,195,73,122,182,78,47,46,35,11,0,0,0,1,1,0,31,2012,943,173,308,416,172
2021,Ashfield 009,E02005827,7718,4847,4724,4155,1014,3141,95,28,67,474,187,287,123,126,88,87,75,12,0,0,0,1,0,1,38,2745,1769,218,297,304,157
2021,Ashfield 010,E02005828,6382,3687,3560,3078,777,2301,73,11,62,409,149,260,127,75,58,55,46,9,0,0,0,3,1,2,17,2620,1733,162,288,286,151
2021,Ashfield 011,E02005829,5476,3059,2936,2462,655,1807,80,10,70,394,139,255,123,59,39,39,35,4,0,0,0,0,0,0,20,2358,1564,165,249,253,127
2021,Ashfield 012,E02005830,5052,2833,2720,2256,647,1609,74,15,59,390,150,240,113,50,34,31,28,3,0,0,0,3,2,1,16,2169,1532,130,180,215,112
2021,Ashfield 013,E02005831,8514,5398,5210,4577,1120,3457,100,26,74,533,198,335,188,135,106,102,85,17,0,0,0,4,4,0,29,2981,1856,264,335,377,149
2021,Ashfield 014,E02005832,7602,4657,4410,3924,1009,2915,62,17,45,424,151,273,247,126,102,100,77,23,1,1,0,1,1,0,24,2819,1524,239,333,465,258
2021,Ashfield 015,E02005833,6342,3729,3582,3083,826,2257,84,19,65,415,166,249,147,100,79,78,68,10,0,0,0,1,0,1,21,2513,1813,196,202,176,126
2021,Ashfield 016,E02005834,7026,4153,3903,3458,857,2601,65,12,53,380,157,223,250,107,83,82,68,14,1,1,0,0,0,0,24,2766,1424,284,379,469,210
2021,Bassetlaw 001,E02005835,9115,5288,5073,4366,1118,3248,125,32,93,582,226,356,215,104,71,69,46,23,0,0,0,2,2,0,33,3723,2264,293,469,450,247
2021,Bassetlaw 002,E02005836,7765,4347,4229,3358,961,2397,177,35,142,694,301,393,118,90,67,63,53,10,0,0,0,4,0,4,23,3328,2429,221,282,251,145
2021,Bassetlaw 003,E02005837,6769,3381,3239,2525,700,1825,176,38,138,538,221,317,142,47,39,33,27,6,0,0,0,6,6,0,8,3341,1881,175,232,218,835
2021,Bassetlaw 004,E02005838,6804,3683,3551,3095,941,2154,63,10,53,393,151,242,132,85,61,58,48,10,0,0,0,3,0,3,24,3036,2015,195,301,375,150
2021,Bassetlaw 005,E02005839,5391,2883,2770,2435,713,1722,46,8,38,289,131,158,113,77,51,49,38,11,0,0,0,2,2,0,26,2431,1685,153,195,271,127
2021,Bassetlaw 006,E02005840,7737,5213,5073,4483,1151,3332,99,17,82,491,191,300,140,189,162,158,133,25,1,1,0,3,2,1,27,2335,1420,260,254,261,140
2021,Bassetlaw 008,E02005842,7273,3936,3756,3202,892,2310,96,21,75,458,201,257,180,97,73,73,56,17,0,0,0,0,0,0,24,3240,2076,215,354,362,233
2021,Bassetlaw 009,E02005843,5683,3630,3506,3114,770,2344,55,10,45,337,131,206,124,106,95,94,82,12,0,0,0,1,1,0,11,1947,1161,173,191,275,147
2021,Bassetlaw 010,E02005844,7064,4336,4151,3666,951,2715,79,17,62,406,160,246,185,116,96,95,69,26,0,0,0,1,1,0,20,2612,1616,209,276,329,182
2021,Bassetlaw 012,E02005846,5317,3136,2933,2659,759,1900,56,18,38,218,64,154,203,87,73,70,50,20,0,0,0,3,1,2,14,2094,823,198,338,494,241
2021,Bassetlaw 013,E02005847,5839,3428,3304,2878,763,2115,81,20,61,345,153,192,124,76,61,61,51,10,0,0,0,0,0,0,15,2335,1525,167,210,265,168
2021,Bassetlaw 014,E02005848,5389,2976,2894,2469,682,1787,76,21,55,349,139,210,82,93,69,65,54,11,1,0,1,3,1,2,24,2320,1588,150,185,260,137
2021,Bassetlaw 015,E02005849,7941,4417,4285,3355,937,2418,181,45,136,749,316,433,132,145,114,109,93,16,0,0,0,5,5,0,31,3379,2277,253,248,321,280
2021,Broxtowe 001,E02005850,5618,3132,3029,2592,757,1835,63,12,51,374,151,223,103,61,47,44,40,4,0,0,0,3,1,2,14,2425,1762,134,203,228,98
2021,Broxtowe 002,E02005851,4993,2702,2537,2224,624,1600,55,8,47,258,107,151,165,63,45,44,32,12,0,0,0,1,1,0,18,2228,1224,161,272,401,170
2021,Broxtowe 003,E02005852,7020,3895,3794,3254,865,2389,87,30,57,453,156,297,101,101,83,81,78,3,0,0,0,2,1,1,18,3024,2267,173,227,227,130
2021,Broxtowe 004,E02005853,7603,4431,4270,3627,1013,2614,95,19,76,548,231,317,161,115,82,77,69,8,0,0,0,5,5,0,33,3057,2063,267,242,316,169
2021,Broxtowe 007,E02005856,6103,3247,3162,2657,683,1974,120,30,90,385,183,202,85,83,66,63,56,7,0,0,0,3,1,2,17,2773,2102,276,191,100,104
2021,Broxtowe 008,E02005857,4957,2974,2843,2507,669,1838,45,13,32,291,106,185,131,60,36,33,29,4,0,0,0,3,0,3,24,1923,1176,162,239,220,126
2021,Broxtowe 009,E02005858,6848,3444,3281,2839,697,2142,77,24,53,365,170,195,163,291,209,189,159,30,2,2,0,18,18,0,82,3113,1235,1197,265,250,166
2021,Broxtowe 010,E02005859,7530,4607,4380,3833,1089,2744,81,17,64,466,208,258,227,108,82,78,60,18,0,0,0,4,3,1,26,2815,1700,286,275,337,217
2021,Broxtowe 011,E02005860,8056,4022,3819,3381,704,2677,68,16,52,370,190,180,203,462,319,286,226,60,0,0,0,33,28,5,143,3572,1465,1434,220,294,159
2021,Broxtowe 012,E02005861,4556,2881,2783,2502,577,1925,41,12,29,240,115,125,98,84,71,65,49,16,0,0,0,6,6,0,13,1591,925,239,146,163,118
2021,Broxtowe 013,E02005862,6165,3458,3284,2910,767,2143,39,11,28,335,153,182,174,115,96,88,66,22,0,0,0,8,7,1,19,2592,1645,237,291,273,146
2021,Broxtowe 014,E02005863,6225,3500,3384,2921,807,2114,71,14,57,392,206,186,116,91,70,68,55,13,0,0,0,2,2,0,21,2634,1882,224,164,230,134
2021,Broxtowe 015,E02005864,6632,4165,4059,3574,854,2720,83,19,64,402,178,224,106,120,98,97,85,12,0,0,0,1,0,1,22,2347,1717,256,174,104,96
2021,Gedling 001,E02005865,7197,3987,3889,3177,813,2364,201,60,141,511,247,264,98,106,73,65,55,10,1,1,0,7,7,0,33,3104,2336,237,226,158,147
2021,Gedling 002,E02005866,7619,4340,4213,3514,985,2529,117,24,93,582,293,289,127,87,60,58,44,14,1,1,0,1,1,0,27,3192,2338,215,234,253,152
2021,Gedling 004,E02005868,5957,3518,3391,2930,793,2137,69,21,48,392,165,227,127,92,66,59,46,13,0,0,0,7,3,4,26,2347,1554,222,191,248,132
2021,Gedling 005,E02005869,4621,2683,2529,2181,647,1534,48,11,37,300,127,173,154,88,60,59,47,12,0,0,0,1,0,1,28,1850,1001,202,218,302,127
2021,Gedling 006,E02005870,5381,3294,3116,2703,767,1936,71,20,51,342,139,203,178,77,57,56,42,14,0,0,0,1,0,1,20,2010,1044,218,254,314,180
2021,Gedling 007,E02005871,5968,3404,3272,2825,795,2030,65,21,44,382,160,222,132,64,44,42,37,5,0,0,0,2,1,1,20,2500,1809,203,201,157,130
2021,Gedling 008,E02005872,5462,3103,3025,2426,657,1769,125,24,101,474,236,238,78,87,75,71,65,6,0,0,0,4,4,0,12,2272,1772,174,131,86,109
2021,Gedling 009,E02005873,8332,4773,4639,3894,1063,2831,131,25,106,614,273,341,134,119,95,90,73,17,0,0,0,5,5,0,24,3440,2523,336,190,245,146
2021,Gedling 010,E02005874,7029,4329,4194,3512,901,2611,104,26,78,578,246,332,135,97,80,75,59,16,2,2,0,3,3,0,17,2603,1827,253,184,200,139
2021,Gedling 011,E02005875,6610,4212,4061,3494,898,2596,91,18,73,476,170,306,151,88,72,65,51,14,1,1,0,6,4,2,16,2310,1381,241,253,270,165
2021,Gedling 012,E02005876,7222,4368,4190,3532,932,2600,102,22,80,556,207,349,178,108,92,90,74,16,0,0,0,2,0,2,16,2746,1817,262,250,257,160
2021,Gedling 013,E02005877,6002,3705,3565,3070,825,2245,70,13,57,425,194,231,140,92,75,72,59,13,0,0,0,3,3,0,17,2205,1309,246,221,268,161
2021,Gedling 014,E02005878,8113,4700,4485,3790,1041,2749,95,27,68,600,253,347,215,139,98,87,61,26,0,0,0,11,7,4,41,3274,1929,337,299,466,243
2021,Gedling 015,E02005879,5931,3846,3668,3235,836,2399,59,13,46,374,156,218,178,106,83,76,58,18,0,0,0,7,6,1,23,1979,979,206,247,366,181
2021,Mansfield 001,E02005880,5095,2744,2619,2248,655,1593,50,7,43,321,122,199,125,44,32,30,23,7,0,0,0,2,2,0,12,2307,1242,185,329,402,149
2021,Mansfield 002,E02005881,5067,2875,2745,2338,698,1640,64,13,51,343,129,214,130,71,47,45,37,8,1,0,1,1,0,1,24,2121,1222,138,260,358,143
2021,Mansfield 003,E02005882,6535,3578,3509,2987,881,2106,83,19,64,439,174,265,69,115,87,84,71,13,0,0,0,3,3,0,28,2842,2048,154,210,287,143
2021,Mansfield 004,E02005883,6620,3887,3692,3245,861,2384,74,18,56,373,141,232,195,104,75,75,57,18,0,0,0,0,0,0,29,2629,1364,197,340,517,211
2021,Mansfield 005,E02005884,5160,2984,2870,2492,713,1779,51,15,36,327,119,208,114,77,65,63,49,14,2,0,2,0,0,0,12,2099,1389,135,187,232,156
2021,Mansfield 006,E02005885,7304,4081,3904,3432,913,2519,64,16,48,408,163,245,177,111,92,91,66,25,0,0,0,1,1,0,19,3112,1869,228,349,457,209
2021,Mansfield 007,E02005886,9262,5569,5375,4671,1248,3423,105,27,78,599,202,397,194,180,140,136,109,27,0,0,0,4,4,0,40,3513,2319,265,328,418,183
2021,Mansfield 008,E02005887,8357,5143,4863,4339,951,3388,87,16,71,437,158,279,280,159,130,116,72,44,0,0,0,14,8,6,29,3055,1350,256,425,649,375
2021,Mansfield 009,E02005888,6805,3977,3716,3268,863,2405,74,20,54,374,121,253,261,115,91,80,52,28,0,0,0,11,5,6,24,2713,1105,243,404,665,296
2021,Mansfield 010,E02005889,8658,4905,4684,4130,1115,3015,77,23,54,477,193,284,221,141,118,113,83,30,0,0,0,5,2,3,23,3612,2094,292,461,524,241
2021,Mansfield 011,E02005890,5544,3338,3263,2798,757,2041,74,13,61,391,154,237,75,72,58,57,44,13,0,0,0,1,1,0,14,2134,1544,129,173,198,90
2021,Mansfield 012,E02005891,5049,2639,2437,2146,640,1506,37,8,29,254,88,166,202,53,39,39,33,6,0,0,0,0,0,0,14,2357,950,182,345,622,258
2021,Mansfield 013,E02005892,10719,6722,6564,5642,1332,4310,185,34,151,737,303,434,158,200,154,145,123,22,1,0,1,8,5,3,46,3797,2778,295,308,229,187
2021,Newark and Sherwood 001,E02005893,9222,5337,5117,4562,1160,3402,82,19,63,473,193,280,220,145,111,109,88,21,1,0,1,1,0,1,34,3740,2164,252,447,588,289
2021,Newark and Sherwood 002,E02005894,9449,5659,5464,4723,1181,3542,111,19,92,630,239,391,195,150,123,115,99,16,0,0,0,8,2,6,27,3640,2290,277,378,457,238
2021,Newark and Sherwood 003,E02005895,6906,3740,3657,2772,753,2019,183,31,152,702,290,412,83,81,62,59,47,12,1,1,0,2,2,0,19,3085,2340,219,266,146,114
2021,Newark and Sherwood 004,E02005896,6507,3400,3292,2606,672,1934,132,30,102,554,245,309,108,88,64,58,44,14,1,0,1,5,3,2,24,3019,2279,205,211,192,132
2021,Newark and Sherwood 005,E02005897,7712,4374,4255,3431,992,2439,153,34,119,671,308,363,119,106,84,80,67,13,1,0,1,3,3,0,22,3232,2292,274,280,242,144
2021,Newark and Sherwood 006,E02005898,9298,5456,5277,4573,1191,3382,85,12,73,619,236,383,179,123,94,87,72,15,1,1,0,6,6,0,29,3719,2096,323,413,648,239
2021,Newark and Sherwood 007,E02005899,9670,6095,5808,5125,1133,3992,118,29,89,565,229,336,287,131,105,102,72,30,0,0,0,3,0,3,26,3444,1795,351,436,528,334
2021,Newark and Sherwood 008,E02005900,6491,2991,2887,2252,691,1561,135,27,108,500,245,255,104,192,139,134,120,14,0,0,0,5,5,0,53,3308,2193,677,210,136,92
2021,Newark and Sherwood 009,E02005901,7835,4840,4631,4045,1013,3032,77,12,65,509,210,299,209,121,102,100,85,15,0,0,0,2,1,1,19,2874,1751,279,323,313,208
2021,Newark and Sherwood 010,E02005902,6630,3494,3335,2890,796,2094,70,21,49,375,162,213,159,80,69,69,48,21,0,0,0,0,0,0,11,3056,1717,223,399,450,267
2021,Newark and Sherwood 011,E02005903,8631,5008,4857,4187,1056,3131,93,17,76,577,223,354,151,130,101,95,84,11,0,0,0,6,5,1,29,3493,2454,226,342,306,165
2021,Newark and Sherwood 012,E02005904,7736,4618,4501,3699,905,2794,156,37,119,646,282,364,117,131,104,98,74,24,0,0,0,6,6,0,27,2987,2070,284,292,176,165
2021,Newark and Sherwood 013,E02005905,5881,3000,2817,2158,691,1467,175,35,140,484,211,273,183,72,59,56,49,7,0,0,0,3,2,1,13,2809,1723,194,155,123,614
2021,Rushcliffe 001,E02005906,6251,3218,3122,2401,684,1717,136,32,104,585,260,325,96,93,70,65,55,10,0,0,0,5,2,3,23,2940,1786,225,187,126,616
2021,Rushcliffe 002,E02005907,8067,4868,4720,4020,1022,2998,99,24,75,601,265,336,148,131,100,94,84,10,1,1,0,5,1,4,31,3068,2160,338,253,175,142
2021,Rushcliffe 003,E02005908,7716,4278,4152,3424,839,2585,109,23,86,619,297,322,126,118,85,80,70,10,1,1,0,4,2,2,33,3320,2584,283,203,135,115
2021,Rushcliffe 004,E02005909,6598,4255,4145,3515,824,2691,92,14,78,538,251,287,110,206,159,153,132,21,1,1,0,5,5,0,47,2137,1244,505,142,133,113
2021,Rushcliffe 005,E02005910,7468,4475,4294,3683,713,2970,102,21,81,509,241,268,181,390,302,287,239,48,0,0,0,15,14,1,88,2603,1096,949,166,230,162
2021,Rushcliffe 006,E02005911,6873,4351,4213,3526,880,2646,146,29,117,541,278,263,138,121,104,96,84,12,0,0,0,8,7,1,17,2401,1555,391,201,134,120
2021,Rushcliffe 007,E02005912,7649,4520,4368,3700,838,2862,146,33,113,522,241,281,152,101,80,76,65,11,0,0,0,4,2,2,21,3028,2037,413,245,168,165
2021,Rushcliffe 008,E02005913,6799,4063,3926,3259,791,2468,159,32,127,508,239,269,137,146,110,104,82,22,1,1,0,5,4,1,36,2590,1661,354,253,207,115
2021,Rushcliffe 009,E02005914,6591,4202,4055,3467,871,2596,81,13,68,507,229,278,147,102,90,90,75,15,0,0,0,0,0,0,12,2287,1476,214,249,218,130
2021,Rushcliffe 010,E02005915,4845,2748,2673,2089,583,1506,147,30,117,437,204,233,75,53,38,38,32,6,0,0,0,0,0,0,15,2044,1545,179,122,101,97
2021,Rushcliffe 011,E02005916,6190,3874,3772,3220,811,2409,81,8,73,471,203,268,102,78,66,65,48,17,0,0,0,1,1,0,12,2238,1574,206,169,167,122
2021,Rushcliffe 012,E02005917,5035,2558,2511,1989,551,1438,111,20,91,411,204,207,47,78,61,58,51,7,0,0,0,3,3,0,17,2399,1914,171,175,61,78
2021,Rushcliffe 013,E02005918,4296,2274,2200,1797,476,1321,56,18,38,347,150,197,74,60,44,40,33,7,0,0,0,4,4,0,16,1962,1452,197,127,124,62
2021,Rushcliffe 014,E02005919,6105,3272,3174,2644,650,1994,83,22,61,447,223,224,98,160,121,113,91,22,0,0,0,8,7,1,39,2673,1324,948,196,120,85
2021,Rushcliffe 015,E02005920,7234,4241,4160,3450,834,2616,134,33,101,576,273,303,81,83,63,61,50,11,0,0,0,2,2,0,20,2910,2136,286,227,147,114
2021,Cherwell 001,E02005921,5746,3719,3634,2861,669,2192,131,19,112,642,302,340,85,62,50,48,41,7,0,0,0,2,0,2,12,1965,1340,155,230,146,94
2021,Cherwell 002,E02005922,7053,5035,4875,4271,948,3323,77,12,65,527,197,330,160,121,89,83,64,19,0,0,0,6,4,2,32,1897,1027,217,263,223,167
2021,Cherwell 003,E02005923,4724,3082,2932,2578,649,1929,42,14,28,312,133,179,150,100,82,80,61,19,0,0,0,2,1,1,18,1542,747,161,241,223,170
2021,Cherwell 004,E02005924,10388,7478,7140,6335,1177,5158,84,25,59,721,267,454,338,198,172,163,105,58,2,1,1,7,7,0,26,2712,1288,260,434,373,357
2021,Cherwell 005,E02005925,6738,4149,3927,3411,927,2484,50,14,36,466,178,288,222,139,105,96,80,16,2,1,1,7,1,6,34,2450,1107,280,456,358,249
2021,Cherwell 006,E02005926,7612,4380,4244,3578,860,2718,106,23,83,560,253,307,136,129,102,93,69,24,1,1,0,8,6,2,27,3103,2123,306,239,245,190
2021,Cherwell 007,E02005927,4679,3104,3001,2640,551,2089,45,10,35,316,149,167,103,100,78,73,45,28,2,1,1,3,2,1,22,1475,1023,144,119,109,80
2021,Cherwell 008,E02005928,8732,5553,5424,4503,1131,3372,175,39,136,746,356,390,129,127,98,96,78,18,1,1,0,1,0,1,29,3052,2056,361,324,150,161
2021,Cherwell 009,E02005929,6053,3570,3480,2564,674,1890,149,36,113,767,352,415,90,65,48,41,39,2,1,1,0,6,6,0,17,2418,1651,258,273,112,124
2021,Cherwell 010,E02005930,7593,5003,4861,3864,897,2967,176,34,142,821,395,426,142,82,56,51,42,9,1,0,1,4,3,1,26,2508,1672,260,279,145,152
2021,Cherwell 011,E02005931,8960,6314,6159,5128,1089,4039,171,39,132,860,390,470,155,139,113,109,84,25,0,0,0,4,4,0,26,2507,1456,294,379,170,208
2021,Cherwell 012,E02005932,5417,4038,3916,3436,715,2721,61,6,55,419,170,249,122,122,111,108,85,23,1,0,1,2,0,2,11,1257,683,171,185,81,137
2021,Cherwell 013,E02005933,6328,4332,4186,3705,856,2849,59,11,48,422,162,260,146,105,87,81,61,20,1,0,1,5,4,1,18,1891,1169,180,227,161,154
2021,Cherwell 014,E02005934,7273,4622,4465,3865,951,2914,69,18,51,531,207,324,157,98,79,76,63,13,0,0,0,3,1,2,19,2553,1652,229,286,193,193
2021,Cherwell 015,E02005935,7010,5093,4924,4394,866,3528,74,17,57,456,200,256,169,119,111,102,75,27,2,2,0,7,4,3,8,1798,1053,219,191,145,190
2021,Cherwell 016,E02005936,10357,6785,6579,5376,1188,4188,210,37,173,993,473,520,206,146,113,106,82,24,0,0,0,7,3,4,33,3426,1820,323,450,259,574
2021,Cherwell 017,E02005937,5612,3258,3147,2665,688,1977,61,14,47,421,187,234,111,86,76,72,54,18,1,1,0,3,1,2,10,2268,1636,166,186,156,124
2021,Cherwell 018,E02005938,4672,3013,2910,2462,618,1844,49,15,34,399,168,231,103,81,63,59,49,10,1,1,0,3,3,0,18,1578,1033,159,168,96,122
2021,Cherwell 019,E02005939,5630,3558,3444,2919,724,2195,62,12,50,463,205,258,114,89,85,80,66,14,1,1,0,4,3,1,4,1983,1397,195,167,104,120
2021,Oxford 001,E02005940,4991,2954,2853,2248,555,1693,92,28,64,513,290,223,101,77,61,51,38,13,2,1,1,8,8,0,16,1960,1128,341,229,128,134
2021,Oxford 002,E02005941,5498,3084,2964,2375,481,1894,81,19,62,508,287,221,120,140,118,100,67,33,1,1,0,17,14,3,22,2274,1066,732,248,87,141
2021,Oxford 003,E02005942,5273,2533,2472,1920,378,1542,100,23,77,452,273,179,61,232,180,134,97,37,2,0,2,44,39,5,52,2508,997,1173,195,52,91
2021,Oxford 004,E02005943,5952,3578,3427,2921,647,2274,67,15,52,439,236,203,151,199,152,127,87,40,0,0,0,25,23,2,47,2175,1023,735,219,71,127
2021,Oxford 005,E02005944,6564,4209,4005,3590,851,2739,60,11,49,355,162,193,204,150,124,116,83,33,3,2,1,5,5,0,26,2205,806,425,439,270,265
2021,Oxford 006,E02005945,9576,4923,4765,4147,748,3399,102,22,80,516,275,241,158,534,388,352,260,92,3,2,1,33,27,6,146,4119,1373,2173,246,159,168
2021,Oxford 007,E02005946,6909,4546,4420,3864,791,3073,79,14,65,477,235,242,126,203,163,144,97,47,1,1,0,18,17,1,40,2160,1161,458,233,139,169
2021,Oxford 008,E02005947,17678,2770,2677,2274,392,1882,50,9,41,353,177,176,93,1730,1433,1017,766,251,17,16,1,399,368,31,297,13178,603,12166,163,113,133
2021,Oxford 009,E02005948,5776,3035,2924,2474,430,2044,66,17,49,384,212,172,111,334,289,230,158,72,2,2,0,57,50,7,45,2407,636,1338,176,142,115
2021,Oxford 010,E02005949,6435,3153,2981,2697,560,2137,41,10,31,243,108,135,172,448,339,323,270,53,2,2,0,14,14,0,109,2834,577,1564,270,230,193
2021,Oxford 011,E02005950,10248,4181,4021,3468,635,2833,52,13,39,501,263,238,160,956,773,638,487,151,6,6,0,129,121,8,183,5111,791,3605,261,199,255
2021,Oxford 012,E02005951,4721,2930,2807,2350,501,1849,41,8,33,416,221,195,123,194,174,154,98,56,1,0,1,19,16,3,20,1597,667,529,143,135,123
2021,Oxford 014,E02005953,5183,3095,3014,2567,540,2027,48,13,35,399,217,182,81,259,222,193,136,57,1,1,0,28,24,4,37,1829,506,872,160,128,163
2021,Oxford 015,E02005954,8647,5532,5302,4486,1102,3384,113,28,85,703,364,339,230,237,197,191,130,61,1,0,1,5,4,1,40,2878,1373,520,424,231,330
2021,Oxford 016,E02005955,8806,5619,5321,4597,1203,3394,89,39,50,635,278,357,298,207,180,160,115,45,3,3,0,17,16,1,27,2980,1142,453,567,403,415
2021,Oxford 017,E02005956,5152,3202,3026,2709,792,1917,43,8,35,274,107,167,176,116,95,93,66,27,0,0,0,2,1,1,21,1834,739,248,290,282,275
2021,Oxford 018,E02005957,5297,3418,3233,2914,755,2159,36,13,23,283,98,185,185,141,90,84,63,21,0,0,0,6,5,1,51,1738,556,303,323,325,231
2021,South Oxfordshire 001,E02005958,4465,2928,2832,2351,612,1739,61,12,49,420,179,241,96,51,33,33,28,5,0,0,0,0,0,0,18,1486,1036,159,138,71,82
2021,South Oxfordshire 002,E02005959,4955,3020,2927,2236,548,1688,125,19,106,566,277,289,93,69,52,47,36,11,0,0,0,5,5,0,17,1866,1210,305,164,89,98
2021,South Oxfordshire 003,E02005960,6235,3817,3708,3026,723,2303,113,25,88,569,276,293,109,92,77,75,65,10,0,0,0,2,2,0,15,2326,1628,210,259,122,107
2021,South Oxfordshire 004,E02005961,5660,3478,3389,2655,660,1995,113,28,85,621,292,329,89,72,54,46,36,10,1,0,1,7,6,1,18,2110,1488,206,201,86,129
2021,South Oxfordshire 005,E02005962,8242,5325,5159,4034,963,3071,157,30,127,968,441,527,166,94,83,78,67,11,0,0,0,5,5,0,11,2823,1977,256,299,132,159
2021,South Oxfordshire 006,E02005963,6694,4084,3970,3203,786,2417,111,25,86,656,328,328,114,90,79,73,59,14,0,0,0,6,6,0,11,2520,1642,234,236,231,177
2021,South Oxfordshire 007,E02005964,6111,3701,3605,2815,690,2125,131,22,109,659,310,349,96,96,82,74,64,10,0,0,0,8,5,3,14,2314,1669,187,213,115,130
2021,South Oxfordshire 008,E02005965,4544,2843,2757,1975,498,1477,124,22,102,658,326,332,86,57,44,43,33,10,0,0,0,1,0,1,13,1644,1144,151,199,65,85
2021,South Oxfordshire 009,E02005966,6503,5102,4976,4440,831,3609,57,11,46,479,209,270,126,100,82,82,66,16,0,0,0,0,0,0,18,1301,661,202,211,95,132
2021,South Oxfordshire 010,E02005967,7464,5442,5269,4655,911,3744,82,12,70,532,226,306,173,100,92,89,65,24,1,0,1,2,1,1,8,1922,1119,207,273,169,154
2021,South Oxfordshire 011,E02005968,6479,4232,4086,3358,715,2643,134,17,117,594,290,304,146,96,81,75,67,8,3,0,3,3,3,0,15,2151,1226,206,223,105,391
2021,South Oxfordshire 012,E02005969,7914,4935,4799,3917,1015,2902,138,32,106,744,384,360,136,115,88,86,72,14,0,0,0,2,1,1,27,2864,1936,272,269,236,151
2021,South Oxfordshire 013,E02005970,4591,3220,3086,2727,548,2179,40,9,31,319,133,186,134,74,63,58,51,7,0,0,0,5,2,3,11,1297,654,151,173,198,121
2021,South Oxfordshire 014,E02005971,5178,3362,3279,2829,656,2173,60,10,50,390,143,247,83,95,76,74,57,17,0,0,0,2,2,0,19,1721,1116,152,167,169,117
2021,South Oxfordshire 015,E02005972,9344,6266,6095,5011,1066,3945,154,32,122,930,440,490,171,131,111,99,74,25,1,0,1,11,8,3,20,2947,1947,303,403,129,165
2021,South Oxfordshire 016,E02005973,4986,2909,2781,2142,539,1603,88,14,74,551,301,250,128,45,38,35,29,6,0,0,0,3,2,1,7,2032,1421,183,193,114,121
2021,South Oxfordshire 017,E02005974,5212,3166,3051,2292,542,1750,94,15,79,665,324,341,115,70,45,42,36,6,0,0,0,3,2,1,25,1976,1339,212,217,90,118
2021,South Oxfordshire 018,E02005975,6705,3850,3737,2836,710,2126,143,36,107,758,383,375,113,99,78,72,58,14,0,0,0,6,4,2,21,2756,1935,323,303,80,115
2021,South Oxfordshire 019,E02005976,5201,2922,2851,2000,534,1466,159,32,127,692,363,329,71,59,45,42,35,7,0,0,0,3,3,0,14,2220,1398,348,308,56,110
2021,South Oxfordshire 020,E02005977,5009,2873,2779,2137,567,1570,98,19,79,544,269,275,94,50,35,28,25,3,0,0,0,7,6,1,15,2086,1495,181,216,103,91
2021,Vale of White Horse 001,E02005978,6355,3805,3673,2992,723,2269,143,29,114,538,270,268,132,106,90,85,65,20,0,0,0,5,4,1,16,2444,1706,253,260,100,125
2021,Vale of White Horse 002,E02005979,8556,5305,5152,4291,991,3300,138,32,106,723,379,344,153,200,162,154,121,33,0,0,0,8,8,0,38,3051,1836,634,289,120,172
2021,Vale of White Horse 003,E02005980,9299,5478,5320,4482,1004,3478,152,24,128,686,321,365,158,152,121,111,82,29,0,0,0,10,10,0,31,3669,2218,629,336,170,316
2021,Vale of White Horse 004,E02005981,7056,4713,4605,4001,926,3075,89,24,65,515,207,308,108,86,72,69,63,6,0,0,0,3,3,0,14,2257,1715,216,171,74,81
2021,Vale of White Horse 005,E02005982,4683,2985,2909,2536,650,1886,51,7,44,322,152,170,76,56,48,47,37,10,1,1,0,0,0,0,8,1642,1123,148,171,88,112
2021,Vale of White Horse 006,E02005983,9124,5965,5753,5054,1044,4010,73,14,59,626,286,340,212,153,128,121,84,37,0,0,0,7,7,0,25,3006,1837,385,271,297,216
2021,Vale of White Horse 007,E02005984,7396,4750,4627,3685,832,2853,155,26,129,787,376,411,123,112,85,80,67,13,0,0,0,5,5,0,27,2534,1710,289,291,113,131
2021,Vale of White Horse 008,E02005985,6436,3882,3720,3251,776,2475,60,9,51,409,171,238,162,86,68,62,44,18,0,0,0,6,6,0,18,2468,1592,190,281,231,174
2021,Vale of White Horse 009,E02005986,7845,4949,4800,3968,921,3047,113,17,96,719,300,419,149,122,101,99,77,22,0,0,0,2,1,1,21,2774,1847,222,287,248,170
2021,Vale of White Horse 010,E02005987,8127,5353,5196,4310,999,3311,145,40,105,741,324,417,157,132,112,109,80,29,0,0,0,3,3,0,20,2642,1696,280,308,200,158
2021,Vale of White Horse 011,E02005988,7239,4808,4674,4056,899,3157,78,17,61,540,193,347,134,110,85,79,58,21,0,0,0,6,5,1,25,2321,1546,199,295,138,143
2021,Vale of White Horse 014,E02005991,8343,5279,5107,4361,991,3370,85,17,68,661,308,353,172,108,92,91,80,11,0,0,0,1,1,0,16,2956,2047,262,259,206,182
2021,Vale of White Horse 015,E02005992,10911,7200,7009,5862,1204,4658,170,33,137,977,439,538,191,144,115,111,85,26,0,0,0,4,4,0,29,3567,2293,359,476,227,212
2021,West Oxfordshire 001,E02005993,5985,3623,3512,2749,713,2036,97,17,80,666,328,338,111,64,58,55,46,9,1,0,1,2,1,1,6,2298,1625,194,213,148,118
2021,West Oxfordshire 002,E02005994,5148,3176,3094,2329,646,1683,131,20,111,634,306,328,82,54,40,39,34,5,0,0,0,1,1,0,14,1918,1292,219,210,108,89
2021,West Oxfordshire 003,E02005995,5369,3101,3023,2134,545,1589,136,19,117,753,390,363,78,64,51,51,48,3,0,0,0,0,0,0,13,2204,1612,175,218,99,100
2021,West Oxfordshire 004,E02005996,7328,4611,4480,3503,898,2605,134,25,109,843,432,411,131,76,54,50,40,10,1,1,0,3,3,0,22,2641,1856,290,239,91,165
2021,West Oxfordshire 005,E02005997,5006,2910,2803,2085,575,1510,98,20,78,620,279,341,107,51,36,32,29,3,1,0,1,3,3,0,15,2045,1452,159,207,119,108
2021,West Oxfordshire 006,E02005998,5730,3509,3425,2764,677,2087,86,17,69,575,271,304,84,73,59,59,51,8,0,0,0,0,0,0,14,2148,1574,188,207,91,88
2021,West Oxfordshire 007,E02005999,5498,3376,3300,2543,670,1873,145,33,112,612,293,319,76,88,77,75,59,16,0,0,0,2,2,0,11,2034,1464,165,212,85,108
2021,West Oxfordshire 008,E02006000,9576,6190,6024,5084,1279,3805,152,41,111,788,369,419,166,173,151,143,124,19,1,0,1,7,6,1,22,3213,2203,339,287,183,201
2021,West Oxfordshire 009,E02006001,5598,3853,3752,3238,694,2544,65,17,48,449,185,264,101,89,78,75,62,13,0,0,0,3,3,0,11,1656,1022,166,219,125,124
2021,West Oxfordshire 010,E02006002,9058,5552,5375,4573,1041,3532,123,28,95,679,295,384,177,129,108,102,85,17,0,0,0,6,4,2,21,3377,2240,254,313,306,264
2021,West Oxfordshire 011,E02006003,4888,2996,2896,2398,616,1782,79,15,64,419,221,198,100,69,50,47,40,7,0,0,0,3,3,0,19,1823,1253,153,202,112,103
2021,West Oxfordshire 012,E02006004,6376,4233,4140,3338,653,2685,158,32,126,644,312,332,93,77,59,56,45,11,0,0,0,3,2,1,18,2066,1343,169,228,145,181
2021,West Oxfordshire 013,E02006005,7614,5734,5589,4926,959,3967,83,17,66,580,244,336,145,152,126,122,95,27,0,0,0,4,3,1,26,1728,909,215,328,136,140
2021,West Oxfordshire 014,E02006006,4631,3010,2913,2515,569,1946,52,7,45,346,144,202,97,56,47,45,37,8,0,0,0,2,2,0,9,1565,1038,118,156,156,97
2021,West Oxfordshire 015,E02006007,6013,3661,3561,2805,717,2088,99,15,84,657,325,332,100,65,49,48,40,8,0,0,0,1,0,1,16,2287,1626,186,254,130,91
2021,Shropshire 025,E02006008,8568,5491,5278,4493,982,3511,144,20,124,641,277,364,213,98,73,67,58,9,0,0,0,6,5,1,25,2979,2000,289,276,246,168
2021,Shropshire 027,E02006009,6961,4112,3987,3493,685,2808,100,19,81,394,201,193,125,252,225,221,59,162,3,3,0,1,1,0,27,2597,1667,375,197,192,166
2021,Shropshire 029,E02006010,9948,5520,5323,4063,1159,2904,199,44,155,1061,422,639,197,110,79,73,60,13,0,0,0,6,2,4,31,4318,3078,327,338,357,218
2021,Shropshire 031,E02006011,4829,2514,2401,1974,573,1401,77,13,64,350,148,202,113,57,45,40,33,7,0,0,0,5,1,4,12,2258,1697,159,164,144,94
2021,Shropshire 033,E02006012,5385,2900,2777,2242,685,1557,85,17,68,450,198,252,123,57,42,40,30,10,1,0,1,1,0,1,15,2428,1812,142,171,177,126
2021,Shropshire 034,E02006013,6790,3797,3655,2672,781,1891,210,34,176,773,301,472,142,87,64,57,51,6,1,0,1,6,3,3,23,2906,2047,228,288,163,180
2021,Shropshire 035,E02006014,8484,4584,4431,3148,888,2260,198,36,162,1085,438,647,153,97,81,74,62,12,0,0,0,7,4,3,16,3803,2691,236,423,284,169
2021,Shropshire 001,E02006015,8472,4871,4668,3846,1117,2729,146,26,120,676,283,393,203,132,108,105,85,20,0,0,0,3,1,2,24,3469,2339,232,352,316,230
2021,Shropshire 002,E02006016,6963,3909,3784,2752,750,2002,207,48,159,825,335,490,125,92,79,71,58,13,1,0,1,7,7,0,13,2962,2111,222,262,209,158
2021,Shropshire 004,E02006017,6804,3706,3572,2810,756,2054,129,25,104,633,260,373,134,80,52,50,39,11,0,0,0,2,2,0,28,3018,2199,268,217,203,131
2021,Shropshire 005,E02006018,10284,5831,5601,4735,1288,3447,145,39,106,721,282,439,230,113,89,83,67,16,0,0,0,6,5,1,24,4340,2914,288,451,443,244
2021,Shropshire 008,E02006019,5347,2856,2734,2232,630,1602,77,17,60,425,171,254,122,95,89,88,72,16,0,0,0,1,0,1,6,2396,1615,233,172,268,108
2021,Shropshire 009,E02006020,6583,3705,3587,2777,686,2091,157,28,129,653,265,388,118,67,50,50,38,12,0,0,0,0,0,0,17,2811,1467,197,236,201,710
2021,Shropshire 010,E02006021,7303,4403,4270,3162,895,2267,207,44,163,901,368,533,133,108,91,85,72,13,0,0,0,6,6,0,17,2792,1963,250,249,193,137
2021,Shropshire 013,E02006022,5049,3072,2976,2359,601,1758,121,22,99,496,199,297,96,84,74,69,58,11,1,0,1,4,2,2,10,1893,1309,150,188,148,98
2021,Shropshire 003,E02006023,8306,4625,4476,3676,1100,2576,135,28,107,665,261,404,149,137,111,104,86,18,0,0,0,7,7,0,26,3544,2274,426,308,306,230
2021,Shropshire 006,E02006024,8106,4876,4672,4088,1133,2955,73,23,50,511,183,328,204,122,99,94,78,16,1,0,1,4,4,0,23,3108,1966,279,322,352,189
2021,Shropshire 007,E02006025,8172,4706,4477,3775,1015,2760,163,33,130,539,229,310,229,125,108,103,93,10,1,0,1,4,2,2,17,3341,2190,407,235,298,211
2021,Shropshire 011,E02006026,6154,3472,3384,2619,734,1885,133,16,117,632,225,407,88,91,73,69,60,9,0,0,0,4,2,2,18,2591,1832,220,246,173,120
2021,Shropshire 012,E02006027,4655,2625,2543,1856,591,1265,148,27,121,539,226,313,82,68,54,48,35,13,1,1,0,5,5,0,14,1962,1483,136,158,89,96
2021,Shropshire 014,E02006028,8275,4830,4718,3605,1096,2509,257,44,213,856,318,538,112,104,83,78,67,11,0,0,0,5,4,1,21,3341,2374,317,257,240,153
2021,Shropshire 015,E02006029,6410,3825,3632,3198,998,2200,44,14,30,390,138,252,193,83,68,67,55,12,0,0,0,1,1,0,15,2502,1297,267,353,373,212
2021,Shropshire 016,E02006030,7386,4655,4296,3784,1124,2660,69,18,51,443,142,301,359,118,107,104,85,19,0,0,0,3,1,2,11,2613,1267,225,311,522,288
2021,Shropshire 017,E02006031,6776,4274,4122,3476,1001,2475,84,18,66,562,232,330,152,99,88,82,60,22,0,0,0,6,4,2,11,2403,1336,277,220,367,203
2021,Shropshire 018,E02006032,6966,4117,3920,3338,1092,2246,69,14,55,513,182,331,197,129,111,105,87,18,2,0,2,4,2,2,18,2720,1608,270,293,361,188
2021,Shropshire 019,E02006033,7466,4415,4245,3438,880,2558,139,33,106,668,314,354,170,124,93,87,78,9,0,0,0,6,3,3,31,2927,2081,257,191,205,193
2021,Shropshire 020,E02006034,8688,5285,5125,4365,1180,3185,134,22,112,626,291,335,160,184,139,133,123,10,1,1,0,5,5,0,45,3219,2169,364,260,265,161
2021,Shropshire 021,E02006035,5026,2543,2396,2032,616,1416,64,18,46,300,126,174,147,49,37,37,35,2,0,0,0,0,0,0,12,2434,1895,138,145,167,89
2021,Shropshire 022,E02006036,5655,3402,3264,2681,737,1944,93,16,77,490,220,270,138,87,74,71,64,7,0,0,0,3,3,0,13,2166,1534,165,154,202,111
2021,Shropshire 023,E02006037,8137,4565,4383,3587,1101,2486,137,21,116,659,269,390,182,143,106,106,94,12,0,0,0,0,0,0,37,3429,2189,596,265,250,129
2021,Shropshire 024,E02006038,6959,4066,3928,3186,938,2248,131,27,104,611,254,357,138,114,100,93,85,8,0,0,0,7,6,1,14,2779,2019,218,226,196,120
2021,Shropshire 026,E02006039,6871,3784,3671,2744,791,1953,174,38,136,753,313,440,113,105,82,81,68,13,0,0,0,1,0,1,23,2982,2236,198,215,226,107
2021,Shropshire 028,E02006040,6603,3831,3752,2604,764,1840,205,40,165,943,364,579,79,91,77,75,63,12,0,0,0,2,2,0,14,2681,1832,327,231,175,116
2021,Shropshire 030,E02006041,4887,2710,2630,1716,582,1134,148,28,120,766,313,453,80,52,38,35,32,3,0,0,0,3,3,0,14,2125,1494,151,199,179,102
2021,Shropshire 032,E02006042,5125,2277,2202,1566,505,1061,103,27,76,533,265,268,75,56,40,39,33,6,0,0,0,1,1,0,16,2792,2290,135,140,138,89
2021,Shropshire 036,E02006043,5708,3245,3140,2221,701,1520,151,38,113,768,292,476,105,55,41,41,35,6,0,0,0,0,0,0,14,2408,1717,136,254,172,129
2021,Shropshire 037,E02006044,5361,2791,2738,1674,552,1122,149,29,120,915,395,520,53,57,45,42,35,7,0,0,0,3,3,0,12,2513,1910,163,187,133,120
2021,Shropshire 038,E02006045,9187,4632,4439,3550,1240,2310,141,23,118,748,344,404,193,113,90,89,69,20,0,0,0,1,1,0,23,4442,3180,215,375,424,248
2021,Shropshire 039,E02006046,7585,4174,4059,3023,946,2077,133,24,109,903,388,515,115,65,50,46,40,6,0,0,0,4,1,3,15,3346,2474,207,287,215,163
2021,Mendip 001,E02006047,7322,4287,4158,2908,901,2007,215,39,176,1035,518,517,129,105,83,76,64,12,0,0,0,7,5,2,22,2930,2034,255,300,194,147
2021,Mendip 002,E02006048,5886,3471,3360,2634,829,1805,117,17,100,609,286,323,111,74,65,61,53,8,0,0,0,4,0,4,9,2341,1560,278,232,167,104
2021,Mendip 003,E02006049,6069,3515,3432,2831,855,1976,61,9,52,540,252,288,83,92,77,74,62,12,0,0,0,3,1,2,15,2462,1924,168,171,105,94
2021,Mendip 004,E02006050,7046,4362,4186,3194,983,2211,91,26,65,901,471,430,176,80,61,58,50,8,0,0,0,3,3,0,19,2604,1448,260,312,361,223
2021,Mendip 005,E02006051,7100,3870,3737,2725,856,1869,143,34,109,869,416,453,133,111,95,88,77,11,0,0,0,7,6,1,16,3119,2184,373,249,171,142
2021,Mendip 006,E02006052,6558,3879,3749,2771,797,1974,164,37,127,814,383,431,130,88,79,75,64,11,0,0,0,4,2,2,9,2591,1834,200,234,155,168
2021,Mendip 007,E02006053,8744,5591,5405,4295,1268,3027,123,19,104,987,491,496,186,129,110,101,88,13,0,0,0,9,8,1,19,3024,1776,285,374,364,225
2021,Mendip 008,E02006054,7157,3720,3572,2831,886,1945,101,25,76,640,333,307,148,106,86,83,69,14,0,0,0,3,2,1,20,3331,2424,210,234,306,157
2021,Mendip 009,E02006055,7387,4929,4734,4021,1135,2886,76,16,60,637,284,353,195,120,103,97,82,15,1,0,1,5,5,0,17,2338,1477,216,265,242,138
2021,Mendip 010,E02006056,6488,3898,3782,2682,822,1860,158,41,117,942,439,503,116,72,55,53,46,7,0,0,0,2,1,1,17,2518,1729,185,268,170,166
2021,Mendip 011,E02006057,6525,3683,3498,2514,877,1637,80,22,58,904,486,418,185,75,60,56,50,6,0,0,0,4,4,0,15,2767,1814,177,255,323,198
2021,Mendip 012,E02006058,7102,3933,3801,2967,962,2005,110,18,92,724,334,390,132,138,105,95,81,14,2,2,0,8,7,1,33,3031,1819,678,221,176,137
2021,Mendip 013,E02006059,5909,3365,3292,2238,691,1547,201,41,160,853,410,443,73,79,61,53,44,9,0,0,0,8,7,1,18,2465,1749,195,279,122,120
2021,Mendip 014,E02006060,6757,3948,3800,3170,982,2188,76,14,62,554,220,334,148,139,122,118,97,21,0,0,0,4,4,0,17,2670,1700,223,232,327,188
2021,Sedgemoor 001,E02006061,7811,4380,4256,3323,1006,2317,140,33,107,793,380,413,124,138,120,118,101,17,0,0,0,2,2,0,18,3293,2379,262,226,282,144
2021,Sedgemoor 002,E02006062,9532,4961,4789,3822,1173,2649,184,38,146,783,328,455,172,125,101,94,82,12,0,0,0,7,3,4,24,4446,3329,229,335,364,189
2021,Sedgemoor 003,E02006063,5854,3231,3174,2242,694,1548,175,48,127,757,344,413,57,129,101,97,87,10,0,0,0,4,4,0,28,2494,1892,207,219,85,91
2021,Sedgemoor 004,E02006064,6860,3218,3076,2551,786,1765,68,17,51,457,202,255,142,78,64,60,43,17,1,1,0,3,1,2,14,3564,2637,170,203,336,218
2021,Sedgemoor 005,E02006065,7244,3920,3707,3100,979,2121,72,12,60,535,230,305,213,94,70,65,59,6,0,0,0,5,4,1,24,3230,1938,221,369,475,227
2021,Sedgemoor 006,E02006066,7168,3917,3804,3051,846,2205,113,25,88,640,245,395,113,109,82,77,68,9,0,0,0,5,4,1,27,3142,2288,169,281,237,167
2021,Sedgemoor 007,E02006067,6001,3232,3146,2364,688,1676,132,37,95,650,282,368,86,136,106,105,78,27,1,1,0,0,0,0,30,2633,1984,196,196,150,107
2021,Sedgemoor 008,E02006068,6164,3633,3435,3034,836,2198,45,10,35,356,118,238,198,128,92,89,69,20,1,1,0,2,1,1,36,2403,1105,239,415,422,222
2021,Sedgemoor 009,E02006069,8678,5634,5337,4751,1104,3647,84,24,60,502,173,329,297,157,125,123,93,30,1,1,0,1,1,0,32,2887,1391,207,405,500,384
2021,Sedgemoor 010,E02006070,7140,4741,4643,4072,1004,3068,79,17,62,492,175,317,98,122,94,90,71,19,2,2,0,2,1,1,28,2277,1487,149,274,188,179
2021,Sedgemoor 011,E02006071,7844,4859,4764,4006,1011,2995,123,24,99,635,268,367,95,187,160,155,128,27,0,0,0,5,5,0,27,2798,2038,214,225,193,128
2021,Sedgemoor 012,E02006072,8072,4450,4334,3287,975,2312,160,33,127,887,420,467,116,109,84,83,78,5,0,0,0,1,1,0,25,3513,2656,227,284,214,132
2021,Sedgemoor 013,E02006073,6151,3677,3427,2999,788,2211,39,9,30,389,139,250,250,118,92,89,69,20,0,0,0,3,0,3,26,2356,1107,208,382,455,204
2021,Sedgemoor 014,E02006074,9260,6010,5818,4907,1261,3646,146,22,124,765,307,458,192,186,149,146,123,23,0,0,0,3,2,1,37,3064,1990,219,402,276,177
2021,South Somerset 001,E02006075,4297,2497,2414,1653,505,1148,111,21,90,650,333,317,83,62,38,35,31,4,0,0,0,3,3,0,24,1738,1136,267,169,81,85
2021,South Somerset 002,E02006076,7817,4232,4098,2983,906,2077,162,34,128,953,458,495,134,111,93,87,82,5,1,1,0,5,4,1,18,3474,2584,226,279,213,172
2021,South Somerset 003,E02006077,5212,2706,2633,2003,593,1410,90,18,72,540,220,320,73,79,59,54,50,4,1,0,1,4,2,2,20,2427,1782,139,209,200,97
2021,South Somerset 004,E02006078,5371,2914,2831,2117,647,1470,119,35,84,595,282,313,83,68,56,56,41,15,0,0,0,0,0,0,12,2389,1762,133,208,166,120
2021,South Somerset 005,E02006079,6911,4045,3926,3084,890,2194,124,27,97,718,312,406,119,94,77,73,59,14,0,0,0,4,4,0,17,2772,1898,181,309,219,165
2021,South Somerset 006,E02006080,5722,3637,3541,2982,661,2321,100,15,85,459,225,234,96,72,66,62,49,13,1,1,0,3,3,0,6,2013,1374,144,208,128,159
2021,South Somerset 007,E02006081,4854,2539,2459,1831,610,1221,93,16,77,535,256,279,80,83,63,60,54,6,0,0,0,3,3,0,20,2232,1658,168,171,127,108
2021,South Somerset 008,E02006082,5856,3338,3211,2496,730,1766,89,22,67,626,301,325,127,64,55,54,45,9,0,0,0,1,1,0,9,2454,1710,147,266,188,143
2021,South Somerset 009,E02006083,4834,2616,2543,2050,600,1450,81,23,58,412,183,229,73,54,46,43,32,11,1,0,1,2,1,1,8,2164,1590,127,184,168,95
2021,South Somerset 010,E02006084,6383,3342,3256,2401,752,1649,119,24,95,736,355,381,86,75,61,57,43,14,1,1,0,3,2,1,14,2966,2304,129,241,178,114
2021,South Somerset 011,E02006085,6246,3917,3808,3382,864,2518,60,10,50,366,153,213,109,95,74,70,57,13,0,0,0,4,4,0,21,2234,1531,170,214,188,131
2021,South Somerset 012,E02006086,6230,3852,3737,3308,823,2485,70,9,61,359,121,238,115,141,122,120,99,21,1,1,0,1,1,0,19,2237,1520,237,210,169,101
2021,South Somerset 013,E02006087,4777,2952,2854,2543,672,1871,42,13,29,269,107,162,98,90,70,68,54,14,1,1,0,1,0,1,20,1735,1014,138,214,262,107
2021,South Somerset 014,E02006088,6184,3704,3534,3127,879,2248,48,7,41,359,123,236,170,141,109,107,77,30,0,0,0,2,1,1,32,2339,1238,205,325,378,193
2021,South Somerset 015,E02006089,6036,3934,3721,3287,786,2501,53,7,46,381,139,242,213,104,76,75,53,22,0,0,0,1,0,1,28,1998,980,222,239,349,208
2021,South Somerset 016,E02006090,5883,3604,3516,3091,794,2297,59,9,50,366,149,217,88,92,67,65,49,16,0,0,0,2,2,0,25,2187,1439,176,216,242,114
2021,South Somerset 017,E02006091,8497,4537,4389,3436,1014,2422,130,30,100,823,392,431,148,122,98,93,76,17,0,0,0,5,5,0,24,3838,2909,241,286,231,171
2021,South Somerset 018,E02006092,5472,3241,3182,2751,706,2045,69,10,59,362,134,228,59,87,69,65,55,10,0,0,0,4,1,3,18,2144,1659,141,127,135,82
2021,South Somerset 019,E02006093,7355,3995,3851,3009,893,2116,118,37,81,724,313,411,144,95,71,64,51,13,0,0,0,7,4,3,24,3265,2501,142,229,211,182
2021,South Somerset 020,E02006094,4610,2463,2397,1885,543,1342,97,16,81,415,188,227,66,63,49,48,40,8,0,0,0,1,1,0,14,2084,1593,120,162,154,55
2021,South Somerset 021,E02006095,7072,3875,3726,3048,896,2152,77,18,59,601,279,322,149,64,50,50,39,11,0,0,0,0,0,0,14,3133,2268,192,242,263,168
2021,South Somerset 022,E02006096,6038,3511,3390,2894,798,2096,57,15,42,439,191,248,121,80,57,54,47,7,1,1,0,2,1,1,23,2447,1704,142,235,245,121
2021,South Somerset 023,E02006097,5679,3176,3023,2624,689,1935,62,14,48,337,147,190,153,76,46,45,30,15,1,0,1,0,0,0,30,2427,1562,160,228,302,175
2021,South Somerset 024,E02006098,6477,3353,3265,2292,726,1566,143,29,114,830,365,465,88,75,50,42,34,8,0,0,0,8,6,2,25,3049,2379,165,216,156,133
2021,Somerset West and Taunton 006,E02006099,5888,3503,3392,2693,765,1928,93,26,67,606,263,343,111,110,78,75,66,9,0,0,0,3,2,1,32,2275,1612,229,185,151,98
2021,Somerset West and Taunton 007,E02006100,6610,3887,3786,3133,859,2274,103,25,78,550,235,315,101,104,76,74,55,19,1,0,1,1,1,0,28,2619,1683,371,211,199,155
2021,Somerset West and Taunton 013,E02006101,4873,2709,2657,1809,574,1235,98,22,76,750,354,396,52,56,45,44,40,4,0,0,0,1,0,1,11,2108,1507,165,190,150,96
2021,Somerset West and Taunton 010,E02006102,5607,3189,3070,2675,814,1861,43,4,39,352,116,236,119,88,61,59,45,14,1,0,1,1,1,0,27,2330,1348,168,269,394,151
2021,Somerset West and Taunton 009,E02006103,6696,3620,3533,2749,831,1918,124,23,101,660,299,361,87,117,97,90,76,14,2,1,1,5,4,1,20,2959,2264,202,214,161,118
2021,Somerset West and Taunton 008,E02006104,8570,5700,5525,4779,1261,3518,110,24,86,636,255,381,175,161,138,130,101,29,1,0,1,7,7,0,23,2709,1728,247,286,286,162
2021,Somerset West and Taunton 011,E02006105,9342,6318,6089,5279,1202,4077,108,23,85,702,324,378,229,136,111,97,68,29,1,1,0,13,12,1,25,2888,1676,237,311,387,277
2021,Somerset West and Taunton 012,E02006106,7963,5093,4959,4300,1136,3164,84,18,66,575,224,351,134,144,106,102,78,24,1,1,0,3,1,2,38,2726,1753,251,255,249,218
2021,Somerset West and Taunton 014,E02006107,6545,3877,3673,3244,1015,2229,60,17,43,369,143,226,204,116,91,88,69,19,0,0,0,3,3,0,25,2552,1317,225,340,448,222
2021,Somerset West and Taunton 015,E02006108,7487,4029,3849,3310,803,2507,77,23,54,462,212,250,180,110,86,72,53,19,1,0,1,13,13,0,24,3348,2299,245,208,345,251
2021,Somerset West and Taunton 016,E02006109,6554,3692,3579,2973,910,2063,102,23,79,504,227,277,113,120,102,97,84,13,0,0,0,5,5,0,18,2742,2198,191,163,104,86
2021,Somerset West and Taunton 018,E02006110,8483,5177,4997,4183,1086,3097,89,20,69,725,305,420,180,143,111,102,83,19,2,1,1,7,5,2,32,3163,1954,221,320,460,208
2021,Somerset West and Taunton 017,E02006111,9143,4926,4772,3722,1117,2605,186,31,155,864,396,468,154,138,111,104,91,13,0,0,0,7,5,2,27,4079,3061,280,270,301,167
2021,Somerset West and Taunton 019,E02006112,7054,3892,3788,2866,858,2008,176,44,132,746,328,418,104,109,88,79,67,12,0,0,0,9,6,3,21,3053,2192,357,200,153,151
2021,Somerset West and Taunton 001,E02006113,6421,3136,3006,2426,836,1590,83,21,62,497,246,251,130,69,54,49,38,11,0,0,0,5,3,2,15,3216,2324,224,223,271,174
2021,Somerset West and Taunton 002,E02006114,5636,2458,2364,1733,608,1125,88,18,70,543,259,284,94,52,32,30,19,11,0,0,0,2,0,2,20,3126,2421,117,207,256,125
2021,Somerset West and Taunton 003,E02006115,6414,3027,2899,2237,765,1472,86,16,70,576,302,274,128,48,28,26,23,3,1,1,0,1,0,1,20,3339,2421,124,273,382,139
2021,Somerset West and Taunton 004,E02006116,7029,3512,3387,2272,730,1542,207,48,159,908,436,472,125,96,79,74,63,11,1,0,1,4,4,0,17,3421,2632,162,265,223,139
2021,Somerset West and Taunton 005,E02006117,4971,2509,2443,1513,515,998,121,34,87,809,342,467,66,41,31,30,21,9,0,0,0,1,1,0,10,2421,1843,92,185,161,140
2021,Cannock Chase 001,E02006118,6315,3586,3476,2929,734,2195,94,23,71,453,179,274,110,106,86,84,71,13,0,0,0,2,2,0,20,2623,1977,187,188,156,115
2021,Cannock Chase 002,E02006119,6671,3845,3644,3184,849,2335,77,21,56,383,134,249,201,117,98,94,73,21,0,0,0,4,0,4,19,2709,1468,221,348,434,238
2021,Cannock Chase 003,E02006120,7485,4520,4308,3747,926,2821,57,11,46,504,185,319,212,132,107,102,78,24,0,0,0,5,4,1,25,2833,1740,230,343,335,185
2021,Cannock Chase 004,E02006121,4842,3015,2879,2432,661,1771,53,12,41,394,121,273,136,61,38,37,31,6,1,1,0,0,0,0,23,1766,1058,133,208,235,132
2021,Cannock Chase 005,E02006122,6576,4296,4131,3546,817,2729,69,9,60,516,153,363,165,119,87,84,64,20,0,0,0,3,3,0,32,2161,1251,173,287,274,176
2021,Cannock Chase 006,E02006123,5301,3400,3274,2775,707,2068,82,14,68,417,159,258,126,93,64,61,53,8,0,0,0,3,2,1,29,1808,1141,133,203,200,131
2021,Cannock Chase 007,E02006124,5828,3268,3066,2609,752,1857,60,14,46,397,110,287,202,78,56,53,43,10,0,0,0,3,1,2,22,2482,1176,190,424,492,200
2021,Cannock Chase 008,E02006125,6058,3474,3275,2808,773,2035,54,10,44,413,135,278,199,89,59,53,38,15,0,0,0,6,3,3,30,2495,1423,203,306,374,189
2021,Cannock Chase 009,E02006126,6926,4393,4250,3610,930,2680,75,16,59,565,174,391,143,95,65,63,52,11,1,1,0,1,1,0,30,2438,1539,209,235,307,148
2021,Cannock Chase 010,E02006127,5709,4091,3983,3458,889,2569,64,14,50,461,150,311,108,137,98,95,80,15,0,0,0,3,2,1,39,1481,890,175,170,135,111
2021,Cannock Chase 011,E02006128,7242,3923,3747,3087,872,2215,109,17,92,551,199,352,176,113,83,80,63,17,0,0,0,3,2,1,30,3206,2321,181,255,295,154
2021,Cannock Chase 012,E02006129,6753,4003,3771,3241,870,2371,79,12,67,451,137,314,232,104,83,79,63,16,1,0,1,3,2,1,21,2646,1353,229,359,446,259
2021,Cannock Chase 013,E02006130,6772,4214,4078,3458,845,2613,91,15,76,529,162,367,136,108,74,71,64,7,0,0,0,3,3,0,34,2450,1537,202,271,269,171
2021,East Staffordshire 001,E02006131,6533,3771,3665,2894,752,2142,142,16,126,629,232,397,106,107,80,72,62,10,1,1,0,7,6,1,27,2655,1901,261,218,156,119
2021,East Staffordshire 002,E02006132,5639,3569,3473,3096,811,2285,54,13,41,323,112,211,96,114,92,90,72,18,1,0,1,1,1,0,22,1956,1262,178,184,213,119
2021,East Staffordshire 003,E02006133,5820,3588,3482,3027,782,2245,79,25,54,376,146,230,106,152,115,107,83,24,1,0,1,7,3,4,37,2080,1330,184,194,259,113
2021,East Staffordshire 004,E02006134,8669,5035,4906,4162,1057,3105,145,30,115,599,287,312,129,132,110,106,91,15,1,1,0,3,2,1,22,3502,2557,291,300,224,130
2021,East Staffordshire 005,E02006135,6529,3722,3609,3129,831,2298,72,19,53,408,159,249,113,116,88,88,79,9,0,0,0,0,0,0,28,2691,2020,206,210,138,117
2021,East Staffordshire 006,E02006136,7847,4124,3955,2949,875,2074,195,45,150,811,312,499,169,105,79,79,69,10,0,0,0,0,0,0,26,3618,2185,262,227,154,790
2021,East Staffordshire 007,E02006137,7189,4219,4040,3563,894,2669,74,15,59,403,179,224,179,147,111,109,81,28,0,0,0,2,1,1,36,2823,1494,265,386,474,204
2021,East Staffordshire 008,E02006138,6099,3920,3691,3236,754,2482,82,27,55,373,187,186,229,148,111,106,81,25,0,0,0,5,5,0,37,2031,695,313,453,325,245
2021,East Staffordshire 009,E02006139,6476,4068,3821,3330,715,2615,82,23,59,409,184,225,247,107,87,80,49,31,0,0,0,7,0,7,20,2301,848,283,560,312,298
2021,East Staffordshire 010,E02006140,6727,3858,3692,3176,810,2366,99,27,72,417,146,271,166,150,98,89,71,18,1,0,1,8,5,3,52,2719,1648,238,331,309,193
2021,East Staffordshire 011,E02006141,9492,6236,5873,5198,1040,4158,128,42,86,547,264,283,363,211,174,162,97,65,0,0,0,12,8,4,37,3045,1035,490,686,361,473
2021,East Staffordshire 012,E02006142,4435,2576,2522,2159,526,1633,60,17,43,303,137,166,54,85,71,69,60,9,0,0,0,2,1,1,14,1774,1316,134,123,114,87
2021,East Staffordshire 013,E02006143,7516,4934,4773,4161,891,3270,108,27,81,504,196,308,161,148,118,116,92,24,1,0,1,1,1,0,30,2434,1447,289,356,171,171
2021,East Staffordshire 014,E02006144,6641,3801,3584,3211,798,2413,46,11,35,327,121,206,217,110,81,78,56,22,2,0,2,1,0,1,29,2730,1436,223,362,459,250
2021,East Staffordshire 015,E02006145,4900,2846,2764,2245,594,1651,107,18,89,412,172,240,82,80,56,53,48,5,0,0,0,3,2,1,24,1974,1501,167,150,85,71
2021,Lichfield 001,E02006146,7224,4423,4301,3624,939,2685,128,27,101,549,218,331,122,106,86,83,63,20,0,0,0,3,2,1,20,2695,1825,188,258,267,157
2021,Lichfield 002,E02006147,6919,4160,4038,3333,857,2476,132,25,107,573,273,300,122,132,110,110,90,20,0,0,0,0,0,0,22,2627,1881,277,207,161,101
2021,Lichfield 003,E02006148,6104,3440,3338,2655,731,1924,132,25,107,551,238,313,102,106,71,68,59,9,1,1,0,2,1,1,35,2558,1957,177,194,117,113
2021,Lichfield 004,E02006149,8780,4895,4593,3936,1039,2897,108,23,85,549,250,299,302,142,113,112,90,22,0,0,0,1,1,0,29,3743,2319,354,393,433,244
2021,Lichfield 005,E02006150,9776,5304,5129,4369,1094,3275,127,38,89,633,305,328,175,108,83,80,60,20,1,0,1,2,0,2,25,4364,3336,327,285,258,158
2021,Lichfield 006,E02006151,8075,4865,4703,3961,1005,2956,95,17,78,647,234,413,162,136,106,103,84,19,1,0,1,2,2,0,30,3074,2027,232,275,333,207
2021,Lichfield 007,E02006152,8514,5080,4930,4187,981,3206,131,34,97,612,294,318,150,145,113,105,90,15,0,0,0,8,7,1,32,3289,2289,312,300,234,154
2021,Lichfield 008,E02006153,7523,4834,4675,3857,821,3036,192,44,148,626,274,352,159,106,86,77,65,12,1,0,1,8,8,0,20,2583,1790,248,260,135,150
2021,Lichfield 009,E02006154,8334,4451,4322,3573,964,2609,117,29,88,632,246,386,129,116,82,80,72,8,0,0,0,2,1,1,34,3767,2940,221,227,234,145
2021,Lichfield 010,E02006155,4499,2708,2558,2174,587,1587,50,6,44,334,118,216,150,76,59,58,40,18,0,0,0,1,1,0,17,1715,934,173,237,260,111
2021,Lichfield 011,E02006156,6768,3722,3616,2729,791,1938,278,67,211,609,270,339,106,98,77,72,62,10,1,0,1,4,4,0,21,2948,2206,250,257,97,138
2021,Lichfield 012,E02006157,6093,3400,3227,2645,732,1913,108,25,83,474,207,267,173,92,59,55,46,9,0,0,0,4,2,2,33,2601,1394,198,216,228,565
2021,Newcastle-under-Lyme 001,E02006158,6962,4188,4053,3475,807,2668,89,17,72,489,201,288,135,145,103,101,91,10,1,1,0,1,1,0,42,2629,2001,196,162,155,115
2021,Newcastle-under-Lyme 002,E02006159,4664,2554,2431,2154,606,1548,26,3,23,251,96,155,123,82,62,62,52,10,0,0,0,0,0,0,20,2028,1261,168,216,280,103
2021,Newcastle-under-Lyme 003,E02006160,7053,4080,3891,3409,827,2582,81,20,61,401,155,246,189,94,72,69,53,16,1,1,0,2,0,2,22,2879,1796,235,291,373,184
2021,Newcastle-under-Lyme 004,E02006161,5538,3291,3210,2804,690,2114,57,11,46,349,120,229,81,104,84,80,71,9,1,1,0,3,3,0,20,2143,1503,176,177,194,93
2021,Newcastle-under-Lyme 005,E02006162,7021,4112,4006,3297,892,2405,125,22,103,584,199,385,106,112,78,72,62,10,0,0,0,6,6,0,34,2797,1957,184,231,289,136
2021,Newcastle-under-Lyme 006,E02006163,6331,3700,3531,3107,816,2291,59,9,50,365,121,244,169,127,98,92,76,16,1,1,0,5,4,1,29,2504,1416,297,283,349,159
2021,Newcastle-under-Lyme 007,E02006164,5747,3267,3096,2705,767,1938,55,12,43,336,120,216,171,119,95,90,78,12,0,0,0,5,5,0,24,2361,1163,238,344,436,180
2021,Newcastle-under-Lyme 008,E02006165,6204,3875,3727,3306,777,2529,65,9,56,356,144,212,148,135,104,100,79,21,1,0,1,3,0,3,31,2194,1424,190,148,275,157
2021,Newcastle-under-Lyme 009,E02006166,5926,3614,3536,3041,761,2280,83,17,66,412,168,244,78,139,115,113,95,18,0,0,0,2,2,0,24,2173,1549,212,140,155,117
2021,Newcastle-under-Lyme 010,E02006167,8007,4205,3992,3529,947,2582,81,14,67,382,139,243,213,300,223,213,185,28,0,0,0,10,9,1,77,3502,1437,793,456,585,231
2021,Newcastle-under-Lyme 011,E02006168,7374,3266,3057,2688,675,2013,78,21,57,291,129,162,209,460,302,284,238,46,1,1,0,17,12,5,158,3648,1526,1073,258,548,243
2021,Newcastle-under-Lyme 012,E02006169,6519,2583,2481,2148,549,1599,64,17,47,269,90,179,102,544,343,331,304,27,0,0,0,12,11,1,201,3392,1032,1866,193,211,90
2021,Newcastle-under-Lyme 013,E02006170,4387,2416,2329,1870,471,1399,86,17,69,373,161,212,87,72,55,53,50,3,0,0,0,2,2,0,17,1899,1402,151,131,141,74
2021,Newcastle-under-Lyme 014,E02006171,7462,3981,3822,3319,818,2501,73,9,64,430,178,252,159,202,136,128,116,12,1,1,0,7,6,1,66,3279,2091,494,237,318,139
2021,Newcastle-under-Lyme 015,E02006172,7981,4300,4176,3584,888,2696,159,33,126,433,189,244,124,159,119,115,96,19,0,0,0,4,4,0,40,3522,2689,326,209,179,119
2021,Newcastle-under-Lyme 016,E02006173,6016,3342,3297,2516,662,1854,178,48,130,603,275,328,45,80,64,62,52,10,1,1,0,1,1,0,16,2594,1918,221,193,134,128
2021,South Staffordshire 001,E02006174,9189,5276,5125,4207,1126,3081,204,49,155,714,268,446,151,178,130,127,108,19,0,0,0,3,3,0,48,3735,2764,259,305,251,156
2021,South Staffordshire 002,E02006175,5529,3522,3373,2770,731,2039,112,31,81,491,159,332,149,79,58,57,48,9,0,0,0,1,0,1,21,1928,1135,160,273,206,154
2021,South Staffordshire 003,E02006176,6223,3349,3249,2575,702,1873,140,26,114,534,225,309,100,78,70,64,55,9,0,0,0,6,6,0,8,2796,2101,181,237,166,111
2021,South Staffordshire 004,E02006177,8223,4767,4588,3850,1001,2849,105,15,90,633,226,407,179,106,72,70,53,17,0,0,0,2,1,1,34,3350,2410,255,285,253,147
2021,South Staffordshire 005,E02006178,6349,3596,3437,2915,791,2124,80,23,57,442,154,288,159,108,79,78,64,14,0,0,0,1,1,0,29,2645,1725,200,272,295,153
2021,South Staffordshire 006,E02006179,8616,3653,3506,2955,866,2089,97,24,73,454,172,282,147,92,67,65,56,9,0,0,0,2,2,0,25,4871,1718,246,164,220,2523
2021,South Staffordshire 007,E02006180,5717,3258,3113,2593,748,1845,108,19,89,412,149,263,145,86,59,58,48,10,0,0,0,1,1,0,27,2373,1473,190,247,305,158
2021,South Staffordshire 008,E02006181,4609,2489,2356,2010,550,1460,54,17,37,292,122,170,133,58,51,48,33,15,0,0,0,3,1,2,7,2062,1356,161,192,220,133
2021,South Staffordshire 009,E02006182,5922,3357,3269,2758,710,2048,113,22,91,398,170,228,88,103,70,68,57,11,0,0,0,2,1,1,33,2462,1865,218,168,124,87
2021,South Staffordshire 012,E02006185,5960,3239,3080,2613,734,1879,95,22,73,372,140,232,159,75,54,50,44,6,0,0,0,4,4,0,21,2646,1814,201,203,269,159
2021,South Staffordshire 013,E02006186,10684,6062,5861,4790,1301,3489,280,60,220,791,310,481,201,108,89,85,63,22,0,0,0,4,2,2,19,4514,3311,374,369,270,190
2021,South Staffordshire 014,E02006187,6139,3101,3010,2328,700,1628,155,27,128,527,225,302,91,73,63,62,53,9,0,0,0,1,1,0,10,2965,2261,208,197,137,162
2021,Stafford 001,E02006188,5061,2698,2643,2147,531,1616,98,25,73,398,143,255,55,107,87,83,75,8,1,1,0,3,3,0,20,2256,1700,132,143,172,109
2021,Stafford 002,E02006189,6141,3263,3183,2539,666,1873,141,30,111,503,211,292,80,96,72,72,57,15,0,0,0,0,0,0,24,2782,2107,186,190,193,106
2021,Stafford 003,E02006190,9122,5446,5233,4533,1107,3426,118,35,83,582,273,309,213,154,123,117,96,21,1,0,1,5,4,1,31,3522,2365,293,290,390,184
2021,Stafford 004,E02006191,6825,3967,3861,3201,805,2396,116,23,93,544,226,318,106,118,102,94,84,10,0,0,0,8,7,1,16,2740,2096,201,194,136,113
2021,Stafford 005,E02006192,7725,4587,4462,3534,860,2674,195,31,164,733,313,420,125,102,83,81,69,12,1,1,0,1,1,0,19,3036,2176,214,202,182,262
2021,Stafford 006,E02006193,6203,3818,3701,3193,705,2488,71,16,55,437,187,250,117,118,97,91,74,17,0,0,0,6,3,3,21,2267,1682,181,185,114,105
2021,Stafford 007,E02006194,6695,4119,3948,3529,881,2648,56,14,42,363,129,234,171,123,97,96,80,16,1,0,1,0,0,0,26,2453,1515,217,275,294,152
2021,Stafford 008,E02006195,7413,4067,3982,3242,815,2427,137,26,111,603,243,360,85,104,88,85,67,18,0,0,0,3,1,2,16,3242,2582,188,200,167,105
2021,Stafford 009,E02006196,5918,3500,3342,3036,679,2357,42,11,31,264,102,162,158,174,142,140,105,35,0,0,0,2,1,1,32,2244,896,229,255,322,542
2021,Stafford 010,E02006197,7803,5171,4905,4391,864,3527,65,19,46,449,181,268,266,148,127,123,88,35,0,0,0,4,4,0,21,2484,1244,229,311,424,276
2021,Stafford 011,E02006198,7391,4609,4497,3926,909,3017,91,18,73,480,205,275,112,142,114,107,90,17,1,1,0,6,3,3,28,2640,1794,306,220,170,150
2021,Stafford 012,E02006199,7128,4104,3989,3300,756,2544,153,23,130,536,254,282,115,126,107,104,87,17,0,0,0,3,0,3,19,2898,2166,246,187,177,122
2021,Stafford 013,E02006200,6149,3488,3280,2918,815,2103,50,13,37,312,129,183,208,126,102,99,75,24,1,1,0,2,0,2,24,2535,1267,242,370,429,227
2021,Stafford 014,E02006201,9953,5435,5324,4598,1163,3435,125,24,101,601,292,309,111,218,177,167,149,18,0,0,0,10,10,0,41,4300,3430,330,266,133,141
2021,Stafford 015,E02006202,7897,4474,4347,3417,894,2523,175,41,134,755,315,440,127,107,85,80,66,14,0,0,0,5,2,3,22,3316,2517,224,239,191,145
2021,Stafford 016,E02006203,6186,3552,3368,2942,782,2160,67,9,58,359,130,229,184,120,96,90,74,16,2,1,1,4,4,0,24,2514,1414,235,326,355,184
2021,Staffordshire Moorlands 001,E02006204,6093,3425,3308,2618,786,1832,109,23,86,581,220,361,117,104,65,63,56,7,0,0,0,2,2,0,39,2564,1595,212,260,345,152
2021,Staffordshire Moorlands 002,E02006205,6294,3408,3340,2601,708,1893,140,31,109,599,248,351,68,106,83,82,72,10,0,0,0,1,0,1,23,2780,2197,133,174,176,100
2021,Staffordshire Moorlands 003,E02006206,6360,3865,3687,3221,858,2363,79,14,65,387,137,250,178,112,70,66,53,13,0,0,0,4,3,1,42,2383,1217,255,256,441,214
2021,Staffordshire Moorlands 004,E02006207,5401,2828,2746,2231,616,1615,85,19,66,430,177,253,82,57,43,42,36,6,0,0,0,1,1,0,14,2516,2020,114,148,146,88
2021,Staffordshire Moorlands 005,E02006208,6681,3912,3755,3166,871,2295,91,26,65,498,188,310,157,94,76,74,58,16,0,0,0,2,0,2,18,2675,1596,215,217,439,208
2021,Staffordshire Moorlands 006,E02006209,8958,5024,4894,4005,1137,2868,164,29,135,725,313,412,130,163,134,133,120,13,0,0,0,1,1,0,29,3771,2899,281,212,225,154
2021,Staffordshire Moorlands 007,E02006210,4451,2609,2560,1635,481,1154,137,29,108,788,279,509,49,60,50,49,44,5,0,0,0,1,1,0,10,1782,1379,88,139,86,90
2021,Staffordshire Moorlands 008,E02006211,5445,2926,2854,2308,610,1698,134,24,110,412,158,254,72,120,91,88,78,10,0,0,0,3,2,1,29,2399,1907,175,110,121,86
2021,Staffordshire Moorlands 009,E02006212,6608,3585,3507,2879,746,2133,119,24,95,509,183,326,78,114,91,89,78,11,0,0,0,2,2,0,23,2909,2255,214,144,165,131
2021,Staffordshire Moorlands 010,E02006213,5535,3151,3039,2405,662,1743,107,20,87,527,193,334,112,76,62,59,47,12,0,0,0,3,3,0,14,2308,1517,182,233,263,113
2021,Staffordshire Moorlands 011,E02006214,5199,2826,2737,2350,633,1717,64,10,54,323,133,190,89,87,71,69,50,19,0,0,0,2,0,2,16,2286,1542,174,187,251,132
2021,Staffordshire Moorlands 012,E02006215,6726,3691,3624,2942,765,2177,127,25,102,555,207,348,67,115,85,83,74,9,0,0,0,2,1,1,30,2920,2171,188,198,207,156
2021,Staffordshire Moorlands 013,E02006216,7100,4019,3919,3269,834,2435,101,21,80,549,209,340,100,165,137,125,110,15,0,0,0,12,11,1,28,2916,2206,207,183,180,140
2021,Tamworth 001,E02006217,8377,4889,4715,4122,1051,3071,111,19,92,482,189,293,174,177,118,109,78,31,0,0,0,9,5,4,59,3311,2406,234,278,232,161
2021,Tamworth 002,E02006218,7038,4094,3856,3446,806,2640,52,17,35,358,149,209,238,128,105,101,62,39,1,1,0,3,1,2,23,2816,1643,189,311,455,218
2021,Tamworth 003,E02006219,6746,4150,3979,3498,828,2670,70,14,56,411,146,265,171,116,87,84,64,20,0,0,0,3,0,3,29,2480,1457,242,297,296,188
2021,Tamworth 004,E02006220,6104,3523,3364,2995,745,2250,48,12,36,321,120,201,159,116,87,86,63,23,0,0,0,1,1,0,29,2465,1657,172,231,283,122
2021,Tamworth 005,E02006221,4855,3157,3040,2642,611,2031,68,16,52,330,125,205,117,140,103,97,66,31,0,0,0,6,4,2,37,1558,957,156,185,144,116
2021,Tamworth 006,E02006222,5551,3335,3175,2828,706,2122,65,18,47,282,120,162,160,104,76,72,54,18,0,0,0,4,2,2,28,2112,1241,190,264,253,164
2021,Tamworth 007,E02006223,5102,2915,2681,2439,708,1731,28,6,22,214,91,123,234,130,89,88,54,34,0,0,0,1,0,1,41,2057,826,243,405,404,179
2021,Tamworth 008,E02006224,6101,3988,3867,3378,787,2591,76,13,63,413,155,258,121,133,99,97,77,20,0,0,0,2,0,2,34,1980,1207,194,265,191,123
2021,Tamworth 009,E02006225,6069,3681,3580,3112,773,2339,83,15,68,385,142,243,101,115,83,80,62,18,0,0,0,3,2,1,32,2273,1652,176,195,139,111
2021,Tamworth 010,E02006226,7847,5174,4947,4350,1018,3332,68,16,52,529,208,321,227,159,106,101,82,19,0,0,0,5,4,1,53,2514,1494,245,336,265,174
2021,Babergh 001,E02006227,5571,2897,2776,2006,663,1343,112,27,85,658,335,323,121,56,46,41,34,7,2,2,0,3,2,1,10,2618,1978,136,223,151,130
2021,Babergh 002,E02006228,5144,2997,2900,2140,647,1493,113,26,87,647,281,366,97,74,65,60,58,2,1,1,0,4,4,0,9,2073,1461,158,231,126,97
2021,Babergh 003,E02006229,5310,2774,2677,2060,621,1439,87,22,65,530,236,294,97,76,55,52,43,9,0,0,0,3,3,0,21,2460,1853,135,189,161,122
2021,Babergh 004,E02006230,9085,5012,4832,3917,1149,2768,120,32,88,795,370,425,180,181,150,142,126,16,0,0,0,8,6,2,31,3892,2864,277,359,222,170
2021,Babergh 005,E02006231,7212,4606,4481,3755,978,2777,121,25,96,605,260,345,125,107,84,80,72,8,0,0,0,4,3,1,23,2499,1693,221,263,153,169
2021,Babergh 006,E02006232,5170,2865,2756,2119,644,1475,79,23,56,558,248,310,109,78,52,52,44,8,0,0,0,0,0,0,26,2227,1616,161,214,122,114
2021,Babergh 007,E02006233,9846,5538,5202,4183,1197,2986,118,30,88,901,382,519,336,112,70,66,53,13,0,0,0,4,4,0,42,4196,2746,310,427,434,279
2021,Babergh 008,E02006234,7975,4838,4584,3818,1100,2718,91,23,68,675,279,396,254,159,131,130,108,22,0,0,0,1,0,1,28,2978,1852,278,360,285,203
2021,Babergh 009,E02006235,6948,3838,3745,2706,808,1898,143,31,112,896,459,437,93,75,55,51,46,5,1,1,0,3,2,1,20,3035,2239,222,307,150,117
2021,Babergh 010,E02006236,8800,4835,4730,3774,1148,2626,139,33,106,817,386,431,105,154,128,122,108,14,0,0,0,6,5,1,26,3811,2925,290,321,166,109
2021,Babergh 011,E02006237,6323,3432,3348,2646,750,1896,120,23,97,582,287,295,84,126,93,86,81,5,0,0,0,7,7,0,33,2765,1977,286,237,168,97
2021,West Suffolk 002,E02006238,8100,4587,4394,3792,919,2873,83,18,65,519,221,298,193,113,93,87,65,22,0,0,0,6,5,1,20,3400,2239,217,369,310,265
2021,West Suffolk 001,E02006239,6801,4313,4236,3813,633,3180,68,17,51,355,131,224,77,159,142,140,57,83,0,0,0,2,0,2,17,2329,1074,212,474,121,448
2021,West Suffolk 003,E02006240,8099,5358,5221,4418,885,3533,124,27,97,679,259,420,137,162,144,139,73,66,0,0,0,5,5,0,18,2579,1343,246,474,187,329
2021,West Suffolk 004,E02006241,7266,4323,4169,3659,841,2818,75,16,59,435,191,244,154,114,91,85,60,25,0,0,0,6,6,0,23,2829,1627,239,343,364,256
2021,West Suffolk 007,E02006242,8391,5872,5696,4822,971,3851,125,31,94,749,321,428,176,165,145,136,76,60,0,0,0,9,5,4,20,2354,1315,263,394,142,240
2021,West Suffolk 008,E02006243,7729,5318,5094,4367,948,3419,125,24,101,602,232,370,224,99,87,87,62,25,0,0,0,0,0,0,12,2312,1404,196,270,218,224
2021,Ipswich 001,E02006245,6534,3695,3500,3068,941,2127,65,16,49,367,136,231,195,122,77,75,54,21,0,0,0,2,2,0,45,2717,1652,220,362,308,175
2021,Ipswich 002,E02006246,6138,3686,3567,3111,942,2169,67,15,52,389,169,220,119,113,89,87,76,11,1,1,0,1,1,0,24,2339,1655,205,224,162,93
2021,Ipswich 003,E02006247,7129,4606,4378,3851,1107,2744,60,16,44,467,171,296,228,138,108,95,85,10,1,0,1,12,9,3,30,2385,1189,252,403,324,217
2021,Ipswich 004,E02006248,6658,3963,3835,3317,1001,2316,72,20,52,446,185,261,128,182,132,125,112,13,1,0,1,6,5,1,50,2513,1498,314,294,264,143
2021,Ipswich 005,E02006249,6910,4123,3963,3285,866,2419,124,37,87,554,283,271,160,138,101,96,77,19,1,1,0,4,3,1,37,2649,1753,340,241,149,166
2021,Ipswich 006,E02006250,8112,5392,5019,4282,1139,3143,121,35,86,616,252,364,373,192,144,130,97,33,3,2,1,11,7,4,48,2528,873,355,464,454,382
2021,Ipswich 007,E02006251,8937,6130,5734,5032,1181,3851,125,26,99,577,229,348,396,262,198,190,149,41,0,0,0,8,7,1,64,2545,997,411,367,401,369
2021,Ipswich 008,E02006252,7736,5194,5022,4411,1200,3211,87,20,67,524,205,319,172,143,94,91,73,18,1,1,0,2,2,0,49,2399,1390,314,280,227,188
2021,Ipswich 009,E02006253,6193,3464,3358,2852,849,2003,84,22,62,422,185,237,106,124,88,86,76,10,2,2,0,0,0,0,36,2605,1936,177,238,132,122
2021,Ipswich 010,E02006254,7451,4542,4254,3715,998,2717,83,21,62,456,175,281,288,147,112,102,74,28,3,0,3,7,6,1,35,2762,1212,275,465,464,346
2021,Ipswich 011,E02006255,6780,4245,4071,3565,919,2646,65,7,58,441,196,245,174,241,180,173,153,20,1,1,0,6,5,1,61,2294,1117,467,287,231,192
2021,Ipswich 012,E02006256,7773,4862,4539,3905,1042,2863,90,22,68,544,208,336,323,164,123,113,74,39,1,0,1,9,5,4,41,2747,1174,329,446,487,311
2021,Ipswich 013,E02006257,5459,3029,2899,2540,784,1756,50,12,38,309,121,188,130,88,68,65,56,9,2,0,2,1,1,0,20,2342,1418,177,289,334,124
2021,Ipswich 014,E02006258,7509,4581,4339,3788,1140,2648,89,30,59,462,197,265,242,172,130,127,112,15,0,0,0,3,3,0,42,2756,1266,318,492,426,254
2021,Ipswich 015,E02006259,5700,3094,2910,2528,794,1734,51,13,38,331,131,200,184,113,85,77,64,13,5,4,1,3,1,2,28,2493,1408,171,370,309,235
2021,Ipswich 016,E02006260,6800,4006,3790,3288,1039,2249,66,19,47,436,159,277,216,155,107,99,80,19,2,0,2,6,5,1,48,2639,1348,268,471,360,192
2021,Mid Suffolk 001,E02006261,6826,3543,3435,2529,714,1815,154,29,125,752,359,393,108,104,88,80,66,14,0,0,0,8,5,3,16,3179,2320,205,285,206,163
2021,Mid Suffolk 002,E02006262,7641,4305,4168,3098,863,2235,148,35,113,922,437,485,137,77,53,52,42,10,1,0,1,0,0,0,24,3259,2375,262,318,164,140
2021,Mid Suffolk 003,E02006263,6462,3491,3383,2444,733,1711,147,47,100,792,374,418,108,80,66,60,53,7,0,0,0,6,6,0,14,2891,2096,212,276,144,163
2021,Mid Suffolk 004,E02006264,7348,4490,4388,3566,998,2568,142,31,111,680,322,358,102,111,90,86,73,13,0,0,0,4,4,0,21,2747,2072,219,230,133,93
2021,Mid Suffolk 005,E02006265,6241,3527,3425,2730,797,1933,96,23,73,599,261,338,102,80,64,60,52,8,0,0,0,4,4,0,16,2634,1956,157,237,152,132
2021,Mid Suffolk 006,E02006266,8005,4420,4267,3310,946,2364,135,35,100,822,408,414,153,79,59,58,50,8,0,0,0,1,0,1,20,3506,2561,234,315,251,145
2021,Mid Suffolk 007,E02006267,7076,4107,4002,3000,858,2142,169,36,133,833,378,455,105,113,93,87,74,13,1,1,0,5,3,2,20,2856,2105,244,260,132,115
2021,Mid Suffolk 008,E02006268,5104,2703,2551,2172,648,1524,42,10,32,337,129,208,152,65,52,49,41,8,2,1,1,1,1,0,13,2336,1509,154,233,332,108
2021,Mid Suffolk 009,E02006269,6445,3884,3771,3171,868,2303,83,27,56,517,230,287,113,95,74,72,59,13,0,0,0,2,0,2,21,2466,1737,191,210,209,119
2021,Mid Suffolk 010,E02006270,10371,7100,6915,5975,1526,4449,117,19,98,823,347,476,185,200,159,149,125,24,5,5,0,5,3,2,41,3071,1919,327,342,260,223
2021,Mid Suffolk 011,E02006271,8271,5284,5164,4454,1029,3425,117,21,96,593,249,344,120,105,84,74,64,10,0,0,0,10,9,1,21,2882,2015,180,273,199,215
2021,Mid Suffolk 012,E02006272,6517,3673,3582,2936,862,2074,132,31,101,514,212,302,91,127,90,85,72,13,0,0,0,5,4,1,37,2717,2042,189,197,170,119
2021,West Suffolk 005,E02006273,5788,3147,3059,2382,673,1709,87,19,68,590,289,301,88,71,54,54,49,5,0,0,0,0,0,0,17,2570,1910,169,211,181,99
2021,West Suffolk 006,E02006274,5548,3483,3399,2885,749,2136,90,23,67,424,192,232,84,92,72,72,67,5,0,0,0,0,0,0,20,1973,1335,139,250,100,149
2021,West Suffolk 009,E02006275,5597,3485,3315,2910,845,2065,54,14,40,351,146,205,170,121,86,82,70,12,0,0,0,4,4,0,35,1991,1093,217,246,286,149
2021,West Suffolk 016,E02006276,6823,3835,3713,2984,765,2219,127,27,100,602,278,324,122,102,87,82,72,10,0,0,0,5,5,0,15,2886,2104,193,287,166,136
2021,West Suffolk 012,E02006277,6126,4216,4118,3603,868,2735,73,9,64,442,196,246,98,142,125,122,90,32,0,0,0,3,2,1,17,1768,1112,203,217,114,122
2021,West Suffolk 011,E02006278,7350,4471,4288,3720,827,2893,107,25,82,461,228,233,183,132,119,115,79,36,0,0,0,4,3,1,13,2747,1674,282,258,247,286
2021,West Suffolk 014,E02006279,7276,4025,3882,3325,938,2387,75,20,55,482,216,266,143,93,74,72,59,13,0,0,0,2,1,1,19,3158,2239,223,239,294,163
2021,West Suffolk 010,E02006280,8067,4545,4429,3464,976,2488,169,34,135,796,379,417,116,140,106,99,86,13,0,0,0,7,6,1,34,3382,2470,289,286,178,159
2021,West Suffolk 013,E02006281,7205,3768,3643,3159,798,2361,58,11,47,426,207,219,125,116,90,86,63,23,0,0,0,4,3,1,26,3321,2529,163,223,211,195
2021,West Suffolk 017,E02006282,5617,2948,2856,2113,605,1508,122,30,92,621,308,313,92,74,56,54,49,5,0,0,0,2,1,1,18,2595,2005,143,204,127,116
2021,West Suffolk 018,E02006283,7089,3826,3651,2883,792,2091,147,37,110,621,281,340,175,99,62,59,49,10,0,0,0,3,3,0,37,3164,1579,246,218,172,949
2021,West Suffolk 019,E02006284,6187,3935,3771,3304,778,2526,52,14,38,415,165,250,164,77,64,63,48,15,0,0,0,1,0,1,13,2175,1354,178,269,217,157
2021,West Suffolk 021,E02006285,5992,4084,3936,3424,823,2601,65,17,48,447,171,276,148,120,98,89,67,22,0,0,0,9,4,5,22,1788,998,238,221,193,138
2021,West Suffolk 020,E02006286,8873,5742,5468,4743,1177,3566,88,13,75,637,234,403,274,126,100,94,76,18,0,0,0,6,0,6,26,3005,1790,286,377,331,221
2021,East Suffolk 016,E02006287,5497,2660,2586,1645,551,1094,129,33,96,812,413,399,74,52,37,35,31,4,1,1,0,1,1,0,15,2785,2140,126,252,129,138
2021,East Suffolk 017,E02006288,8412,4568,4428,3229,966,2263,197,50,147,1002,507,495,140,108,80,72,62,10,0,0,0,8,8,0,28,3736,2577,457,357,166,179
2021,East Suffolk 018,E02006289,8122,4166,4006,3018,1009,2009,130,27,103,858,415,443,160,91,73,69,59,10,0,0,0,4,3,1,18,3865,2700,228,376,351,210
2021,East Suffolk 019,E02006290,6973,3469,3324,2527,842,1685,109,34,75,688,332,356,145,70,49,47,41,6,0,0,0,2,2,0,21,3434,2484,179,293,280,198
2021,East Suffolk 020,E02006291,6496,3411,3296,2612,837,1775,99,19,80,585,304,281,115,85,58,56,48,8,0,0,0,2,2,0,27,3000,2230,187,251,202,130
2021,East Suffolk 021,E02006292,5731,3126,3052,2289,701,1588,149,33,116,614,313,301,74,73,55,51,47,4,1,1,0,3,3,0,18,2532,1818,228,237,141,108
2021,East Suffolk 023,E02006293,9324,5349,5065,4024,1114,2910,159,38,121,882,453,429,284,140,108,100,83,17,1,0,1,7,6,1,32,3835,2357,301,378,268,531
2021,East Suffolk 022,E02006294,6783,3328,3178,2480,814,1666,97,18,79,601,313,288,150,101,75,72,66,6,1,1,0,2,2,0,26,3354,2529,226,257,221,121
2021,East Suffolk 024,E02006295,7675,4368,4267,3587,1044,2543,107,24,83,573,250,323,101,119,89,87,80,7,0,0,0,2,1,1,30,3188,2372,240,252,191,133
2021,East Suffolk 025,E02006296,10623,6363,6174,5284,1566,3718,146,41,105,744,339,405,189,223,175,168,149,19,0,0,0,7,4,3,48,4037,2902,420,325,221,169
2021,East Suffolk 026,E02006297,6819,3878,3796,3161,939,2222,120,22,98,515,254,261,82,95,77,75,65,10,0,0,0,2,2,0,18,2846,2173,222,229,103,119
2021,East Suffolk 027,E02006298,7679,4500,4377,3756,1016,2740,92,23,69,529,251,278,123,94,77,74,62,12,0,0,0,3,3,0,17,3085,2195,197,272,262,159
2021,East Suffolk 028,E02006299,7289,3255,3152,2599,815,1784,92,19,73,461,244,217,103,106,88,86,78,8,0,0,0,2,2,0,18,3928,3342,149,211,137,89
2021,East Suffolk 029,E02006300,6497,3766,3589,3120,935,2185,63,17,46,406,180,226,177,98,71,69,58,11,0,0,0,2,2,0,27,2633,1527,230,301,415,160
2021,East Suffolk 030,E02006301,5409,2848,2706,2235,633,1602,81,14,67,390,199,191,142,59,48,45,37,8,0,0,0,3,0,3,11,2502,1763,175,180,219,165
2021,East Suffolk 001,E02006302,5833,2869,2740,2189,677,1512,93,25,68,458,212,246,129,74,52,50,40,10,1,1,0,1,1,0,22,2890,2154,131,241,250,114
2021,East Suffolk 002,E02006303,6238,3286,3065,2663,915,1748,49,13,36,353,128,225,221,99,59,58,51,7,0,0,0,1,1,0,40,2853,1422,263,428,534,206
2021,East Suffolk 003,E02006304,6904,3408,3256,2753,875,1878,68,18,50,435,176,259,152,87,61,59,48,11,0,0,0,2,1,1,26,3409,2500,163,295,299,152
2021,East Suffolk 004,E02006305,7595,4271,3927,3437,1166,2271,73,14,59,417,195,222,344,159,111,103,82,21,0,0,0,8,7,1,48,3165,1239,314,586,697,329
2021,East Suffolk 005,E02006306,6045,3147,2951,2495,794,1701,57,9,48,399,151,248,196,71,46,44,38,6,0,0,0,2,2,0,25,2827,1872,167,304,312,172
2021,East Suffolk 007,E02006307,6407,3108,3010,2482,803,1679,86,15,71,442,195,247,98,83,59,58,50,8,0,0,0,1,1,0,24,3216,2567,159,220,165,105
2021,East Suffolk 006,E02006308,6309,3263,2942,2442,818,1624,56,19,37,444,189,255,321,116,86,84,74,10,1,1,0,1,1,0,30,2930,1383,198,375,671,303
2021,East Suffolk 009,E02006309,5595,2555,2371,2004,679,1325,43,9,34,324,132,192,184,64,42,41,35,6,0,0,0,1,1,0,22,2976,1949,191,310,369,157
2021,East Suffolk 008,E02006310,6579,3906,3745,3179,980,2199,91,18,73,475,201,274,161,128,85,81,68,13,0,0,0,4,4,0,43,2545,1679,197,273,238,158
2021,East Suffolk 010,E02006311,6920,3408,3260,2687,874,1813,91,26,65,482,228,254,148,81,61,56,47,9,1,1,0,4,2,2,20,3431,2352,217,303,380,179
2021,East Suffolk 011,E02006312,7201,3948,3807,3103,965,2138,117,24,93,587,280,307,141,114,84,77,69,8,0,0,0,7,5,2,30,3139,2329,194,273,219,124
2021,East Suffolk 012,E02006313,8465,4127,3973,3288,1056,2232,95,24,71,590,253,337,154,119,91,91,68,23,0,0,0,0,0,0,28,4219,3024,242,368,393,192
2021,East Suffolk 013,E02006314,6168,3298,3174,2414,685,1729,118,24,94,642,300,342,124,73,47,44,37,7,0,0,0,3,2,1,26,2797,2044,154,257,217,125
2021,East Suffolk 014,E02006315,5088,2339,2222,1582,562,1020,97,28,69,543,290,253,117,56,41,38,31,7,0,0,0,3,1,2,15,2693,2081,118,202,181,111
2021,East Suffolk 015,E02006316,6044,2907,2782,2142,719,1423,88,21,67,552,269,283,125,66,56,52,45,7,0,0,0,4,4,0,10,3071,2307,142,254,249,119
2021,Elmbridge 001,E02006317,5033,3135,3008,2363,607,1756,79,22,57,566,281,285,127,82,69,59,45,14,2,1,1,8,7,1,13,1816,1190,200,202,102,122
2021,Elmbridge 002,E02006318,5621,3677,3529,2626,570,2056,156,34,122,747,385,362,148,54,48,45,35,10,1,1,0,2,0,2,6,1890,1192,253,254,70,121
2021,Elmbridge 003,E02006319,5620,3631,3480,2690,737,1953,96,28,68,694,316,378,151,101,75,65,56,9,0,0,0,10,8,2,26,1888,1007,221,292,207,161
2021,Elmbridge 004,E02006320,5610,3802,3610,2884,712,2172,77,23,54,649,283,366,192,82,63,48,38,10,1,1,0,14,11,3,19,1726,841,180,301,208,196
2021,Elmbridge 005,E02006321,5045,3316,3197,2444,526,1918,119,17,102,634,327,307,119,66,50,44,32,12,0,0,0,6,5,1,16,1663,1045,233,219,69,97
2021,Elmbridge 006,E02006322,5032,3341,3242,2523,520,2003,105,23,82,614,300,314,99,87,68,63,48,15,0,0,0,5,5,0,19,1604,914,283,229,80,98
2021,Elmbridge 007,E02006323,6021,3807,3655,2902,603,2299,124,23,101,629,291,338,152,70,60,46,38,8,3,1,2,11,8,3,10,2144,1364,217,295,121,147
2021,Elmbridge 008,E02006324,6015,4099,3927,3264,757,2507,89,17,72,574,272,302,172,101,82,78,64,14,2,0,2,2,2,0,19,1815,1018,267,288,125,117
2021,Elmbridge 009,E02006325,6997,4577,4410,3450,769,2681,165,29,136,795,389,406,167,87,60,50,40,10,1,0,1,9,9,0,27,2333,1399,396,357,66,115
2021,Elmbridge 010,E02006326,5882,3859,3718,3004,565,2439,120,21,99,594,284,310,141,118,93,81,65,16,2,1,1,10,7,3,25,1905,1137,222,305,112,129
2021,Elmbridge 011,E02006327,5229,3176,3054,2358,521,1837,121,25,96,575,268,307,122,65,46,42,32,10,0,0,0,4,4,0,19,1988,1296,244,313,73,62
2021,Elmbridge 012,E02006328,7606,5114,4882,3844,801,3043,167,35,132,871,435,436,232,112,89,75,60,15,5,0,5,9,4,5,23,2380,1408,329,342,153,148
2021,Elmbridge 013,E02006329,5712,3272,3148,2316,510,1806,183,28,155,649,356,293,124,69,55,46,32,14,3,1,2,6,3,3,14,2371,1298,326,478,92,177
2021,Elmbridge 014,E02006330,7783,4811,4622,3650,886,2764,154,36,118,818,382,436,189,112,90,79,70,9,0,0,0,11,10,1,22,2860,1745,306,421,198,190
2021,Elmbridge 015,E02006331,5723,3451,3340,2570,586,1984,121,20,101,649,356,293,111,88,59,56,50,6,0,0,0,3,3,0,29,2184,1395,286,289,127,87
2021,Elmbridge 016,E02006332,5349,3275,3156,2395,468,1927,174,34,140,587,278,309,119,50,45,39,31,8,1,1,0,5,3,2,5,2024,1161,293,358,68,144
2021,Elmbridge 017,E02006333,7792,4392,4195,3119,759,2360,206,53,153,870,438,432,197,93,66,61,53,8,2,1,1,3,1,2,27,3307,1787,523,602,187,208
2021,Elmbridge 018,E02006334,6702,3765,3649,2659,563,2096,232,36,196,758,436,322,116,62,40,31,28,3,1,1,0,8,5,3,22,2875,1603,398,642,65,167
2021,Epsom and Ewell 001,E02006335,6552,3999,3837,3034,736,2298,142,29,113,661,304,357,162,107,85,77,62,15,0,0,0,8,6,2,22,2446,1661,279,261,102,143
2021,Epsom and Ewell 002,E02006336,5609,3707,3560,2895,718,2177,85,28,57,580,246,334,147,90,63,61,53,8,0,0,0,2,1,1,27,1812,940,268,281,167,156
2021,Epsom and Ewell 003,E02006337,7161,4436,4296,3474,859,2615,115,23,92,707,301,406,140,113,85,73,64,9,2,0,2,10,7,3,28,2612,1800,285,313,78,136
2021,Epsom and Ewell 004,E02006338,5422,3408,3289,2676,657,2019,85,22,63,528,218,310,119,80,60,55,51,4,0,0,0,5,4,1,20,1934,1283,223,203,95,130
2021,Epsom and Ewell 005,E02006339,8281,5663,5439,4489,1045,3444,144,32,112,806,359,447,224,128,94,87,74,13,1,1,0,6,5,1,34,2490,1165,391,410,297,227
2021,Epsom and Ewell 007,E02006341,8230,5120,4905,4043,953,3090,106,21,85,756,343,413,215,199,147,127,112,15,2,2,0,18,14,4,52,2911,1662,497,326,223,203
2021,Epsom and Ewell 008,E02006342,6720,4062,3876,3192,624,2568,101,17,84,583,260,323,186,176,127,106,84,22,5,4,1,16,16,0,49,2482,1364,527,252,182,157
2021,Epsom and Ewell 009,E02006343,7080,4400,4301,3445,833,2612,135,34,101,721,351,370,99,137,88,77,65,12,2,1,1,9,8,1,49,2543,1563,423,287,138,132
2021,Guildford 001,E02006344,7094,4105,3988,3031,774,2257,159,30,129,798,409,389,117,131,89,81,63,18,1,1,0,7,6,1,42,2858,1876,297,322,150,213
2021,Guildford 002,E02006345,6444,4198,4060,3440,597,2843,101,26,75,519,247,272,138,113,94,87,40,47,0,0,0,7,7,0,19,2133,1160,279,232,77,385
2021,Guildford 003,E02006346,8048,4548,4396,3232,818,2414,210,46,164,954,498,456,152,123,97,89,79,10,1,0,1,7,6,1,26,3377,2307,430,440,78,122
2021,Guildford 004,E02006347,5882,3842,3731,3106,669,2437,66,11,55,559,247,312,111,57,45,42,33,9,1,0,1,2,2,0,12,1983,1385,180,206,109,103
2021,Guildford 005,E02006348,7018,4192,4059,3225,768,2457,127,22,105,707,319,388,133,145,106,94,73,21,0,0,0,12,11,1,39,2681,1757,390,226,162,146
2021,Guildford 006,E02006349,6508,4122,3937,3259,713,2546,92,22,70,586,261,325,185,272,204,186,149,37,2,1,1,16,15,1,68,2114,1002,602,206,139,165
2021,Guildford 007,E02006350,5146,3223,3073,2536,624,1912,57,13,44,480,209,271,150,175,131,113,96,17,0,0,0,18,13,5,44,1748,731,304,273,264,176
2021,Guildford 008,E02006351,6572,4309,4174,3458,872,2586,107,24,83,609,274,335,135,119,91,82,67,15,2,1,1,7,7,0,28,2144,1285,336,258,158,107
2021,Guildford 009,E02006352,5173,2881,2790,2308,528,1780,78,14,64,404,162,242,91,326,243,214,184,30,0,0,0,29,24,5,83,1966,828,816,150,80,92
2021,Guildford 010,E02006353,4988,3100,2976,2468,592,1876,48,10,38,460,206,254,124,90,74,70,59,11,0,0,0,4,1,3,16,1798,1060,179,214,206,139
2021,Guildford 011,E02006354,7680,4554,4419,3572,853,2719,148,21,127,699,350,349,135,155,131,123,102,21,1,1,0,7,7,0,24,2971,1864,492,385,84,146
2021,Guildford 012,E02006355,8659,2990,2809,2422,563,1859,62,17,45,325,138,187,181,963,627,579,526,53,8,3,5,40,34,6,336,4706,611,3481,238,218,158
2021,Guildford 013,E02006356,9904,6457,6196,5213,922,4291,149,24,125,834,396,438,261,427,335,298,204,94,2,2,0,35,26,9,92,3020,1152,953,344,263,308
2021,Guildford 014,E02006357,5890,3933,3825,3153,693,2460,94,21,73,578,226,352,108,91,75,68,57,11,0,0,0,7,5,2,16,1866,1250,162,203,128,123
2021,Guildford 015,E02006358,7900,3013,2895,2452,498,1954,67,14,53,376,183,193,118,869,579,521,444,77,2,2,0,56,56,0,290,4018,796,2780,195,109,138
2021,Guildford 016,E02006359,5088,2960,2856,2268,441,1827,105,21,84,483,266,217,104,135,101,91,71,20,0,0,0,10,8,2,34,1993,1155,394,253,81,110
2021,Guildford 017,E02006360,6655,3960,3820,2903,703,2200,172,29,143,745,356,389,140,85,70,68,58,10,1,1,0,1,1,0,15,2610,1700,295,346,135,134
2021,Guildford 018,E02006361,4714,2703,2630,1872,484,1388,146,33,113,612,314,298,73,66,50,44,39,5,1,1,0,5,4,1,16,1945,1277,227,264,83,94
2021,Mole Valley 001,E02006362,5556,3174,3085,2490,624,1866,82,17,65,513,262,251,89,92,74,70,61,9,2,2,0,2,2,0,18,2290,1565,283,262,78,102
2021,Mole Valley 002,E02006363,4853,2825,2739,2164,517,1647,85,21,64,490,250,240,86,68,56,51,51,0,2,2,0,3,2,1,12,1960,1337,211,195,125,92
2021,Mole Valley 003,E02006364,6207,4232,4028,3342,777,2565,70,17,53,616,263,353,204,84,68,66,56,10,0,0,0,2,1,1,16,1891,948,190,288,265,200
2021,Mole Valley 004,E02006365,5283,3023,2908,2306,530,1776,85,19,66,517,274,243,115,67,56,53,40,13,0,0,0,3,3,0,11,2193,1457,232,227,166,111
2021,Mole Valley 005,E02006366,6614,3860,3733,2856,796,2060,133,28,105,744,346,398,127,111,91,83,77,6,0,0,0,8,6,2,20,2643,1884,269,287,102,101
2021,Mole Valley 006,E02006367,4930,2657,2564,2004,533,1471,76,17,59,484,264,220,93,82,70,63,53,10,0,0,0,7,7,0,12,2191,1630,190,194,98,79
2021,Mole Valley 007,E02006368,4720,2543,2466,1876,517,1359,85,12,73,505,241,264,77,64,45,43,34,9,0,0,0,2,2,0,19,2113,1528,167,187,147,84
2021,Mole Valley 008,E02006369,5439,2994,2905,2126,579,1547,112,25,87,667,339,328,89,61,41,40,32,8,0,0,0,1,1,0,20,2384,1794,170,208,103,109
2021,Mole Valley 009,E02006370,5328,3384,3264,2595,597,1998,81,14,67,588,248,340,120,68,52,51,43,8,0,0,0,1,0,1,16,1876,1277,236,173,76,114
2021,Mole Valley 010,E02006371,6091,3744,3621,2863,734,2129,107,13,94,651,348,303,123,87,72,67,53,14,1,1,0,4,4,0,15,2260,1495,226,235,174,130
2021,Mole Valley 011,E02006372,5151,3226,3105,2467,660,1807,76,19,57,562,259,303,121,75,58,57,49,8,0,0,0,1,0,1,17,1850,1105,193,242,177,133
2021,Mole Valley 012,E02006373,6248,3816,3688,2656,755,1901,169,34,135,863,427,436,128,88,73,63,55,8,0,0,0,10,5,5,15,2344,1563,234,274,128,145
2021,Mole Valley 013,E02006374,5909,3533,3427,2494,682,1812,131,20,111,802,369,433,106,64,48,42,34,8,0,0,0,6,5,1,16,2312,1536,191,227,210,148
2021,Reigate and Banstead 001,E02006375,5450,3390,3288,2510,680,1830,145,29,116,633,304,329,102,86,58,58,52,6,0,0,0,0,0,0,28,1974,1366,187,234,88,99
2021,Reigate and Banstead 002,E02006376,7825,3883,3686,2826,799,2027,171,37,134,689,277,412,197,99,87,80,67,13,4,4,0,3,1,2,12,3843,2094,244,255,255,995
2021,Reigate and Banstead 003,E02006377,5117,2936,2838,2177,565,1612,106,25,81,555,254,301,98,83,67,67,56,11,0,0,0,0,0,0,16,2098,1457,213,238,96,94
2021,Reigate and Banstead 004,E02006378,7106,4563,4413,3434,844,2590,185,33,152,794,370,424,150,103,77,72,61,11,0,0,0,5,5,0,26,2440,1476,303,356,144,161
2021,Reigate and Banstead 005,E02006379,5215,3448,3281,2681,680,2001,76,22,54,524,223,301,167,93,58,55,41,14,0,0,0,3,2,1,35,1674,782,202,300,228,162
2021,Reigate and Banstead 006,E02006380,5903,3311,3238,2483,649,1834,138,31,107,617,309,308,73,84,66,59,45,14,1,1,0,6,4,2,18,2508,1824,211,248,93,132
2021,Reigate and Banstead 007,E02006381,6017,3504,3393,2494,614,1880,199,40,159,700,339,361,111,64,54,44,37,7,4,3,1,6,3,3,10,2449,1582,256,333,113,165
2021,Reigate and Banstead 008,E02006382,5263,3508,3341,2804,699,2105,54,13,41,483,207,276,167,83,64,62,52,10,0,0,0,2,2,0,19,1672,827,196,238,234,177
2021,Reigate and Banstead 009,E02006383,8005,4942,4783,3839,756,3083,174,44,130,770,371,399,159,113,81,76,59,17,0,0,0,5,4,1,32,2950,1874,432,352,116,176
2021,Reigate and Banstead 010,E02006384,8622,5620,5360,4496,965,3531,125,23,102,739,354,385,260,167,143,140,112,28,0,0,0,3,0,3,24,2835,1495,354,444,279,263
2021,Reigate and Banstead 011,E02006385,8985,6544,6311,5463,966,4497,103,26,77,745,342,403,233,148,115,109,75,34,1,1,0,5,5,0,33,2293,1103,308,395,228,259
2021,Reigate and Banstead 012,E02006386,6456,4208,4074,3309,780,2529,129,17,112,636,306,330,134,135,108,103,78,25,0,0,0,5,4,1,27,2113,1298,292,291,124,108
2021,Reigate and Banstead 013,E02006387,5203,3307,3181,2611,689,1922,61,16,45,509,216,293,126,102,78,70,61,9,1,1,0,7,6,1,24,1794,1017,218,241,194,124
2021,Reigate and Banstead 014,E02006388,7486,5137,4959,4208,905,3303,79,20,59,672,306,366,178,175,133,129,99,30,1,1,0,3,3,0,42,2174,1215,226,290,252,191
2021,Reigate and Banstead 015,E02006389,5815,3655,3523,2822,732,2090,106,23,83,595,265,330,132,101,81,77,68,9,1,0,1,3,1,2,20,2059,1258,200,250,201,150
2021,Reigate and Banstead 016,E02006390,8110,5527,5315,4481,1074,3407,113,23,90,721,277,444,212,89,63,60,50,10,1,0,1,2,2,0,26,2494,1525,268,335,195,171
2021,Reigate and Banstead 017,E02006391,6045,4218,4081,3421,868,2553,110,26,84,550,246,304,137,99,77,70,56,14,1,1,0,6,6,0,22,1728,1134,169,228,86,111
2021,Reigate and Banstead 018,E02006392,7512,4847,4575,3837,925,2912,103,33,70,635,228,407,272,110,86,76,62,14,2,1,1,8,2,6,24,2555,1575,167,302,307,204
2021,Runnymede 001,E02006393,6019,2968,2806,2355,474,1881,64,11,53,387,166,221,162,570,421,385,346,39,0,0,0,36,34,2,149,2481,868,1200,186,93,134
2021,Runnymede 002,E02006394,10462,3556,3360,2765,630,2135,110,20,90,485,210,275,196,1280,824,732,676,56,8,8,0,84,81,3,456,5626,1262,3701,322,164,177
2021,Runnymede 003,E02006395,7875,5267,4970,4136,958,3178,86,19,67,748,331,417,297,144,110,97,83,14,0,0,0,13,8,5,34,2464,1369,335,362,183,215
2021,Runnymede 004,E02006396,5028,2945,2820,2220,556,1664,79,15,64,521,225,296,125,80,64,56,48,8,0,0,0,8,8,0,16,2003,1307,262,203,108,123
2021,Runnymede 005,E02006397,5182,2998,2886,2155,454,1701,174,33,141,557,260,297,112,81,66,61,49,12,0,0,0,5,5,0,15,2103,1216,305,367,59,156
2021,Runnymede 006,E02006398,6959,4835,4612,3803,856,2947,117,22,95,692,274,418,223,100,70,67,50,17,0,0,0,3,2,1,30,2024,1147,207,288,181,201
2021,Runnymede 007,E02006399,9833,6494,6247,5147,1170,3977,147,32,115,953,410,543,247,140,112,99,80,19,1,1,0,12,8,4,28,3199,1936,337,412,263,251
2021,Runnymede 008,E02006400,4700,2854,2747,2163,509,1654,100,16,84,484,219,265,107,48,33,27,22,5,0,0,0,6,6,0,15,1798,1194,154,177,158,115
2021,Runnymede 009,E02006401,8564,5428,5216,4304,1051,3253,99,25,74,813,366,447,212,140,102,93,75,18,0,0,0,9,8,1,38,2996,1784,327,390,233,262
2021,Runnymede 010,E02006402,8091,5032,4874,3996,952,3044,123,34,89,755,323,432,158,138,116,110,95,15,0,0,0,6,4,2,22,2921,1922,314,339,155,191
2021,Spelthorne 001,E02006403,5385,3539,3278,2802,688,2114,94,34,60,382,139,243,261,65,45,37,29,8,0,0,0,8,3,5,20,1781,805,204,324,227,221
2021,Spelthorne 002,E02006404,5945,3875,3652,3105,729,2376,87,23,64,460,189,271,223,109,78,73,58,15,0,0,0,5,3,2,31,1961,845,256,365,263,232
2021,Spelthorne 003,E02006405,9282,6072,5795,4908,1054,3854,110,30,80,777,288,489,277,136,109,99,76,23,0,0,0,10,3,7,27,3074,1838,324,320,179,413
2021,Spelthorne 004,E02006406,7465,5139,4837,4083,702,3381,95,28,67,659,277,382,302,151,113,98,70,28,1,1,0,14,10,4,38,2175,1149,310,302,177,237
2021,Spelthorne 005,E02006407,7541,4787,4575,3850,879,2971,129,34,95,596,254,342,212,128,82,80,63,17,1,0,1,1,1,0,46,2626,1731,260,278,196,161
2021,Spelthorne 006,E02006408,7138,4780,4567,3808,846,2962,87,31,56,672,275,397,213,130,98,85,62,23,0,0,0,13,11,2,32,2228,1399,226,279,141,183
2021,Spelthorne 007,E02006409,5427,3433,3252,2758,686,2072,66,15,51,428,179,249,181,100,59,57,52,5,1,1,0,1,0,1,41,1894,1122,197,230,218,127
2021,Spelthorne 008,E02006410,6663,4311,4075,3418,782,2636,92,25,67,565,246,319,236,158,117,107,73,34,3,3,0,7,6,1,41,2194,1011,280,378,293,232
2021,Spelthorne 009,E02006411,5996,3723,3568,2959,655,2304,86,21,65,523,217,306,155,86,60,56,50,6,0,0,0,4,3,1,26,2187,1612,180,209,70,116
2021,Spelthorne 010,E02006412,6246,3918,3743,2967,725,2242,116,24,92,660,283,377,175,94,76,63,50,13,0,0,0,13,8,5,18,2234,1542,231,221,102,138
2021,Spelthorne 011,E02006413,5291,3176,3027,2482,612,1870,85,25,60,460,224,236,149,69,52,50,45,5,0,0,0,2,1,1,17,2046,1363,186,185,193,119
2021,Spelthorne 012,E02006414,5074,3114,2996,2418,602,1816,73,19,54,505,201,304,118,81,42,41,32,9,1,1,0,0,0,0,39,1879,1234,169,207,161,108
2021,Spelthorne 013,E02006415,5910,3300,3180,2493,618,1875,88,12,76,599,276,323,120,88,71,66,55,11,2,1,1,3,2,1,17,2522,1913,171,199,107,132
2021,Surrey Heath 001,E02006416,6926,4072,3929,3002,740,2262,155,34,121,772,379,393,143,91,70,67,55,12,1,1,0,2,1,1,21,2763,1865,270,351,118,159
2021,Surrey Heath 002,E02006417,4901,3134,3015,2499,558,1941,65,12,53,451,200,251,119,68,52,47,41,6,0,0,0,5,5,0,16,1699,1128,129,194,132,116
2021,Surrey Heath 003,E02006418,5547,3331,3236,2627,614,2013,92,23,69,517,227,290,95,95,70,66,57,9,0,0,0,4,4,0,25,2121,1581,163,207,70,100
2021,Surrey Heath 004,E02006419,6639,4279,4052,3413,789,2624,85,16,69,554,217,337,227,138,113,101,86,15,3,3,0,9,9,0,25,2222,1138,245,340,267,232
2021,Surrey Heath 005,E02006420,6508,3849,3713,2989,659,2330,143,24,119,581,264,317,136,124,98,85,68,17,0,0,0,13,8,5,26,2535,1732,277,267,100,159
2021,Surrey Heath 006,E02006421,8188,5132,4962,4066,920,3146,139,27,112,757,366,391,170,151,101,92,83,9,3,3,0,6,5,1,50,2905,1565,434,293,199,414
2021,Surrey Heath 007,E02006422,4932,3137,3036,2567,613,1954,55,11,44,414,192,222,101,111,84,84,71,13,0,0,0,0,0,0,27,1684,1186,193,178,58,69
2021,Surrey Heath 008,E02006423,9274,5959,5629,4698,1016,3682,103,25,78,828,352,476,330,154,127,120,96,24,0,0,0,7,6,1,27,3161,1781,363,452,287,278
2021,Surrey Heath 009,E02006424,5279,3185,3071,2512,585,1927,99,24,75,460,207,253,114,91,70,69,63,6,0,0,0,1,0,1,21,2003,1397,220,215,72,99
2021,Surrey Heath 010,E02006425,5228,3310,3198,2752,595,2157,57,15,42,389,171,218,112,72,56,52,44,8,0,0,0,4,4,0,16,1846,1184,191,213,126,132
2021,Surrey Heath 011,E02006426,4500,2918,2819,2358,595,1763,56,13,43,405,195,210,99,76,56,54,46,8,1,1,0,1,0,1,20,1506,1124,117,148,59,58
2021,Surrey Heath 012,E02006427,5863,3888,3749,3163,660,2503,89,20,69,497,210,287,139,84,59,57,50,7,0,0,0,2,2,0,25,1891,1262,203,210,101,115
2021,Tandridge 002,E02006429,6647,4454,4279,3475,706,2769,149,25,124,655,301,354,175,84,67,62,53,9,0,0,0,5,2,3,17,2109,1317,213,273,150,156
2021,Tandridge 003,E02006430,7458,4893,4697,3836,948,2888,107,23,84,754,322,432,196,120,95,87,71,16,0,0,0,8,8,0,25,2445,1392,306,289,267,191
2021,Tandridge 004,E02006431,8982,5571,5352,4257,922,3335,183,38,145,912,430,482,219,126,94,85,65,20,0,0,0,9,5,4,32,3285,1868,586,407,213,211
2021,Tandridge 005,E02006432,4632,2689,2591,2038,547,1491,104,32,72,449,208,241,98,69,55,52,48,4,0,0,0,3,3,0,14,1874,1208,163,187,148,168
2021,Tandridge 006,E02006433,7721,4571,4442,3463,845,2618,164,35,129,815,401,414,129,125,97,87,75,12,0,0,0,10,10,0,28,3025,2126,272,390,109,128
2021,Tandridge 007,E02006434,5215,3245,3114,2477,646,1831,105,27,78,532,246,286,131,79,57,49,44,5,0,0,0,8,7,1,22,1891,1167,206,256,138,124
2021,Tandridge 008,E02006435,4950,3045,2918,2221,538,1683,104,13,91,593,274,319,127,49,40,36,28,8,0,0,0,4,4,0,9,1856,1160,190,217,164,125
2021,Tandridge 009,E02006436,5014,3138,3003,2377,604,1773,93,16,77,533,217,316,135,61,48,48,41,7,0,0,0,0,0,0,13,1815,1157,175,234,126,123
2021,Tandridge 010,E02006437,6923,4061,3931,2999,813,2186,151,35,116,781,350,431,130,87,54,51,43,8,0,0,0,3,2,1,33,2775,1875,320,285,159,136
2021,Tandridge 011,E02006438,6996,4161,4003,3018,787,2231,184,41,143,801,382,419,158,90,73,70,59,11,0,0,0,3,3,0,17,2745,1828,243,300,215,159
2021,Waverley 001,E02006439,5104,3211,3124,2515,595,1920,89,11,78,520,229,291,87,83,70,69,61,8,0,0,0,1,1,0,13,1810,1236,173,173,127,101
2021,Waverley 002,E02006440,5873,3631,3494,2803,718,2085,80,23,57,611,281,330,137,150,110,101,83,18,0,0,0,9,9,0,40,2092,1415,286,200,96,95
2021,Waverley 003,E02006441,7075,3794,3629,2790,665,2125,112,32,80,727,348,379,165,255,168,157,145,12,0,0,0,11,11,0,87,3026,1555,814,283,209,165
2021,Waverley 004,E02006442,5029,2782,2702,2047,512,1535,131,25,106,524,285,239,80,90,70,65,54,11,0,0,0,5,5,0,20,2157,1386,267,330,89,85
2021,Waverley 005,E02006443,6052,3918,3785,3082,786,2296,69,22,47,634,276,358,133,90,72,65,51,14,0,0,0,7,6,1,18,2044,1339,155,241,193,116
2021,Waverley 006,E02006444,5526,3368,3269,2580,699,1881,109,27,82,580,311,269,99,130,99,93,80,13,0,0,0,6,5,1,31,2028,1181,308,279,150,110
2021,Waverley 007,E02006445,6738,4261,4129,3332,727,2605,112,23,89,685,352,333,132,86,72,64,48,16,1,1,0,7,5,2,14,2391,1326,607,222,106,130
2021,Waverley 008,E02006446,5615,3216,3127,2272,562,1710,145,18,127,710,359,351,89,63,47,43,40,3,0,0,0,4,3,1,16,2336,1411,355,352,94,124
2021,Waverley 009,E02006447,5289,3169,3069,2413,601,1812,92,20,72,564,265,299,100,108,89,80,64,16,0,0,0,9,8,1,19,2012,1256,321,229,119,87
2021,Waverley 010,E02006448,5828,3642,3515,2840,731,2109,108,15,93,567,302,265,127,97,75,66,59,7,0,0,0,9,8,1,22,2089,1292,227,269,187,114
2021,Waverley 011,E02006449,5666,3367,3268,2525,723,1802,94,17,77,649,330,319,99,80,60,56,49,7,0,0,0,4,3,1,20,2219,1531,211,237,131,109
2021,Waverley 012,E02006450,5751,3531,3430,2497,621,1876,175,23,152,758,383,375,101,104,74,65,55,10,0,0,0,9,7,2,30,2116,1351,271,306,84,104
2021,Waverley 013,E02006451,9579,5327,5167,4036,1071,2965,188,39,149,943,465,478,160,118,94,90,79,11,0,0,0,4,4,0,24,4134,2856,524,387,200,167
2021,Waverley 015,E02006453,7000,3783,3674,2605,713,1892,162,36,126,907,449,458,109,105,81,72,65,7,0,0,0,9,8,1,24,3112,2031,491,330,131,129
2021,Waverley 016,E02006454,5411,3259,3109,2373,600,1773,109,25,84,627,338,289,150,42,30,28,28,0,1,1,0,1,1,0,12,2110,1429,226,305,75,75
2021,Waverley 017,E02006455,5002,3064,2958,2279,553,1726,84,25,59,595,282,313,106,60,52,49,39,10,0,0,0,3,2,1,8,1878,1080,251,232,197,118
2021,Woking 001,E02006456,6424,4186,4021,3291,841,2450,95,30,65,635,256,379,165,108,91,90,80,10,1,1,0,0,0,0,17,2130,1324,207,234,198,167
2021,Woking 002,E02006457,7554,4461,4316,3455,761,2694,154,25,129,707,369,338,145,114,97,89,77,12,2,2,0,6,6,0,17,2979,2077,289,352,105,156
2021,Woking 003,E02006458,7394,4433,4283,3465,755,2710,136,26,110,682,352,330,150,136,93,86,68,18,0,0,0,7,7,0,43,2825,1911,298,364,122,130
2021,Woking 004,E02006459,8291,5268,4946,3899,1068,2831,140,52,88,907,400,507,322,265,206,202,170,32,0,0,0,4,3,1,59,2758,812,423,792,298,433
2021,Woking 005,E02006460,7346,4818,4624,3901,955,2946,90,27,63,633,283,350,194,136,107,98,77,21,0,0,0,9,4,5,29,2392,1364,236,387,205,200
2021,Woking 006,E02006461,5594,3439,3308,2660,547,2113,125,24,101,523,256,267,131,108,93,89,65,24,0,0,0,4,3,1,15,2047,1362,239,249,73,124
2021,Woking 007,E02006462,6675,4473,4301,3569,821,2748,104,24,80,628,288,340,172,121,93,88,72,16,0,0,0,5,4,1,28,2081,1190,243,290,179,179
2021,Woking 008,E02006463,8794,6320,6052,5215,754,4461,115,28,87,722,298,424,268,138,123,110,74,36,0,0,0,13,7,6,15,2336,1294,280,348,197,217
2021,Woking 009,E02006464,5493,3555,3428,2824,691,2133,74,13,61,530,248,282,127,81,62,58,48,10,1,1,0,3,0,3,19,1857,1180,201,199,166,111
2021,Woking 010,E02006465,5043,3150,3045,2474,517,1957,86,28,58,485,249,236,105,101,84,78,55,23,1,1,0,5,5,0,17,1792,1218,205,237,54,78
2021,Woking 011,E02006466,8617,5830,5563,4545,1057,3488,136,29,107,882,391,491,267,153,102,93,77,16,0,0,0,9,8,1,51,2634,1121,428,511,322,252
2021,Woking 012,E02006467,5748,3755,3639,2934,606,2328,111,11,100,594,279,315,116,81,58,53,44,9,0,0,0,5,5,0,23,1912,1236,210,261,92,113
2021,North Warwickshire 001,E02006468,9101,5557,5386,4582,1122,3460,125,19,106,679,280,399,171,143,110,109,80,29,0,0,0,1,0,1,33,3401,2349,291,295,283,183
2021,North Warwickshire 002,E02006469,7073,4320,4138,3536,924,2612,68,20,48,534,226,308,182,98,69,64,48,16,0,0,0,5,5,0,29,2655,1605,242,288,327,193
2021,North Warwickshire 003,E02006470,9667,5527,5272,4549,1145,3404,105,20,85,618,242,376,255,158,130,125,81,44,0,0,0,5,3,2,28,3982,2450,309,414,527,282
2021,North Warwickshire 004,E02006471,5909,3565,3440,2803,715,2088,140,25,115,497,199,298,125,82,65,63,48,15,0,0,0,2,2,0,17,2262,1643,179,209,135,96
2021,North Warwickshire 005,E02006472,8077,4951,4735,3961,992,2969,139,30,109,635,247,388,216,109,88,83,70,13,1,1,0,4,3,1,21,3017,1860,271,337,336,213
2021,North Warwickshire 006,E02006473,8712,5326,5109,4388,1072,3316,117,27,90,604,226,378,217,126,90,84,62,22,0,0,0,6,4,2,36,3260,2359,263,223,234,181
2021,North Warwickshire 007,E02006474,5360,3180,3069,2376,590,1786,151,38,113,542,215,327,111,74,56,51,38,13,0,0,0,5,5,0,18,2106,1397,158,199,212,140
2021,Nuneaton and Bedworth 001,E02006475,7667,4684,4519,3944,915,3029,102,19,83,473,202,271,165,138,99,91,84,7,1,1,0,7,7,0,39,2845,1986,265,243,205,146
2021,Nuneaton and Bedworth 002,E02006476,7340,4583,4282,3793,932,2861,81,24,57,408,154,254,301,108,94,89,57,32,0,0,0,5,1,4,14,2649,1148,296,462,434,309
2021,Nuneaton and Bedworth 003,E02006477,7086,4349,4219,3625,827,2798,121,18,103,473,184,289,130,150,119,117,94,23,0,0,0,2,2,0,31,2587,1835,282,201,167,102
2021,Nuneaton and Bedworth 004,E02006478,6729,4562,4418,3930,883,3047,63,16,47,425,161,264,144,110,81,80,60,20,0,0,0,1,0,1,29,2057,1247,201,238,215,156
2021,Nuneaton and Bedworth 005,E02006479,7515,4523,4234,3819,970,2849,53,14,39,362,131,231,289,141,119,111,71,40,0,0,0,8,6,2,22,2851,1235,292,464,507,353
2021,Nuneaton and Bedworth 006,E02006480,6028,3604,3434,3109,780,2329,43,8,35,282,106,176,170,112,87,83,63,20,2,2,0,2,1,1,25,2312,1297,199,288,323,205
2021,Nuneaton and Bedworth 007,E02006481,5686,3313,3161,2813,733,2080,55,12,43,293,111,182,152,102,81,76,52,24,1,0,1,4,3,1,21,2271,1248,199,319,299,206
2021,Nuneaton and Bedworth 008,E02006482,5842,3689,3545,3138,696,2442,59,10,49,348,131,217,144,89,76,75,57,18,0,0,0,1,1,0,13,2064,1254,207,259,203,141
2021,Nuneaton and Bedworth 009,E02006483,6337,3508,3284,2947,760,2187,59,14,45,278,111,167,224,133,108,107,79,28,0,0,0,1,1,0,25,2696,1300,270,416,443,267
2021,Nuneaton and Bedworth 010,E02006484,6279,3853,3678,3268,797,2471,71,14,57,339,130,209,175,114,90,88,67,21,0,0,0,2,1,1,24,2312,1338,208,259,310,197
2021,Nuneaton and Bedworth 011,E02006485,5757,3211,3101,2649,646,2003,84,23,61,368,155,213,110,81,60,58,46,12,0,0,0,2,0,2,21,2465,1977,182,129,98,79
2021,Nuneaton and Bedworth 012,E02006486,5884,3417,3270,2883,726,2157,51,14,37,336,124,212,147,96,67,65,53,12,0,0,0,2,1,1,29,2371,1558,162,237,265,149
2021,Nuneaton and Bedworth 013,E02006487,5676,3032,2844,2491,692,1799,52,12,40,301,113,188,188,84,55,53,40,13,0,0,0,2,2,0,29,2560,1516,218,284,378,164
2021,Nuneaton and Bedworth 014,E02006488,5252,2571,2497,2117,543,1574,75,9,66,305,124,181,74,64,36,32,22,10,0,0,0,4,3,1,28,2617,2052,141,151,173,100
2021,Nuneaton and Bedworth 015,E02006489,6375,3925,3740,3247,818,2429,75,13,62,418,149,269,185,138,110,102,71,31,0,0,0,8,7,1,28,2312,1176,258,346,307,225
2021,Nuneaton and Bedworth 016,E02006490,6194,3706,3497,3102,783,2319,67,12,55,328,138,190,209,111,72,69,57,12,1,1,0,2,2,0,39,2377,1432,215,284,281,165
2021,Rugby 002,E02006493,8548,5901,5703,5110,1054,4056,74,24,50,519,189,330,198,216,186,175,121,54,0,0,0,11,5,6,30,2431,1327,313,319,270,202
2021,Rugby 003,E02006494,6016,3823,3607,3254,673,2581,56,9,47,297,124,173,216,123,97,93,57,36,0,0,0,4,1,3,26,2070,1064,198,262,350,196
2021,Rugby 004,E02006495,6534,3826,3714,3050,703,2347,110,24,86,554,236,318,112,113,84,83,69,14,0,0,0,1,0,1,29,2595,1947,212,180,124,132
2021,Rugby 005,E02006496,5876,4241,4063,3647,660,2987,55,8,47,361,145,216,178,155,137,133,83,50,0,0,0,4,4,0,18,1480,668,205,225,190,192
2021,Rugby 006,E02006497,6548,4545,4339,3870,817,3053,67,12,55,402,146,256,206,113,90,86,67,19,0,0,0,4,2,2,23,1890,929,205,271,296,189
2021,Rugby 007,E02006498,10665,7070,6833,5910,1381,4529,160,28,132,763,295,468,237,252,207,198,168,30,1,0,1,8,7,1,45,3343,1959,482,433,253,216
2021,Rugby 008,E02006499,5133,3358,3279,2857,652,2205,58,12,46,364,145,219,79,102,87,80,67,13,1,0,1,6,5,1,15,1673,1194,173,176,74,56
2021,Rugby 009,E02006500,4958,2709,2630,2264,476,1788,55,9,46,311,128,183,79,98,78,77,51,26,0,0,0,1,0,1,20,2151,1273,484,149,157,88
2021,Rugby 010,E02006501,8129,4924,4757,4062,932,3130,107,24,83,588,232,356,167,159,130,121,102,19,0,0,0,9,3,6,29,3046,2072,299,284,251,140
2021,Rugby 011,E02006502,9197,4921,4777,4117,964,3153,98,28,70,562,252,310,144,135,108,102,81,21,1,0,1,5,4,1,27,4141,2998,315,307,322,199
2021,Rugby 012,E02006503,8160,4774,4650,3721,877,2844,188,34,154,741,342,399,124,134,106,98,86,12,0,0,0,8,7,1,28,3252,2338,277,289,193,155
2021,Stratford-on-Avon 001,E02006504,5013,2922,2846,2102,602,1500,195,42,153,549,267,282,76,47,39,38,32,6,0,0,0,1,0,1,8,2044,1525,162,180,75,102
2021,Stratford-on-Avon 002,E02006505,5956,3204,3114,2353,698,1655,152,35,117,609,284,325,90,78,56,56,53,3,0,0,0,0,0,0,22,2674,2044,197,200,131,102
2021,Stratford-on-Avon 003,E02006506,4959,2851,2745,2292,632,1660,59,15,44,394,156,238,106,75,65,64,50,14,0,0,0,1,0,1,10,2033,1463,149,179,146,96
2021,Stratford-on-Avon 004,E02006507,9096,5985,5807,4865,1111,3754,122,28,94,820,337,483,178,131,98,92,76,16,0,0,0,6,5,1,33,2980,2101,277,281,194,127
2021,Stratford-on-Avon 005,E02006508,9132,5697,5559,4354,1048,3306,202,41,161,1003,446,557,138,136,110,99,83,16,0,0,0,11,9,2,26,3299,2363,282,310,171,173
2021,Stratford-on-Avon 006,E02006509,5000,2842,2743,2214,641,1573,85,17,68,444,178,266,99,63,51,48,40,8,0,0,0,3,3,0,12,2095,1589,124,128,166,88
2021,Stratford-on-Avon 007,E02006510,5839,3140,3063,2287,625,1662,133,33,100,643,302,341,77,58,41,36,33,3,0,0,0,5,4,1,17,2641,2033,196,196,104,112
2021,Stratford-on-Avon 008,E02006511,8741,5200,5086,4146,1104,3042,172,39,133,768,366,402,114,154,116,113,100,13,0,0,0,3,3,0,38,3387,2353,365,294,218,157
2021,Stratford-on-Avon 009,E02006512,10417,6437,6210,5221,1359,3862,153,36,117,836,381,455,227,132,106,104,76,28,1,0,1,1,1,0,26,3848,2409,327,386,397,329
2021,Stratford-on-Avon 010,E02006513,6885,4001,3850,3066,787,2279,102,27,75,682,365,317,151,100,88,87,77,10,0,0,0,1,0,1,12,2784,2017,253,253,139,122
2021,Stratford-on-Avon 011,E02006514,7661,4211,4064,3200,875,2325,137,32,105,727,392,335,147,105,87,79,70,9,1,0,1,7,7,0,18,3345,2455,264,228,228,170
2021,Stratford-on-Avon 012,E02006515,9210,5580,5388,4189,1124,3065,174,50,124,1025,481,544,192,128,112,107,93,14,0,0,0,5,5,0,16,3502,2433,283,357,250,179
2021,Stratford-on-Avon 013,E02006516,8113,5003,4873,3760,874,2886,163,41,122,950,449,501,130,88,73,66,53,13,2,1,1,5,5,0,15,3022,2140,251,318,172,141
2021,Stratford-on-Avon 014,E02006517,7921,5011,4883,3718,932,2786,182,40,142,983,434,549,128,112,95,85,72,13,0,0,0,10,8,2,17,2798,1925,259,332,157,125
2021,Stratford-on-Avon 015,E02006518,8689,4934,4805,3586,985,2601,191,45,146,1028,503,525,129,81,60,52,47,5,2,0,2,6,5,1,21,3674,2681,232,321,214,226
2021,Warwick 001,E02006519,6713,3765,3665,3009,733,2276,120,25,95,536,270,266,100,146,115,105,80,25,0,0,0,10,9,1,31,2802,2046,368,179,80,129
2021,Warwick 002,E02006520,6999,4077,3953,3347,841,2506,74,16,58,532,266,266,124,121,107,103,90,13,0,0,0,4,4,0,14,2801,2032,346,205,112,106
2021,Warwick 003,E02006521,6129,3282,3168,2631,734,1897,71,15,56,466,218,248,114,122,84,77,58,19,0,0,0,7,7,0,38,2725,2048,253,177,152,95
2021,Warwick 004,E02006522,4881,2984,2904,2220,651,1569,152,24,128,532,267,265,80,69,58,56,50,6,0,0,0,2,1,1,11,1828,1344,170,185,44,85
2021,Warwick 005,E02006523,11074,5228,5090,4159,1078,3081,162,43,119,769,346,423,138,460,271,214,192,22,5,5,0,52,52,0,189,5386,2406,2327,297,215,141
2021,Warwick 006,E02006524,4444,2695,2534,2182,606,1576,45,16,29,307,143,164,161,63,45,41,35,6,0,0,0,4,3,1,18,1686,940,179,197,209,161
2021,Warwick 007,E02006525,11171,6324,6122,5150,994,4156,166,32,134,806,374,432,202,339,262,218,174,44,3,2,1,41,39,2,77,4508,2499,1243,307,246,213
2021,Warwick 008,E02006526,7199,4446,4261,3736,964,2772,68,15,53,457,219,238,185,100,81,78,64,14,1,0,1,2,1,1,19,2653,1790,206,242,275,140
2021,Warwick 009,E02006527,7954,4794,4604,3839,764,3075,116,28,88,649,304,345,190,229,190,177,139,38,1,1,0,12,12,0,39,2931,1634,687,226,223,161
2021,Warwick 010,E02006528,9554,5542,5299,4542,899,3643,108,25,83,649,286,363,243,370,302,254,213,41,3,3,0,45,42,3,68,3642,1367,1330,324,356,265
2021,Warwick 011,E02006529,10223,6759,6480,5690,1255,4435,115,23,92,675,311,364,279,176,143,131,107,24,3,1,2,9,8,1,33,3288,1903,421,379,347,238
2021,Warwick 012,E02006530,10666,6975,6738,5752,1223,4529,157,33,124,829,382,447,237,210,169,151,122,29,0,0,0,18,15,3,41,3481,2122,511,398,262,188
2021,Warwick 013,E02006531,8767,4524,4257,3718,844,2874,76,21,55,463,208,255,267,455,351,302,266,36,4,3,1,45,45,0,104,3788,975,1758,379,398,278
2021,Warwick 014,E02006532,9116,6041,5872,4893,1098,3795,141,32,109,838,399,439,169,167,131,119,93,26,2,2,0,10,8,2,36,2908,1862,365,332,183,166
2021,Warwick 015,E02006533,8361,5601,5388,4649,1050,3599,106,17,89,633,267,366,213,129,101,90,68,22,0,0,0,11,10,1,28,2631,1652,320,260,225,174
2021,Adur 001,E02006534,7401,4366,4201,3300,1070,2230,111,27,84,790,329,461,165,135,97,89,83,6,0,0,0,8,8,0,38,2900,1865,285,302,267,181
2021,Adur 002,E02006535,5894,3411,3296,2579,880,1699,93,20,73,624,310,314,115,93,63,61,54,7,0,0,0,2,1,1,30,2390,1792,175,203,118,102
2021,Adur 003,E02006536,6062,3618,3498,2781,880,1901,81,18,63,636,273,363,120,99,72,62,56,6,2,0,2,8,6,2,27,2345,1573,279,192,184,117
2021,Adur 004,E02006537,8383,4810,4581,3673,1166,2507,107,20,87,801,324,477,229,144,107,103,90,13,0,0,0,4,4,0,37,3429,1909,339,458,456,267
2021,Adur 005,E02006538,7740,4550,4363,3297,981,2316,115,20,95,951,438,513,187,104,86,78,66,12,0,0,0,8,8,0,18,3086,2132,261,238,256,199
2021,Adur 006,E02006539,6085,3426,3275,2700,782,1918,69,19,50,506,194,312,151,84,69,65,60,5,0,0,0,4,3,1,15,2575,1662,201,249,291,172
2021,Adur 007,E02006540,4796,2620,2483,2016,642,1374,48,10,38,419,170,249,137,46,35,33,25,8,0,0,0,2,0,2,11,2130,1412,138,196,220,164
2021,Adur 008,E02006541,6587,3685,3540,2863,853,2010,79,14,65,598,252,346,145,76,56,51,40,11,0,0,0,5,4,1,20,2826,2036,184,232,228,146
2021,Arun 001,E02006542,5014,2662,2587,1853,542,1311,140,28,112,594,309,285,75,106,96,86,71,15,1,1,0,9,9,0,10,2246,1671,165,189,99,122
2021,Arun 002,E02006543,4829,2619,2519,1913,628,1285,80,22,58,526,256,270,100,78,61,57,48,9,0,0,0,4,4,0,17,2132,1631,116,151,139,95
2021,Arun 003,E02006544,9697,5566,5402,4269,1243,3026,157,31,126,976,466,510,164,155,115,113,101,12,2,2,0,0,0,0,40,3976,2762,352,362,303,197
2021,Arun 004,E02006545,9252,5887,5611,4739,1406,3333,96,19,77,776,305,471,276,211,166,157,139,18,0,0,0,9,4,5,45,3154,1635,315,514,432,258
2021,Arun 005,E02006546,9120,4951,4767,3956,1154,2802,129,27,102,682,328,354,184,199,158,154,136,18,0,0,0,4,3,1,41,3970,2860,295,317,329,169
2021,Arun 006,E02006547,5750,3147,2984,2382,722,1660,84,16,68,518,249,269,163,103,77,71,64,7,0,0,0,6,5,1,26,2500,1475,182,225,203,415
2021,Arun 007,E02006548,8056,4751,4556,3784,1194,2590,90,20,70,682,279,403,195,152,122,119,106,13,2,2,0,1,1,0,30,3153,2312,229,238,205,169
2021,Arun 008,E02006549,5681,2275,2174,1638,530,1108,98,24,74,438,251,187,101,61,42,41,36,5,0,0,0,1,1,0,19,3345,2833,124,184,104,100
2021,Arun 009,E02006550,8269,4108,3943,3223,1084,2139,89,25,64,631,280,351,165,142,106,104,93,11,0,0,0,2,1,1,36,4019,3045,218,317,274,165
2021,Arun 010,E02006551,7391,2561,2465,1902,633,1269,82,28,54,481,240,241,96,71,52,48,37,11,0,0,0,4,2,2,19,4759,4132,120,188,182,137
2021,Arun 011,E02006552,6254,3630,3369,2777,751,2026,98,20,78,494,218,276,261,82,53,53,41,12,0,0,0,0,0,0,29,2542,1433,162,246,423,278
2021,Arun 012,E02006553,7850,4972,4793,3991,1133,2858,97,27,70,705,293,412,179,142,112,110,95,15,1,1,0,1,0,1,30,2736,1832,207,295,228,174
2021,Arun 013,E02006554,5762,2808,2711,2115,689,1426,90,23,67,506,236,270,97,82,68,67,55,12,1,1,0,0,0,0,14,2872,2300,146,166,163,97
2021,Arun 014,E02006555,6365,3752,3589,3007,877,2130,58,12,46,524,202,322,163,157,123,113,94,19,0,0,0,10,5,5,34,2456,1343,330,275,319,189
2021,Arun 015,E02006556,8821,4566,4424,3489,1113,2376,123,23,100,812,362,450,142,167,130,125,113,12,0,0,0,5,5,0,37,4088,3120,277,306,213,172
2021,Arun 016,E02006557,6283,3846,3632,3061,862,2199,76,12,64,495,211,284,214,118,105,101,83,18,0,0,0,4,4,0,13,2319,1156,281,336,338,208
2021,Arun 017,E02006558,9369,5073,4821,4160,977,3183,95,25,70,566,273,293,252,216,158,146,110,36,0,0,0,12,9,3,58,4080,2225,472,319,595,469
2021,Arun 018,E02006559,7350,3029,2924,2220,765,1455,99,36,63,605,305,300,105,80,52,51,46,5,1,1,0,0,0,0,28,4241,3540,153,231,178,139
2021,Arun 019,E02006560,8452,4195,4043,3207,1015,2192,102,29,73,734,339,395,152,125,92,86,77,9,0,0,0,6,6,0,33,4132,3267,142,243,249,231
2021,Chichester 001,E02006561,5409,3200,3084,2216,575,1641,109,18,91,759,371,388,116,77,59,57,45,12,0,0,0,2,1,1,18,2132,1300,216,299,177,140
2021,Chichester 002,E02006562,5108,2904,2812,1925,568,1357,148,26,122,739,368,371,92,71,53,46,42,4,0,0,0,7,4,3,18,2133,1478,171,293,87,104
2021,Chichester 003,E02006563,4884,2733,2638,1754,505,1249,145,31,114,739,392,347,95,80,64,60,51,9,0,0,0,4,4,0,16,2071,1363,207,273,83,145
2021,Chichester 004,E02006564,6743,3709,3592,2640,756,1884,124,23,101,828,420,408,117,82,65,59,51,8,1,1,0,5,5,0,17,2952,2214,182,261,147,148
2021,Chichester 005,E02006565,6865,3737,3622,2442,746,1696,142,32,110,1038,522,516,115,114,77,71,60,11,1,1,0,5,5,0,37,3014,2113,268,351,126,156
2021,Chichester 006,E02006566,7009,3561,3452,2588,800,1788,122,24,98,742,371,371,109,130,89,82,76,6,0,0,0,7,6,1,41,3318,2433,315,263,191,116
2021,Chichester 007,E02006567,6415,3683,3581,2657,798,1859,177,43,134,747,389,358,102,86,60,53,50,3,1,1,0,6,4,2,26,2646,1853,201,286,158,148
2021,Chichester 008,E02006568,10376,5464,5231,4374,1210,3164,116,27,89,741,361,380,233,542,377,365,329,36,1,1,0,11,11,0,165,4370,2152,1024,420,518,256
2021,Chichester 009,E02006569,8092,4606,4455,3587,1035,2552,128,37,91,740,342,398,151,122,96,85,74,11,1,1,0,10,6,4,26,3364,2407,209,335,142,271
2021,Chichester 010,E02006570,7874,4131,3958,3228,819,2409,109,27,82,621,301,320,173,315,217,202,179,23,1,1,0,14,14,0,98,3428,2091,638,227,265,207
2021,Chichester 011,E02006571,7088,3911,3778,2960,880,2080,113,21,92,705,355,350,133,165,121,115,101,14,0,0,0,6,6,0,44,3012,2176,331,231,138,136
2021,Chichester 012,E02006572,9364,5668,5424,4396,1239,3157,107,31,76,921,407,514,244,255,184,171,150,21,0,0,0,13,12,1,71,3441,2046,467,369,307,252
2021,Chichester 013,E02006573,9911,4988,4802,3375,1130,2245,199,48,151,1228,581,647,186,118,92,88,80,8,0,0,0,4,2,2,26,4805,3653,254,421,236,241
2021,Chichester 014,E02006574,9581,4502,4277,3329,1029,2300,110,17,93,838,395,443,225,134,107,105,95,10,1,1,0,1,1,0,27,4945,3854,241,286,316,248
2021,Crawley 001,E02006575,6958,4325,3970,3327,1017,2310,101,40,61,542,230,312,355,186,136,121,89,32,0,0,0,15,9,6,50,2447,939,370,486,274,378
2021,Crawley 002,E02006576,8331,5835,5564,4787,1142,3645,113,32,81,664,278,386,271,138,107,99,81,18,2,0,2,6,6,0,31,2358,1398,296,385,127,152
2021,Crawley 003,E02006577,7096,4462,4195,3608,969,2639,93,27,66,494,195,299,267,140,115,102,79,23,3,0,3,10,3,7,25,2494,1253,276,407,319,239
2021,Crawley 004,E02006578,10025,6868,6364,5543,1421,4122,133,44,89,688,297,391,504,180,147,141,97,44,0,0,0,6,5,1,33,2977,1248,428,608,312,381
2021,Crawley 005,E02006579,6773,4449,4206,3600,862,2738,70,21,49,536,224,312,243,121,96,92,72,20,0,0,0,4,3,1,25,2203,1198,277,316,203,209
2021,Crawley 006,E02006580,6751,4310,4023,3474,947,2527,90,25,65,459,187,272,287,147,105,94,70,24,0,0,0,11,3,8,42,2294,1389,253,274,215,163
2021,Crawley 007,E02006581,8250,5392,4985,4288,1153,3135,111,25,86,586,230,356,407,149,101,94,75,19,3,0,3,4,4,0,48,2709,1281,280,481,296,371
2021,Crawley 008,E02006582,6246,4393,4176,3599,857,2742,102,22,80,475,209,266,217,131,80,77,68,9,0,0,0,3,1,2,51,1722,1089,248,231,51,103
2021,Crawley 009,E02006583,7693,4893,4637,4004,1098,2906,80,19,61,553,231,322,256,147,108,99,82,17,0,0,0,9,8,1,39,2653,1553,280,352,240,228
2021,Crawley 010,E02006584,6064,4031,3724,3307,912,2395,52,20,32,365,137,228,307,113,75,71,55,16,1,0,1,3,3,0,38,1920,730,276,364,310,240
2021,Crawley 011,E02006585,6491,4122,3825,3254,1000,2254,75,16,59,496,206,290,297,114,73,62,50,12,1,0,1,10,1,9,41,2255,1142,319,353,256,185
2021,Crawley 012,E02006586,6164,4210,3861,3346,995,2351,71,22,49,444,179,265,349,175,128,118,87,31,0,0,0,10,5,5,47,1779,623,302,370,239,245
2021,Crawley 013,E02006587,6730,4389,4021,3489,946,2543,68,17,51,464,193,271,368,135,81,79,52,27,0,0,0,2,1,1,54,2206,887,269,429,327,294
2021,Horsham 001,E02006588,8468,5777,5527,4569,1029,3540,135,41,94,823,390,433,250,108,90,87,68,19,1,1,0,2,1,1,18,2583,1590,261,321,221,190
2021,Horsham 002,E02006589,9335,5874,5700,4799,1304,3495,121,34,87,780,357,423,174,142,110,101,91,10,0,0,0,9,7,2,32,3319,2394,328,321,130,146
2021,Horsham 003,E02006590,7214,4528,4360,3567,954,2613,93,14,79,700,350,350,168,111,89,82,73,9,1,1,0,6,3,3,22,2575,1727,231,242,199,176
2021,Horsham 004,E02006591,6834,4360,4205,3587,866,2721,68,15,53,550,248,302,155,124,94,89,72,17,0,0,0,5,4,1,30,2350,1583,221,240,175,131
2021,Horsham 005,E02006592,5483,3257,3159,2329,667,1662,136,23,113,694,346,348,98,73,61,53,44,9,1,1,0,7,5,2,12,2153,1406,250,245,135,117
2021,Horsham 006,E02006593,9327,5778,5519,4700,1140,3560,83,20,63,736,359,377,259,128,94,92,67,25,1,0,1,1,1,0,34,3421,2172,285,349,365,250
2021,Horsham 007,E02006594,8558,5794,5595,4702,1169,3533,111,23,88,782,367,415,199,135,101,96,81,15,0,0,0,5,4,1,34,2629,1729,276,342,144,138
2021,Horsham 008,E02006595,7174,4056,3942,3088,869,2219,140,29,111,714,383,331,114,114,71,64,50,14,0,0,0,7,7,0,43,3004,1946,541,313,90,114
2021,Horsham 009,E02006596,7533,5011,4873,4054,1092,2962,105,24,81,714,342,372,138,170,129,129,123,6,0,0,0,0,0,0,41,2352,1592,233,283,140,104
2021,Horsham 010,E02006597,9898,6460,6262,4955,1291,3664,170,36,134,1137,509,628,198,146,119,110,93,17,0,0,0,9,9,0,27,3292,2137,329,448,197,181
2021,Horsham 011,E02006598,4628,2805,2709,2051,574,1477,99,22,77,559,278,281,96,79,58,53,50,3,0,0,0,5,4,1,21,1744,1245,145,165,69,120
2021,Horsham 012,E02006599,6094,2841,2764,2022,608,1414,111,33,78,631,347,284,77,49,41,40,38,2,0,0,0,1,1,0,8,3204,2647,159,233,64,101
2021,Horsham 013,E02006600,8386,4501,4338,3290,957,2333,150,30,120,898,440,458,163,70,49,41,35,6,1,1,0,7,5,2,21,3815,2807,232,342,242,192
2021,Horsham 014,E02006601,7451,4152,3990,2943,866,2077,181,50,131,866,397,469,162,119,100,97,82,15,1,1,0,2,2,0,19,3180,2253,325,264,182,156
2021,Horsham 015,E02006602,7086,4247,4104,3099,923,2176,139,29,110,866,418,448,143,88,67,67,64,3,0,0,0,0,0,0,21,2751,1923,243,309,132,144
2021,Horsham 016,E02006603,7194,3874,3759,2794,919,1875,143,34,109,822,433,389,115,109,90,84,78,6,0,0,0,6,6,0,19,3211,2518,210,214,127,142
2021,Mid Sussex 001,E02006604,10903,7113,6855,5540,1389,4151,131,36,95,1184,546,638,258,180,141,129,108,21,2,2,0,10,8,2,39,3610,2346,296,421,282,265
2021,Mid Sussex 002,E02006605,5259,3277,3149,2517,678,1839,103,25,78,529,226,303,128,100,80,73,57,16,0,0,0,7,7,0,20,1882,1238,274,160,87,123
2021,Mid Sussex 003,E02006606,6731,4354,4221,3443,945,2498,93,28,65,685,337,348,133,81,66,65,58,7,0,0,0,1,0,1,15,2296,1624,199,235,89,149
2021,Mid Sussex 004,E02006607,6550,3958,3832,3054,802,2252,97,24,73,681,340,341,126,98,78,75,66,9,0,0,0,3,3,0,20,2494,1878,208,220,97,91
2021,Mid Sussex 005,E02006608,5191,3093,2990,2344,706,1638,94,18,76,552,247,305,103,90,67,61,53,8,0,0,0,6,6,0,23,2008,1529,144,165,79,91
2021,Mid Sussex 006,E02006609,5645,3332,3248,2385,641,1744,132,30,102,731,373,358,84,70,51,49,44,5,0,0,0,2,2,0,19,2243,1471,303,267,104,98
2021,Mid Sussex 007,E02006610,6339,4067,3944,3041,772,2269,141,27,114,762,349,413,123,74,63,57,48,9,1,0,1,5,5,0,11,2198,1361,215,318,162,142
2021,Mid Sussex 008,E02006611,9021,5253,5090,4129,1133,2996,144,36,108,817,440,377,163,135,107,97,84,13,1,0,1,9,6,3,28,3633,2651,351,366,149,116
2021,Mid Sussex 009,E02006612,9661,6458,6222,5240,1057,4183,130,26,104,852,391,461,236,142,113,105,79,26,0,0,0,8,6,2,29,3061,2087,289,315,175,195
2021,Mid Sussex 010,E02006613,6188,4049,3922,3299,868,2431,62,14,48,561,250,311,127,100,72,68,62,6,0,0,0,4,3,1,28,2039,1189,234,237,211,168
2021,Mid Sussex 011,E02006614,10123,6622,6418,5234,1309,3925,174,43,131,1010,491,519,204,157,125,123,103,20,0,0,0,2,0,2,32,3344,2091,416,422,239,176
2021,Mid Sussex 012,E02006615,5685,3920,3827,3301,847,2454,62,12,50,464,195,269,93,114,93,87,79,8,0,0,0,6,4,2,21,1651,1034,216,202,96,103
2021,Mid Sussex 013,E02006616,7939,5208,5035,4226,1113,3113,106,18,88,703,302,401,173,116,95,91,82,9,1,1,0,3,2,1,21,2615,1755,214,283,239,124
2021,Mid Sussex 014,E02006617,7522,4715,4535,3830,1004,2826,55,15,40,650,280,370,180,127,99,96,74,22,0,0,0,3,3,0,28,2680,1638,200,327,322,193
2021,Mid Sussex 015,E02006618,5385,3100,3012,2504,701,1803,72,16,56,436,208,228,88,93,72,69,65,4,2,0,2,1,1,0,21,2192,1613,213,180,88,98
2021,Mid Sussex 016,E02006619,7100,4388,4233,3121,907,2214,185,41,144,927,419,508,155,137,111,105,92,13,0,0,0,6,4,2,26,2575,1537,393,294,198,153
2021,Mid Sussex 017,E02006620,8091,4682,4526,3517,1052,2465,154,27,127,855,454,401,156,113,91,80,71,9,0,0,0,11,9,2,22,3296,2449,295,275,152,125
2021,Worthing 001,E02006621,6784,3389,3269,2489,804,1685,117,28,89,663,309,354,120,112,91,79,71,8,2,2,0,10,4,6,21,3283,2726,156,147,161,93
2021,Worthing 002,E02006622,6547,3680,3545,2848,823,2025,99,21,78,598,269,329,135,113,82,76,64,12,1,1,0,5,4,1,31,2754,1933,214,226,227,154
2021,Worthing 003,E02006623,6512,3701,3551,2945,914,2031,76,25,51,530,243,287,150,121,100,95,82,13,1,0,1,4,2,2,21,2690,1692,229,289,334,146
2021,Worthing 004,E02006624,5991,3758,3616,2931,856,2075,122,28,94,563,276,287,142,133,94,86,81,5,0,0,0,8,8,0,39,2100,1480,232,177,101,110
2021,Worthing 005,E02006625,6445,4415,4263,3523,1035,2488,93,19,74,647,275,372,152,130,99,95,83,12,0,0,0,4,4,0,31,1900,1129,243,225,159,144
2021,Worthing 006,E02006626,7694,5000,4793,4059,1188,2871,84,19,65,650,284,366,207,173,128,122,108,14,0,0,0,6,5,1,45,2521,1210,300,404,388,219
2021,Worthing 007,E02006627,7885,4839,4659,3878,1121,2757,86,20,66,695,330,365,180,150,114,107,94,13,1,1,0,6,2,4,36,2896,1988,241,252,260,155
2021,Worthing 008,E02006628,7158,4785,4545,3780,1057,2723,83,19,64,682,289,393,240,159,114,109,86,23,0,0,0,5,4,1,45,2214,1159,295,236,320,204
2021,Worthing 009,E02006629,6362,3796,3591,3008,918,2090,70,23,47,513,232,281,205,128,96,92,78,14,0,0,0,4,4,0,32,2438,1370,247,283,344,194
2021,Worthing 010,E02006630,7804,4248,4042,3328,846,2482,85,17,68,629,300,329,206,79,63,57,46,11,1,0,1,5,5,0,16,3477,2276,181,234,501,285
2021,Worthing 011,E02006631,8871,5632,5265,4326,1070,3256,123,33,90,816,344,472,367,152,129,119,92,27,0,0,0,10,7,3,23,3087,1744,293,238,437,375
2021,Worthing 012,E02006632,7054,3917,3786,3052,823,2229,104,26,78,630,313,317,131,102,86,79,70,9,1,0,1,6,6,0,16,3035,2311,198,210,168,148
2021,Worthing 013,E02006633,7248,3455,3345,2670,881,1789,96,17,79,579,275,304,110,133,92,91,80,11,1,0,1,0,0,0,41,3660,2901,205,225,216,113
2021,Wiltshire 012,E02006634,7141,4251,4126,3015,781,2234,226,49,177,885,441,444,125,115,99,91,73,18,1,1,0,7,6,1,16,2775,2020,207,302,124,122
2021,Wiltshire 019,E02006635,7430,3860,3734,2962,842,2120,97,21,76,675,325,350,126,114,85,80,69,11,1,0,1,4,4,0,29,3456,2095,763,202,249,147
2021,Wiltshire 024,E02006636,6000,3513,3385,2528,715,1813,129,32,97,728,361,367,128,57,46,41,34,7,0,0,0,5,4,1,11,2430,1719,159,226,188,138
2021,Wiltshire 025,E02006637,9002,5550,5363,4678,1212,3466,96,23,73,589,268,321,187,130,95,90,77,13,1,1,0,4,3,1,35,3322,2187,273,351,298,213
2021,Wiltshire 026,E02006638,5503,2851,2714,2272,675,1597,54,14,40,388,204,184,137,67,53,51,41,10,0,0,0,2,2,0,14,2585,1829,119,190,283,164
2021,Wiltshire 028,E02006639,7334,3988,3857,2916,807,2109,138,30,108,803,384,419,131,96,61,56,45,11,1,1,0,4,3,1,35,3250,2118,222,241,235,434
2021,Wiltshire 029,E02006640,6086,3694,3581,2620,696,1924,169,40,129,792,356,436,113,79,64,55,50,5,0,0,0,9,8,1,15,2313,1590,224,264,109,126
2021,Wiltshire 034,E02006641,6765,3993,3894,3171,828,2343,110,25,85,613,296,317,99,82,68,62,47,15,1,1,0,5,5,0,14,2690,1849,320,208,172,141
2021,Wiltshire 038,E02006642,4792,2905,2821,2231,508,1723,71,12,59,519,255,264,84,69,46,44,40,4,0,0,0,2,1,1,23,1818,1276,132,198,106,106
2021,Wiltshire 001,E02006644,5709,3297,3188,2561,686,1875,112,24,88,515,259,256,109,57,39,37,35,2,0,0,0,2,1,1,18,2355,1767,183,185,125,95
2021,Wiltshire 002,E02006645,6384,3948,3815,3014,796,2218,117,22,95,684,323,361,133,151,129,126,83,43,1,0,1,2,2,0,22,2285,1531,234,254,158,108
2021,Wiltshire 003,E02006646,6547,4222,4119,3381,819,2562,109,29,80,629,251,378,103,102,86,81,64,17,0,0,0,5,2,3,16,2223,1480,199,221,189,134
2021,Wiltshire 004,E02006647,5128,3024,2939,2110,562,1548,146,21,125,683,337,346,85,62,46,45,41,4,1,0,1,0,0,0,16,2042,1519,149,212,60,102
2021,Wiltshire 005,E02006648,5145,3056,2972,2315,569,1746,110,19,91,547,256,291,84,72,48,47,42,5,0,0,0,1,1,0,24,2017,1396,181,237,84,119
2021,Wiltshire 006,E02006649,6329,3875,3738,3230,789,2441,74,11,63,434,199,235,137,78,46,43,34,9,0,0,0,3,3,0,32,2376,1564,220,231,214,147
2021,Wiltshire 007,E02006650,11804,7477,7313,6411,1323,5088,157,30,127,745,328,417,164,227,209,203,94,109,2,1,1,4,3,1,18,4100,2569,512,358,213,448
2021,Wiltshire 008,E02006651,6072,3701,3599,2675,717,1958,187,41,146,737,353,384,102,105,87,81,68,13,0,0,0,6,6,0,18,2266,1614,189,239,91,133
2021,Wiltshire 009,E02006652,7935,5186,5010,4330,1096,3234,88,22,66,592,244,348,176,172,137,131,115,16,1,1,0,5,5,0,35,2577,1516,352,271,225,213
2021,Wiltshire 010,E02006653,8088,5195,5023,4381,1166,3215,88,18,70,554,241,313,172,168,130,128,106,22,0,0,0,2,1,1,38,2725,1798,287,272,223,145
2021,Wiltshire 011,E02006654,8066,4774,4539,3940,959,2981,73,16,57,526,239,287,235,131,101,97,72,25,0,0,0,4,4,0,30,3161,2034,209,301,421,196
2021,Wiltshire 013,E02006655,6892,4181,4058,3153,785,2368,159,34,125,746,339,407,123,110,75,68,53,15,1,1,0,6,4,2,35,2601,1909,207,242,139,104
2021,Wiltshire 014,E02006656,5577,3833,3699,3213,815,2398,58,10,48,428,201,227,134,111,78,76,66,10,0,0,0,2,1,1,33,1633,1033,195,201,120,84
2021,Wiltshire 015,E02006657,8724,5535,5317,4633,1082,3551,75,14,61,609,252,357,218,154,107,105,89,16,0,0,0,2,2,0,47,3035,1645,414,418,342,216
2021,Wiltshire 016,E02006658,6645,4075,3907,3288,828,2460,70,14,56,549,271,278,168,63,54,52,44,8,1,1,0,1,1,0,9,2507,1787,152,257,174,137
2021,Wiltshire 017,E02006659,6664,4239,4121,3295,838,2457,104,25,79,722,340,382,118,68,52,46,41,5,0,0,0,6,6,0,16,2357,1585,229,275,130,138
2021,Wiltshire 018,E02006660,11055,6610,6389,5179,1410,3769,200,45,155,1010,485,525,221,140,113,111,92,19,0,0,0,2,2,0,27,4305,3029,370,418,302,186
2021,Wiltshire 045,E02006661,7582,5551,5435,4975,928,4047,67,15,52,393,204,189,116,140,110,103,84,19,2,1,1,5,5,0,30,1891,810,200,389,97,395
2021,Wiltshire 046,E02006662,5721,3789,3690,3256,726,2530,55,11,44,379,145,234,99,88,72,66,54,12,0,0,0,6,5,1,16,1844,1210,127,223,155,129
2021,Wiltshire 048,E02006663,10439,6921,6749,5980,1301,4679,92,20,72,677,280,397,172,200,149,148,134,14,0,0,0,1,0,1,51,3318,2054,322,352,362,228
2021,Wiltshire 049,E02006664,5371,3152,3047,2450,648,1802,103,14,89,494,239,255,105,72,58,56,47,9,1,0,1,1,1,0,14,2147,1574,169,200,109,95
2021,Wiltshire 050,E02006665,5812,3026,2904,2010,601,1409,124,30,94,770,352,418,122,68,55,55,45,10,0,0,0,0,0,0,13,2718,1993,138,289,178,120
2021,Wiltshire 051,E02006666,5421,3386,3280,2817,790,2027,64,14,50,399,171,228,106,81,65,60,49,11,0,0,0,5,4,1,16,1954,1253,192,205,199,105
2021,Wiltshire 052,E02006667,5758,3827,3651,3153,884,2269,53,8,45,445,155,290,176,105,84,83,66,17,1,1,0,0,0,0,21,1826,845,192,330,282,177
2021,Wiltshire 053,E02006668,4978,2855,2753,2290,673,1617,61,13,48,402,204,198,102,87,67,67,58,9,0,0,0,0,0,0,20,2036,1451,168,158,134,125
2021,Wiltshire 054,E02006669,8789,5092,4962,3776,1025,2751,195,49,146,991,507,484,130,109,84,78,65,13,2,2,0,4,3,1,25,3588,2596,206,346,252,188
2021,Wiltshire 055,E02006670,5835,3844,3727,3213,749,2464,53,11,42,461,204,257,117,74,52,48,39,9,1,0,1,3,3,0,22,1917,1235,128,147,238,169
2021,Wiltshire 056,E02006671,5308,3260,3130,2647,610,2037,68,17,51,415,193,222,130,83,69,69,42,27,0,0,0,0,0,0,14,1965,1328,172,126,196,143
2021,Wiltshire 057,E02006672,7505,4805,4679,3939,1031,2908,114,21,93,626,277,349,126,110,79,77,65,12,0,0,0,2,1,1,31,2590,1734,253,246,201,156
2021,Wiltshire 058,E02006673,4404,2330,2239,1855,511,1344,55,14,41,329,153,176,91,86,75,72,53,19,0,0,0,3,3,0,11,1988,1470,124,133,142,119
2021,Wiltshire 059,E02006674,4907,2932,2808,2416,695,1721,53,14,39,339,150,189,124,77,65,62,49,13,0,0,0,3,2,1,12,1898,1190,221,205,167,115
2021,Wiltshire 060,E02006675,6805,3891,3770,2916,788,2128,123,16,107,731,347,384,121,107,86,76,64,12,2,2,0,8,5,3,21,2807,2098,213,254,116,126
2021,Wiltshire 061,E02006676,5223,2927,2841,1934,605,1329,128,35,93,779,404,375,86,50,40,39,27,12,0,0,0,1,1,0,10,2246,1675,150,212,115,94
2021,Wiltshire 062,E02006677,6683,3702,3611,2750,846,1904,135,28,107,726,361,365,91,96,84,76,68,8,0,0,0,8,8,0,12,2885,2190,218,234,119,124
2021,Wiltshire 020,E02006678,6331,3859,3723,3222,846,2376,67,6,61,434,167,267,136,88,73,70,63,7,1,0,1,2,1,1,15,2384,1539,181,280,233,151
2021,Wiltshire 021,E02006679,10041,6214,6019,4930,1300,3630,167,32,135,922,410,512,195,143,109,107,92,15,0,0,0,2,1,1,34,3684,2473,355,380,262,214
2021,Wiltshire 022,E02006680,6379,3707,3577,3037,817,2220,87,18,69,453,212,241,130,100,80,80,68,12,0,0,0,0,0,0,20,2572,1829,134,198,280,131
2021,Wiltshire 023,E02006681,4955,2718,2625,1900,578,1322,134,33,101,591,299,292,93,60,43,40,36,4,0,0,0,3,2,1,17,2177,1665,152,157,110,93
2021,Wiltshire 027,E02006682,8680,4693,4511,3571,1045,2526,124,32,92,816,426,390,182,104,85,78,69,9,2,1,1,5,5,0,19,3883,2857,316,282,258,170
2021,Wiltshire 030,E02006683,6559,4079,3967,3383,941,2442,88,16,72,496,227,269,112,126,99,98,88,10,0,0,0,1,1,0,27,2354,1554,247,224,204,125
2021,Wiltshire 031,E02006684,5741,3627,3457,3024,747,2277,44,11,33,389,182,207,170,96,76,73,55,18,0,0,0,3,1,2,20,2018,1150,164,209,295,200
2021,Wiltshire 032,E02006685,8031,5071,4903,4214,1085,3129,86,12,74,603,258,345,168,132,104,97,82,15,1,1,0,6,3,3,28,2828,1867,246,311,232,172
2021,Wiltshire 033,E02006686,4496,2590,2484,2138,672,1466,53,11,42,293,136,157,106,79,54,53,44,9,0,0,0,1,0,1,25,1827,1120,142,206,242,117
2021,Wiltshire 035,E02006687,6537,4182,4007,3492,951,2541,74,24,50,441,200,241,175,112,83,82,70,12,0,0,0,1,1,0,29,2243,1249,218,284,323,169
2021,Wiltshire 036,E02006688,4693,2963,2863,2465,630,1835,48,6,42,350,154,196,100,62,45,43,36,7,0,0,0,2,0,2,17,1668,1060,153,136,176,143
2021,Wiltshire 037,E02006689,5749,3323,3221,2519,736,1783,105,23,82,597,262,335,102,80,59,57,51,6,1,1,0,1,1,0,21,2346,1721,189,214,117,105
2021,Wiltshire 039,E02006690,5925,3403,3296,2544,712,1832,103,31,72,649,306,343,107,70,53,53,44,9,0,0,0,0,0,0,17,2452,1812,161,173,184,122
2021,Wiltshire 042,E02006692,4521,2697,2595,2289,553,1736,35,4,31,271,113,158,102,61,50,48,33,15,0,0,0,2,0,2,11,1763,1124,145,219,148,127
2021,Wiltshire 043,E02006693,5407,3340,3229,2760,807,1953,52,9,43,417,170,247,111,67,51,49,48,1,0,0,0,2,2,0,16,2000,1334,148,191,204,123
2021,Wiltshire 044,E02006694,5277,2960,2847,2416,653,1763,67,16,51,364,167,197,113,62,46,43,37,6,0,0,0,3,3,0,16,2255,1626,135,162,202,130
2021,Wiltshire 047,E02006695,5486,3078,3007,2186,674,1512,143,33,110,678,346,332,71,50,30,30,27,3,0,0,0,0,0,0,20,2358,1782,144,214,116,102
2021,Bromsgrove 001,E02006696,5768,3422,3342,2713,739,1974,170,31,139,459,208,251,80,99,86,78,66,12,0,0,0,8,5,3,13,2247,1581,299,183,80,104
2021,Bromsgrove 002,E02006697,6281,3620,3516,2621,740,1881,213,53,160,682,310,372,104,80,70,66,57,9,1,1,0,3,3,0,10,2581,1872,251,214,140,104
2021,Bromsgrove 003,E02006698,5311,3093,2970,2540,651,1889,61,14,47,369,156,213,123,84,69,67,58,9,0,0,0,2,2,0,15,2134,1531,182,174,125,122
2021,Bromsgrove 004,E02006699,4800,2674,2548,2107,588,1519,71,17,54,370,156,214,126,34,22,22,17,5,0,0,0,0,0,0,12,2092,1600,150,158,112,72
2021,Bromsgrove 005,E02006700,5332,2954,2873,2323,591,1732,109,31,78,441,200,241,81,68,53,52,49,3,0,0,0,1,0,1,15,2310,1710,163,140,185,112
2021,Bromsgrove 006,E02006701,5963,3685,3593,2912,707,2205,175,43,132,506,239,267,92,93,77,74,59,15,0,0,0,3,3,0,16,2185,1577,250,192,81,85
2021,Bromsgrove 007,E02006702,4838,2940,2803,2342,628,1714,64,14,50,397,166,231,137,53,36,35,25,10,0,0,0,1,1,0,17,1845,1195,143,191,191,125
2021,Bromsgrove 008,E02006703,6553,3962,3835,3180,796,2384,136,20,116,519,229,290,127,99,83,80,73,7,1,1,0,2,0,2,16,2492,1817,210,215,154,96
2021,Bromsgrove 009,E02006704,5710,3234,3130,2473,643,1830,155,38,117,502,200,302,104,105,86,79,63,16,0,0,0,7,5,2,19,2371,1764,197,166,147,97
2021,Bromsgrove 010,E02006705,5940,3709,3535,3019,844,2175,72,14,58,444,176,268,174,94,82,80,60,20,0,0,0,2,2,0,12,2137,1350,259,187,212,129
2021,Bromsgrove 011,E02006706,5864,3132,2981,2521,718,1803,72,13,59,388,177,211,151,70,53,53,43,10,0,0,0,0,0,0,17,2662,1789,354,161,224,134
2021,Bromsgrove 012,E02006707,5422,3426,3353,2869,727,2142,77,9,68,407,174,233,73,100,75,73,69,4,0,0,0,2,1,1,25,1896,1382,256,127,57,74
2021,Bromsgrove 013,E02006708,6309,4080,3872,3353,894,2459,81,21,60,438,182,256,208,116,78,75,60,15,0,0,0,3,1,2,38,2113,1136,264,268,276,169
2021,Bromsgrove 014,E02006709,7011,4149,4001,3261,775,2486,131,33,98,609,271,338,148,101,63,55,44,11,4,4,0,4,4,0,38,2761,1661,220,194,222,464
2021,Malvern Hills 001,E02006710,7114,3912,3787,2704,841,1863,162,47,115,921,378,543,125,81,50,49,43,6,0,0,0,1,0,1,31,3121,2278,241,291,186,125
2021,Malvern Hills 002,E02006711,7169,4047,3932,2913,858,2055,211,45,166,808,367,441,115,95,82,74,66,8,1,1,0,7,4,3,13,3027,2198,309,236,150,134
2021,Malvern Hills 003,E02006712,6460,3670,3563,2687,723,1964,150,30,120,726,350,376,107,76,64,60,55,5,0,0,0,4,4,0,12,2714,2027,198,219,166,104
2021,Malvern Hills 004,E02006713,5408,2845,2717,2188,671,1517,78,20,58,451,218,233,128,51,38,36,26,10,0,0,0,2,2,0,13,2512,1752,152,206,257,145
2021,Malvern Hills 005,E02006714,5001,2677,2606,1989,633,1356,113,22,91,504,229,275,71,62,52,49,42,7,0,0,0,3,3,0,10,2262,1711,141,161,124,125
2021,Malvern Hills 006,E02006715,7194,4356,4175,3422,1000,2422,113,33,80,640,323,317,181,107,93,86,74,12,0,0,0,7,7,0,14,2731,1760,289,267,250,165
2021,Malvern Hills 007,E02006716,5093,2785,2605,2161,740,1421,49,14,35,395,167,228,180,56,49,47,38,9,1,1,0,1,1,0,7,2252,1140,232,310,383,187
2021,Malvern Hills 008,E02006717,5787,3266,3159,2507,638,1869,118,28,90,534,243,291,107,63,47,44,35,9,0,0,0,3,3,0,16,2458,1840,189,195,123,111
2021,Malvern Hills 009,E02006718,5173,2452,2329,1874,591,1283,49,11,38,406,202,204,123,62,52,51,38,13,0,0,0,1,1,0,10,2659,1935,233,168,223,100
2021,Malvern Hills 010,E02006719,6465,3134,3007,2306,693,1613,90,21,69,611,352,259,127,86,65,59,50,9,0,0,0,6,6,0,21,3245,2388,451,172,139,95
2021,Malvern Hills 011,E02006720,6250,3399,3275,2388,723,1665,134,29,105,753,366,387,124,67,51,49,42,7,2,2,0,0,0,0,16,2784,1969,229,212,224,150
2021,Redditch 001,E02006721,5439,3252,3151,2745,676,2069,40,11,29,366,153,213,101,106,82,78,60,18,1,1,0,3,3,0,24,2081,1498,163,177,147,96
2021,Redditch 002,E02006722,4214,2660,2479,2242,569,1673,34,9,25,203,77,126,181,80,60,56,42,14,1,1,0,3,3,0,20,1474,643,166,242,272,151
2021,Redditch 003,E02006723,7248,4698,4477,3896,914,2982,70,17,53,511,200,311,221,127,97,94,79,15,0,0,0,3,0,3,30,2423,1145,302,380,362,234
2021,Redditch 004,E02006724,5537,3446,3218,2799,653,2146,43,13,30,376,162,214,228,109,85,78,55,23,2,1,1,5,2,3,24,1982,725,264,433,312,248
2021,Redditch 005,E02006725,4481,2727,2566,2266,542,1724,36,6,30,264,116,148,161,56,40,40,32,8,0,0,0,0,0,0,16,1698,952,157,214,248,127
2021,Redditch 006,E02006726,5201,3299,3155,2757,628,2129,61,15,46,337,137,200,144,89,55,54,45,9,0,0,0,1,1,0,34,1813,1039,173,240,200,161
2021,Redditch 007,E02006727,4927,3017,2909,2526,610,1916,68,14,54,315,118,197,108,68,52,48,37,11,1,0,1,3,2,1,16,1842,1331,166,137,111,97
2021,Redditch 008,E02006728,6411,3998,3899,3286,811,2475,95,13,82,518,218,300,99,93,71,69,61,8,1,0,1,1,0,1,22,2320,1718,179,173,136,114
2021,Redditch 009,E02006729,6155,3866,3724,3280,760,2520,58,11,47,386,173,213,142,97,72,69,54,15,2,1,1,1,1,0,25,2192,1382,189,217,244,160
2021,Redditch 010,E02006730,5121,3266,3081,2763,648,2115,25,2,23,293,91,202,185,85,76,72,59,13,1,0,1,3,2,1,9,1770,780,228,320,260,182
2021,Redditch 011,E02006731,4640,2794,2707,2308,596,1712,51,13,38,348,148,200,87,68,55,51,38,13,1,0,1,3,1,2,13,1778,1188,135,167,206,82
2021,Redditch 012,E02006732,5824,3582,3469,2970,708,2262,71,11,60,428,169,259,113,101,74,69,59,10,0,0,0,5,3,2,27,2141,1528,174,162,163,114
2021,Redditch 013,E02006733,5053,3082,2974,2427,636,1791,101,18,83,446,202,244,108,83,70,65,56,9,0,0,0,5,5,0,13,1888,1340,154,140,120,134
2021,Worcester 001,E02006734,6772,4019,3898,3220,840,2380,117,23,94,561,236,325,121,129,94,86,69,17,1,1,0,7,5,2,35,2624,1983,238,180,116,107
2021,Worcester 002,E02006735,4190,2414,2196,1993,632,1361,35,11,24,168,55,113,218,60,45,43,37,6,1,1,0,1,0,1,15,1716,688,152,318,388,170
2021,Worcester 003,E02006736,5355,3825,3710,3303,723,2580,75,11,64,332,128,204,115,77,55,54,45,9,0,0,0,1,0,1,22,1453,856,186,193,108,110
2021,Worcester 004,E02006737,6893,4403,4223,3691,962,2729,61,14,47,471,210,261,180,127,96,87,76,11,0,0,0,9,7,2,31,2363,1512,257,234,215,145
2021,Worcester 005,E02006738,7114,4386,4104,3603,1005,2598,63,17,46,438,167,271,282,148,121,110,79,31,1,1,0,10,9,1,27,2580,1105,309,442,490,234
2021,Worcester 006,E02006739,5148,2139,2058,1725,460,1265,36,4,32,297,129,168,81,607,444,436,412,24,0,0,0,8,8,0,163,2402,1205,946,78,104,69
2021,Worcester 007,E02006740,6606,4056,3812,3259,726,2533,65,11,54,488,201,287,244,321,237,225,175,50,0,0,0,12,12,0,84,2229,1117,500,163,225,224
2021,Worcester 008,E02006741,4991,3420,3311,2938,695,2243,42,1,41,331,139,192,109,92,69,67,60,7,0,0,0,2,2,0,23,1479,905,195,182,94,103
2021,Worcester 009,E02006742,7370,3996,3784,3255,923,2332,70,16,54,459,206,253,212,424,323,305,278,27,1,1,0,17,16,1,101,2950,1365,756,287,344,198
2021,Worcester 010,E02006743,5411,3396,3237,2846,761,2085,58,10,48,333,131,202,159,105,86,82,62,20,0,0,0,4,3,1,19,1910,956,233,318,260,143
2021,Worcester 011,E02006744,6251,3853,3639,3094,793,2301,86,20,66,459,220,239,214,178,144,139,112,27,1,1,0,4,3,1,34,2220,1012,321,283,328,276
2021,Worcester 012,E02006745,7312,4205,4049,3454,936,2518,78,22,56,517,222,295,156,171,127,118,98,20,1,1,0,8,4,4,44,2936,2091,316,192,189,148
2021,Worcester 013,E02006746,7463,4706,4539,3882,968,2914,95,22,73,562,233,329,167,144,118,113,94,19,0,0,0,5,5,0,26,2613,1761,291,234,155,172
2021,Worcester 014,E02006747,4737,3105,3035,2675,681,1994,51,10,41,309,141,168,70,97,77,72,66,6,0,0,0,5,2,3,20,1535,1095,141,131,95,73
2021,Wychavon 001,E02006748,7157,4416,4281,3397,832,2565,202,43,159,682,313,369,135,71,55,54,45,9,0,0,0,1,1,0,16,2670,1768,254,283,200,165
2021,Wychavon 002,E02006749,4265,2477,2354,2020,573,1447,46,9,37,288,125,163,123,58,41,39,29,10,0,0,0,2,0,2,17,1730,881,221,251,270,107
2021,Wychavon 003,E02006750,4633,2518,2419,2021,509,1512,74,14,60,324,133,191,99,42,31,30,26,4,0,0,0,1,0,1,11,2073,1551,112,164,171,75
2021,Wychavon 004,E02006751,4872,2651,2532,2150,622,1528,57,10,47,325,127,198,119,56,40,39,35,4,0,0,0,1,0,1,16,2165,1423,165,190,265,122
2021,Wychavon 005,E02006752,6838,4154,4030,3425,872,2553,103,16,87,502,228,274,124,123,103,99,82,17,1,0,1,3,2,1,20,2561,1840,241,214,149,117
2021,Wychavon 006,E02006753,6093,3603,3504,2784,740,2044,167,37,130,553,230,323,99,93,75,70,61,9,0,0,0,5,4,1,18,2397,1692,211,234,133,127
2021,Wychavon 007,E02006754,4907,2879,2833,2082,556,1526,158,33,125,593,229,364,46,65,55,51,42,9,1,0,1,3,2,1,10,1963,1465,177,163,72,86
2021,Wychavon 008,E02006755,5047,2789,2736,2006,554,1452,124,30,94,606,259,347,53,78,66,59,49,10,0,0,0,7,5,2,12,2180,1670,163,169,78,100
2021,Wychavon 009,E02006756,5444,3537,3446,2844,744,2100,108,18,90,494,217,277,91,92,70,62,55,7,1,1,0,7,6,1,22,1815,1121,220,201,155,118
2021,Wychavon 010,E02006757,6301,3388,3273,2488,680,1808,123,28,95,662,284,378,115,74,55,52,51,1,0,0,0,3,3,0,19,2839,2108,229,213,154,135
2021,Wychavon 011,E02006758,5458,3097,2980,2319,650,1669,97,18,79,564,257,307,117,68,55,50,40,10,1,0,1,4,3,1,13,2293,1357,166,191,141,438
2021,Wychavon 012,E02006759,7042,3747,3583,2999,823,2176,66,15,51,518,230,288,164,83,67,63,50,13,1,0,1,3,3,0,16,3212,2391,201,227,227,166
2021,Wychavon 013,E02006760,7592,4264,4131,3247,888,2359,139,33,106,745,345,400,133,96,85,79,65,14,1,0,1,5,5,0,11,3232,2317,207,289,248,171
2021,Wychavon 014,E02006761,5284,3463,3266,2861,629,2232,56,13,43,349,147,202,197,63,52,50,38,12,0,0,0,2,1,1,11,1758,999,129,213,208,209
2021,Wychavon 015,E02006762,5909,3639,3539,2989,732,2257,87,15,72,463,185,278,100,81,76,73,62,11,0,0,0,3,2,1,5,2189,1510,173,190,188,128
2021,Wychavon 016,E02006763,6886,4370,4262,3628,912,2716,79,17,62,555,235,320,108,130,100,98,84,14,1,0,1,1,1,0,30,2386,1627,218,247,174,120
2021,Wychavon 017,E02006764,4731,3071,2962,2579,626,1953,64,15,49,319,125,194,109,71,51,47,41,6,2,2,0,2,2,0,20,1589,943,127,193,168,158
2021,Wychavon 018,E02006765,5520,2854,2772,2038,620,1418,113,38,75,621,286,335,82,50,39,35,31,4,0,0,0,4,2,2,11,2616,2095,116,173,118,114
2021,Wychavon 019,E02006766,6733,3677,3579,2705,740,1965,165,39,126,709,362,347,98,66,55,55,47,8,0,0,0,0,0,0,11,2990,2284,246,221,133,106
2021,Wyre Forest 001,E02006767,8021,4305,4161,3165,890,2275,208,50,158,788,333,455,144,128,84,81,68,13,0,0,0,3,1,2,44,3588,2480,328,296,289,195
2021,Wyre Forest 002,E02006768,5791,3290,3182,2698,807,1891,56,13,43,428,162,266,108,100,76,68,60,8,1,1,0,7,3,4,24,2401,1731,133,194,225,118
2021,Wyre Forest 003,E02006769,5928,3626,3514,2948,761,2187,68,17,51,498,206,292,112,87,60,57,50,7,0,0,0,3,1,2,27,2215,1618,187,162,131,117
2021,Wyre Forest 004,E02006770,6582,4001,3721,3210,859,2351,78,28,50,433,194,239,280,152,122,113,81,32,0,0,0,9,9,0,30,2429,1017,273,431,445,263
2021,Wyre Forest 005,E02006771,5784,2946,2831,2236,689,1547,99,21,78,496,219,277,115,62,44,42,37,5,0,0,0,2,1,1,18,2776,2043,199,192,198,144
2021,Wyre Forest 006,E02006772,5560,3061,2928,2453,693,1760,65,12,53,410,184,226,133,71,49,48,36,12,0,0,0,1,0,1,22,2428,1656,174,215,256,127
2021,Wyre Forest 007,E02006773,6859,3641,3432,2911,831,2080,48,10,38,473,203,270,209,96,68,66,45,21,0,0,0,2,1,1,28,3122,2094,231,291,342,164
2021,Wyre Forest 008,E02006774,6179,3858,3668,3138,879,2259,72,21,51,458,206,252,190,92,72,67,52,15,1,1,0,4,4,0,20,2229,1327,194,255,264,189
2021,Wyre Forest 009,E02006775,4723,2660,2480,2150,598,1552,38,8,30,292,116,176,180,61,42,41,31,10,1,1,0,0,0,0,19,2002,920,197,307,392,186
2021,Wyre Forest 010,E02006776,5369,3129,2986,2533,702,1831,62,14,48,391,193,198,143,83,56,56,47,9,0,0,0,0,0,0,27,2157,1547,147,182,170,111
2021,Wyre Forest 011,E02006777,6342,3200,3069,2376,744,1632,127,24,103,566,241,325,131,64,48,45,37,8,0,0,0,3,3,0,16,3078,2368,209,169,208,124
2021,Wyre Forest 012,E02006778,5907,3289,3180,2706,773,1933,46,8,38,428,154,274,109,85,65,60,49,11,1,1,0,4,4,0,20,2533,1777,140,263,213,140
2021,Wyre Forest 013,E02006779,6495,3575,3436,2825,764,2061,98,26,72,513,220,293,139,82,63,61,49,12,0,0,0,2,2,0,19,2838,1951,218,201,270,198
2021,Wyre Forest 014,E02006780,5021,2454,2324,1968,574,1394,34,8,26,322,142,180,130,40,31,31,24,7,0,0,0,0,0,0,9,2527,1773,136,230,246,142
2021,Isles of Scilly 001,E02006781,1729,1116,1102,740,208,532,85,14,71,277,113,164,14,12,11,11,10,1,0,0,0,0,0,0,1,601,462,20,59,23,37
2021,Bromley 040,E02006782,6503,3968,3768,3009,769,2240,116,27,89,643,289,354,200,131,108,94,57,37,0,0,0,14,10,4,23,2404,1334,304,337,200,229
2021,Lewisham 037,E02006783,5900,3688,3365,2697,762,1935,106,31,75,562,254,308,323,147,94,87,69,18,0,0,0,7,6,1,53,2065,626,447,385,335,272
2021,Lewisham 038,E02006784,6348,3832,3521,2822,795,2027,132,40,92,567,234,333,311,141,116,106,87,19,0,0,0,10,7,3,25,2375,970,429,372,336,268
2021,Bexley 029,E02006785,5400,3300,3101,2558,636,1922,98,23,75,445,170,275,199,91,63,54,44,10,1,1,0,8,8,0,28,2009,1127,243,264,190,185
2021,Greenwich 033,E02006786,5863,3636,3358,2764,729,2035,84,32,52,510,211,299,278,160,125,110,74,36,5,5,0,10,9,1,35,2067,736,355,344,274,358
2021,Bromley 041,E02006787,6149,4039,3876,3168,737,2431,97,11,86,611,287,324,163,80,66,60,47,13,1,0,1,5,3,2,14,2030,1196,296,288,118,132
2021,Croydon 045,E02006788,5927,3857,3587,2950,757,2193,95,24,71,542,263,279,270,154,103,93,73,20,0,0,0,10,8,2,51,1916,723,385,301,280,227
2021,Bromley 042,E02006789,5672,3105,2995,2242,610,1632,122,32,90,631,303,328,110,70,57,51,46,5,1,0,1,5,5,0,13,2497,1777,208,256,115,141
2021,Tandridge 012,E02006790,6297,3651,3506,2697,748,1949,137,35,102,672,304,368,145,89,67,66,57,9,0,0,0,1,0,1,22,2557,1806,230,257,128,136
2021,Ealing 040,E02006791,6324,4537,4296,3410,504,2906,127,20,107,759,356,403,241,101,68,48,29,19,0,0,0,20,14,6,33,1686,759,313,270,136,208
2021,Hounslow 029,E02006792,7660,5067,4788,3735,490,3245,161,38,123,892,400,492,279,141,107,89,62,27,7,4,3,11,7,4,34,2452,1118,501,387,215,231
2021,Enfield 037,E02006793,7324,3896,3447,2769,1033,1736,132,45,87,546,271,275,449,222,166,141,111,30,3,0,3,22,14,8,56,3206,740,684,766,518,498
2021,Haringey 037,E02006794,6278,3647,3262,2519,957,1562,116,48,68,627,315,312,385,224,152,127,87,40,5,5,0,20,16,4,72,2407,582,491,523,378,433
2021,Harrow 032,E02006795,6608,4141,3905,3033,809,2224,119,29,90,753,316,437,236,187,156,137,99,38,2,1,1,17,10,7,31,2280,1008,498,449,107,218
2021,Hillingdon 033,E02006796,7721,5160,4892,4014,851,3163,155,40,115,723,270,453,268,110,79,78,46,32,1,1,0,0,0,0,31,2451,1237,356,400,209,249
2021,Lewisham 039,E02006798,7415,4923,4517,3658,908,2750,106,34,72,753,374,379,406,318,215,170,131,39,2,1,1,43,34,9,103,2174,500,646,361,275,392
2021,Barking and Dagenham 023,E02006799,8774,5262,4864,3803,1129,2674,163,44,119,898,369,529,398,295,232,184,136,48,9,4,5,39,21,18,63,3217,861,680,814,463,399
2021,Redbridge 034,E02006800,11272,6650,6134,4612,1353,3259,273,83,190,1249,488,761,516,369,285,250,178,72,0,0,0,35,15,20,84,4253,1236,906,1164,371,576
2021,Lambeth 036,E02006801,7751,4300,4011,3383,498,2885,88,19,69,540,265,275,289,420,250,202,157,45,3,1,2,45,37,8,170,3031,737,1580,203,229,282
2021,Southwark 034,E02006802,8064,4785,4472,3806,654,3152,95,24,71,571,248,323,313,506,302,253,205,48,1,1,0,48,33,15,204,2773,504,1261,268,382,358
2021,Sheffield 072,E02006803,7731,4815,4691,4030,1039,2991,119,26,93,542,208,334,124,166,130,122,101,21,1,0,1,7,3,4,36,2750,1939,262,204,201,144
2021,North East Derbyshire 014,E02006804,6763,3995,3841,3282,930,2352,85,18,67,474,168,306,154,97,74,71,59,12,1,0,1,2,2,0,23,2671,1555,281,275,372,188
2021,Coventry 043,E02006805,6894,4098,3834,3349,858,2491,75,17,58,410,164,246,264,229,190,181,114,67,4,0,4,5,4,1,39,2567,986,471,447,379,284
2021,Nuneaton and Bedworth 018,E02006806,6936,4159,3951,3440,804,2636,67,18,49,444,205,239,208,127,82,77,60,17,1,0,1,4,1,3,45,2650,1588,284,266,302,210
2021,Birmingham 132,E02006807,6440,3751,3599,2980,749,2231,106,24,82,513,224,289,152,149,125,118,96,22,1,0,1,6,5,1,24,2540,1372,417,387,179,185
2021,Solihull 030,E02006808,5340,3424,3307,2847,690,2157,59,10,49,401,168,233,117,98,71,70,57,13,1,1,0,0,0,0,27,1818,1137,233,206,108,134
2021,Birmingham 133,E02006809,8255,4775,4492,3700,931,2769,218,63,155,574,269,305,283,176,130,121,86,35,2,1,1,7,4,3,46,3304,1451,671,536,298,348
2021,Sandwell 039,E02006810,8781,4883,4533,3874,1002,2872,143,26,117,516,217,299,350,202,156,142,105,37,0,0,0,14,4,10,46,3696,2026,435,455,364,416
2021,Middlesbrough 020,E02006811,9298,5327,5151,4435,1048,3387,150,43,107,566,223,343,176,208,155,149,127,22,0,0,0,6,5,1,53,3763,2730,374,315,171,173
2021,Redcar and Cleveland 021,E02006812,6243,3227,3032,2676,815,1861,74,17,57,282,112,170,195,124,105,103,83,20,0,0,0,2,1,1,19,2892,1767,251,309,370,195
2021,Kingston upon Hull 033,E02006813,6715,3595,3338,3006,880,2126,47,15,32,285,110,175,257,120,92,91,66,25,1,1,0,0,0,0,28,3000,1720,267,344,446,223
2021,East Riding of Yorkshire 043,E02006814,6676,4029,3869,3429,953,2476,62,12,50,378,153,225,160,135,110,104,80,24,1,1,0,5,2,3,25,2512,1794,211,184,182,141
2021,Leicester 037,E02006815,8713,5011,4707,4052,1279,2773,147,50,97,508,196,312,304,158,114,105,83,22,2,2,0,7,5,2,44,3544,1551,519,592,571,311
2021,Harborough 011,E02006816,7231,4387,4269,3466,889,2577,178,36,142,625,262,363,118,84,65,65,55,10,0,0,0,0,0,0,19,2760,1887,309,258,168,138
2021,Leicester 038,E02006817,7460,3862,3625,3089,877,2212,110,41,69,426,201,225,237,421,271,257,215,42,0,0,0,14,14,0,150,3177,1020,1257,383,234,283
2021,Oadby and Wigston 008,E02006818,6857,4020,3856,3247,966,2281,82,27,55,527,234,293,164,104,72,65,57,8,0,0,0,7,3,4,32,2733,1812,282,288,166,185
2021,Leicester 039,E02006819,6381,3490,3226,2871,837,2034,64,19,45,291,115,176,264,150,115,108,81,27,0,0,0,7,6,1,35,2741,846,409,595,585,306
2021,Blaby 013,E02006820,8922,5236,5046,4201,1083,3118,166,45,121,679,255,424,190,110,78,73,60,13,0,0,0,5,4,1,32,3576,2570,318,280,215,193
2021,Portsmouth 026,E02006821,5346,3381,3283,2748,744,2004,85,14,71,450,176,274,98,137,115,115,102,13,0,0,0,0,0,0,22,1828,1326,164,162,103,73
2021,Havant 018,E02006822,7779,4569,4409,3711,1004,2707,90,19,71,608,239,369,160,127,103,101,89,12,0,0,0,2,1,1,24,3083,2098,206,287,320,172
2021,Buckinghamshire 039,E02006823,7239,4103,3980,2983,766,2217,178,32,146,819,398,421,123,109,86,74,60,14,0,0,0,12,8,4,23,3027,2212,256,345,99,115
2021,Buckinghamshire 036,E02006824,7720,4628,4497,3529,938,2591,143,25,118,825,385,440,131,127,101,96,85,11,0,0,0,5,3,2,26,2965,2112,320,299,107,127
2021,East Cambridgeshire 011,E02006825,5188,3153,3091,2500,594,1906,124,24,100,467,214,253,62,63,50,50,33,17,0,0,0,0,0,0,13,1972,1343,203,213,95,118
2021,West Suffolk 015,E02006826,8189,5470,5279,4519,987,3532,126,24,102,634,284,350,191,125,97,88,56,32,0,0,0,9,6,3,28,2594,1637,198,271,234,254
2021,Amber Valley 017,E02006827,6458,3679,3490,3021,805,2216,78,15,63,391,139,252,189,75,55,55,44,11,0,0,0,0,0,0,20,2704,1412,213,389,470,220
2021,Erewash 016,E02006828,5876,3791,3663,3208,850,2358,75,13,62,380,135,245,128,109,94,92,80,12,0,0,0,2,0,2,15,1976,1270,182,181,213,130
2021,East Hampshire 016,E02006829,6250,3521,3427,2763,796,1967,99,15,84,565,247,318,94,90,81,80,66,14,0,0,0,1,1,0,9,2639,2039,166,186,136,112
2021,Havant 019,E02006830,5258,3140,2976,2483,735,1748,61,8,53,432,155,277,164,91,65,58,50,8,1,0,1,6,6,0,26,2027,1122,150,270,326,159
2021,Havant 020,E02006831,5257,2945,2850,2321,687,1634,73,15,58,456,177,279,95,77,61,57,49,8,0,0,0,4,3,1,16,2235,1772,122,155,97,89
2021,Sevenoaks 016,E02006832,4844,2969,2877,2310,656,1654,78,8,70,489,213,276,92,63,50,48,42,6,0,0,0,2,2,0,13,1812,1219,155,201,119,118
2021,Tonbridge and Malling 014,E02006833,10034,6190,6024,4745,1141,3604,237,56,181,1042,512,530,166,133,108,99,79,20,1,0,1,8,8,0,25,3711,2439,311,445,259,257
2021,Nottingham 038,E02006834,6031,3272,3007,2720,789,1931,29,4,25,258,77,181,265,122,81,70,56,14,0,0,0,11,7,4,41,2637,1245,265,320,589,218
2021,Gedling 016,E02006835,5015,3000,2871,2456,696,1760,62,13,49,353,135,218,129,87,63,57,43,14,1,1,0,5,4,1,24,1928,1184,189,212,196,147
2021,Sutton 025,E02006836,7014,4140,3986,3108,680,2428,222,58,164,656,302,354,154,94,75,63,47,16,2,1,1,10,7,3,19,2780,1736,346,337,200,161
2021,Epsom and Ewell 010,E02006837,9547,5742,5541,4483,1048,3435,189,40,149,869,387,482,201,144,112,101,88,13,0,0,0,11,9,2,32,3661,2377,463,444,183,194
2021,East Hampshire 017,E02006838,5930,3217,3103,2337,596,1741,107,19,88,659,321,338,114,50,39,36,31,5,1,1,0,2,0,2,11,2663,1993,206,261,98,105
2021,Waverley 018,E02006839,7092,4018,3913,2870,714,2156,189,43,146,854,450,404,105,109,90,82,75,7,1,1,0,7,5,2,19,2965,1946,292,345,216,166
2021,Torbay 019,E02006840,9204,5183,4965,3995,1370,2625,135,31,104,835,371,464,218,157,107,100,84,16,0,0,0,7,4,3,50,3864,2479,348,391,417,229
2021,Gateshead 027,E02006841,6836,3836,3581,3237,624,2613,57,15,42,287,110,177,255,450,272,246,209,37,1,1,0,25,21,4,178,2550,748,877,233,380,312
2021,Gateshead 028,E02006842,4032,2260,2099,1905,561,1344,29,8,21,165,70,95,161,112,93,85,67,18,0,0,0,8,6,2,19,1660,836,253,192,208,171
2021,Sheffield 073,E02006843,10166,3870,3654,3368,373,2995,41,7,34,245,104,141,216,1327,846,768,626,142,5,4,1,73,64,9,481,4969,112,4410,172,96,179
2021,Sheffield 074,E02006844,7270,1916,1737,1542,348,1194,35,16,19,160,88,72,179,1236,833,773,676,97,4,4,0,56,46,10,403,4118,227,3295,195,228,173
2021,North Somerset 026,E02006845,7486,5017,4881,4237,1168,3069,92,20,72,552,221,331,136,173,135,133,115,18,0,0,0,2,2,0,38,2296,1426,234,226,249,161
2021,North Somerset 027,E02006846,7216,5472,5317,4684,1120,3564,79,13,66,554,216,338,155,182,152,147,117,30,1,1,0,4,4,0,30,1562,631,282,263,244,142
2021,Swindon 026,E02006847,7379,5614,5459,4805,1021,3784,79,16,63,575,212,363,155,213,136,127,106,21,3,1,2,6,5,1,77,1552,744,306,248,134,120
2021,Swindon 027,E02006848,6327,4973,4788,4201,824,3377,74,8,66,513,172,341,185,159,110,105,86,19,0,0,0,5,3,2,49,1195,440,252,273,98,132
2021,Swindon 028,E02006849,8047,5851,5675,4978,1043,3935,95,17,78,602,245,357,176,163,119,117,98,19,0,0,0,2,0,2,44,2033,1163,322,261,151,136
2021,Leicester 040,E02006850,9357,2524,2259,2001,439,1562,41,10,31,217,105,112,265,1675,911,860,751,109,6,4,2,45,34,11,764,5158,329,3889,292,281,367
2021,Leicester 041,E02006851,9604,3193,2922,2642,501,2141,45,11,34,235,106,129,271,1755,1047,963,827,136,12,11,1,72,61,11,708,4656,171,3812,181,229,263
2021,Leeds 109,E02006852,10140,6049,5838,4919,956,3963,167,39,128,752,380,372,211,533,368,338,280,58,0,0,0,30,27,3,165,3558,1707,1248,257,149,197
2021,Tower Hamlets 032,E02006853,9109,6406,6002,5283,767,4516,111,36,75,608,287,321,404,303,189,170,113,57,3,2,1,16,11,5,114,2400,348,734,664,290,364
2021,Tower Hamlets 033,E02006854,6213,4577,4355,3791,402,3389,96,15,81,468,177,291,222,184,134,104,61,43,3,2,1,27,19,8,50,1452,237,502,350,140,223
2021,Canterbury 019,E02006855,5264,2994,2829,2368,552,1816,58,8,50,403,213,190,165,328,215,197,171,26,1,1,0,17,13,4,113,1942,622,643,269,239,169
2021,Canterbury 020,E02006856,9687,4675,4406,3667,845,2822,128,38,90,611,309,302,269,732,533,491,414,77,0,0,0,42,32,10,199,4280,1476,1890,315,329,270
2021,Eastbourne 013,E02006857,7350,3981,3772,3060,953,2107,92,15,77,620,256,364,209,107,78,71,62,9,1,1,0,6,5,1,29,3262,2193,232,319,316,202
2021,Eastbourne 014,E02006858,5897,3035,2858,2324,669,1655,70,21,49,464,224,240,177,90,64,56,42,14,0,0,0,8,7,1,26,2772,2028,191,201,191,161
2021,Thurrock 019,E02006859,5730,4353,4158,3396,698,2698,107,8,99,655,218,437,195,173,141,121,94,27,3,1,2,17,8,9,32,1204,341,377,277,47,162
2021,Leeds 110,E02006861,12982,3433,3232,2835,598,2237,49,13,36,348,187,161,201,2372,1572,1400,1194,206,14,12,2,158,143,15,800,7177,593,5974,129,228,253
2021,North Northamptonshire 009,E02006862,5362,3326,3207,2795,640,2155,56,15,41,356,136,220,119,83,63,61,43,18,0,0,0,2,0,2,20,1953,1191,179,196,239,148
2021,North Northamptonshire 008,E02006863,8886,6730,6562,5738,1117,4621,151,28,123,673,248,425,168,226,182,177,135,42,1,1,0,4,1,3,44,1930,785,373,326,211,235
2021,Boston 008,E02006864,7276,4309,4161,3550,935,2615,145,26,119,466,185,281,148,111,77,75,53,22,1,0,1,1,1,0,34,2856,2030,250,265,178,133
2021,Boston 009,E02006865,6885,4156,4032,3518,927,2591,94,22,72,420,137,283,124,130,106,103,83,20,0,0,0,3,3,0,24,2599,1842,188,220,226,123
2021,North Kesteven 013,E02006866,7037,4461,4319,3782,881,2901,80,19,61,457,156,301,142,158,109,105,90,15,1,0,1,3,3,0,49,2418,1637,211,230,208,132
2021,North Kesteven 014,E02006867,6843,3872,3766,3246,843,2403,90,16,74,430,177,253,106,118,89,89,72,17,0,0,0,0,0,0,29,2853,2117,194,208,208,126
2021,Sheffield 075,E02006868,9861,5034,4665,4064,1232,2832,97,27,70,504,215,289,369,533,347,327,263,64,3,2,1,17,17,0,186,4294,1369,1118,680,637,490
2021,Sheffield 076,E02006869,9089,5511,5245,4566,1380,3186,91,15,76,588,186,402,266,117,90,87,66,21,0,0,0,3,1,2,27,3461,1980,323,395,489,274
2021,Lancaster 020,E02006871,9969,5592,5410,4676,1425,3251,124,26,98,610,302,308,182,190,155,145,129,16,0,0,0,10,8,2,35,4187,2730,351,367,457,282
2021,High Peak 013,E02006872,10827,6308,6146,4927,1412,3515,210,54,156,1009,431,578,162,147,116,105,92,13,1,1,0,10,9,1,31,4372,3188,335,313,322,214
2021,South Cambridgeshire 020,E02006873,6959,5207,5047,4416,1007,3409,83,19,64,548,235,313,160,203,152,142,118,24,1,1,0,9,6,3,51,1549,505,406,364,157,117
2021,South Cambridgeshire 021,E02006874,7985,5446,5315,4505,970,3535,132,23,109,678,308,370,131,146,118,111,89,22,2,0,2,5,3,2,28,2393,1403,348,299,201,142
2021,Leeds 111,E02006875,9392,3842,3673,3313,286,3027,68,11,57,292,107,185,169,1108,635,558,449,109,5,4,1,72,67,5,473,4442,91,4085,57,57,152
2021,Leeds 112,E02006876,6733,4484,4299,3917,628,3289,68,13,55,314,102,212,185,191,139,126,81,45,3,2,1,10,9,1,52,2058,765,522,255,305,211
2021,Peterborough 022,E02006877,8449,5778,5545,4801,1001,3800,110,23,87,634,239,395,233,147,109,99,69,30,1,0,1,9,6,3,38,2524,1323,325,369,286,221
2021,Peterborough 023,E02006878,9372,6961,6679,5818,1171,4647,157,26,131,704,272,432,282,255,177,165,125,40,2,1,1,10,9,1,78,2156,690,462,494,283,227
2021,Folkestone and Hythe 014,E02006879,5411,3094,2768,2183,661,1522,89,33,56,496,199,297,326,85,65,64,44,20,0,0,0,1,0,1,20,2232,929,203,338,487,275
2021,Folkestone and Hythe 015,E02006880,5835,3378,3145,2498,533,1965,84,18,66,563,253,310,233,58,36,32,23,9,0,0,0,4,4,0,22,2399,1474,152,208,350,215
2021,Burnley 014,E02006881,8583,4821,4557,3974,1010,2964,77,14,63,506,207,299,264,142,116,115,89,26,0,0,0,1,0,1,26,3620,1945,352,453,581,289
2021,Harrow 033,E02006882,11918,7218,6850,5008,1296,3712,334,74,260,1508,499,1009,368,292,244,195,131,64,3,3,0,46,23,23,48,4408,2320,696,713,265,414
2021,"Bournemouth, Christchurch and Poole 040",E02006883,5169,3129,2945,2498,507,1991,53,9,44,394,170,224,184,77,61,60,41,19,1,1,0,0,0,0,16,1963,1322,133,172,197,139
2021,Rossendale 010,E02006884,10084,5767,5469,4568,1129,3439,136,32,104,765,315,450,298,169,134,127,103,24,1,0,1,6,4,2,35,4148,2334,361,424,690,339
2021,"Bournemouth, Christchurch and Poole 045",E02006885,6794,4031,3773,3091,675,2416,103,26,77,579,271,308,258,139,92,83,57,26,0,0,0,9,8,1,47,2624,1774,208,168,228,246
2021,Vale of White Horse 016,E02006886,11061,7062,6897,5517,1140,4377,219,49,170,1161,542,619,165,181,146,140,103,37,0,0,0,6,5,1,35,3818,2505,375,504,219,215
2021,Bristol 054,E02006887,8801,5296,4983,4432,697,3735,81,32,49,470,207,263,313,544,323,289,239,50,3,2,1,31,26,5,221,2961,351,1641,341,339,289
2021,Bristol 055,E02006888,5619,3466,3209,2494,835,1659,64,27,37,651,289,362,257,197,152,130,101,29,0,0,0,22,22,0,45,1956,401,459,419,381,296
2021,Bristol 056,E02006889,5769,3188,2888,2368,839,1529,70,40,30,450,239,211,300,230,160,143,112,31,0,0,0,17,12,5,70,2351,500,479,543,450,379
2021,Bristol 057,E02006890,7421,5047,4729,3694,1039,2655,94,27,67,941,484,457,318,219,177,160,134,26,2,0,2,15,14,1,42,2155,614,469,408,347,317
2021,East Riding of Yorkshire 044,E02006891,6878,3945,3825,3174,897,2277,127,24,103,524,227,297,120,112,97,94,88,6,0,0,0,3,3,0,15,2821,2135,225,202,151,108
2021,East Riding of Yorkshire 045,E02006892,5247,2845,2728,2317,663,1654,60,10,50,351,150,201,117,75,59,57,48,9,0,0,0,2,2,0,16,2327,1671,141,184,218,113
2021,Newcastle upon Tyne 031,E02006893,9215,4870,4687,4102,1170,2932,106,26,80,479,182,297,183,132,103,95,80,15,2,2,0,6,5,1,29,4213,3182,270,257,334,170
2021,Wolverhampton 035,E02006894,10869,5974,5343,4631,1196,3435,143,33,110,569,206,363,631,402,290,266,178,88,8,3,5,16,12,4,112,4493,1416,725,1095,596,661
2021,Birmingham 134,E02006895,7734,4203,3750,3340,615,2725,54,17,37,356,177,179,453,725,413,373,278,95,4,3,1,36,29,7,312,2806,443,1219,455,300,389
2021,Birmingham 135,E02006896,5401,3149,2846,2497,448,2049,70,17,53,279,135,144,303,462,294,269,182,87,0,0,0,25,19,6,168,1790,263,736,272,207,312
2021,Birmingham 136,E02006897,7108,3750,3279,2898,579,2319,75,24,51,306,140,166,471,607,399,364,251,113,8,5,3,27,16,11,208,2751,320,1238,457,357,379
2021,Birmingham 137,E02006898,6926,4877,4541,4086,584,3502,63,16,47,392,179,213,336,419,286,254,155,99,1,0,1,31,25,6,133,1630,332,510,285,237,266
2021,Birmingham 138,E02006899,5847,4010,3723,3349,337,3012,63,9,54,311,116,195,287,417,292,259,163,96,3,1,2,30,19,11,125,1420,156,732,143,129,260
2021,Birmingham 139,E02006900,11096,4919,4233,3410,1522,1888,157,74,83,666,391,275,686,467,301,277,215,62,1,1,0,23,17,6,166,5710,902,1447,1831,637,893
2021,Manchester 054,E02006902,7325,5102,4741,4197,531,3666,105,21,84,439,169,270,361,411,310,263,192,71,4,1,3,43,36,7,101,1812,269,828,222,225,268
2021,Bassetlaw 016,E02006903,9265,5153,5004,4463,1332,3131,85,19,66,456,180,276,149,147,109,108,88,20,0,0,0,1,1,0,38,3965,2721,217,324,470,233
2021,Nottingham 039,E02006904,8563,4062,3842,3426,481,2945,75,13,62,341,159,182,220,1053,663,602,482,120,4,1,3,57,47,10,390,3448,321,2572,190,201,164
2021,Nottingham 040,E02006905,6017,3435,3158,2777,781,1996,52,9,43,329,157,172,277,224,155,153,109,44,0,0,0,2,1,1,69,2358,713,545,458,364,278
2021,Broxtowe 016,E02006906,10230,6024,5848,4944,1294,3650,177,33,144,727,298,429,176,177,137,132,112,20,0,0,0,5,4,1,40,4029,2836,385,360,246,202
2021,Norwich 014,E02006907,6525,4140,3882,3356,660,2696,63,24,39,463,211,252,258,237,185,150,117,33,1,0,1,34,26,8,52,2148,975,471,202,300,200
2021,Norwich 015,E02006908,4803,3159,2971,2471,614,1857,59,16,43,441,191,250,188,74,61,57,37,20,0,0,0,4,4,0,13,1570,773,189,187,264,157
2021,Hartlepool 014,E02006909,10826,6094,5893,4941,1291,3650,212,41,171,740,279,461,201,158,109,109,100,9,0,0,0,0,0,0,49,4574,3426,342,345,269,192
2021,Redcar and Cleveland 022,E02006910,8539,4556,4233,3792,1106,2686,64,16,48,377,156,221,323,153,107,100,78,22,0,0,0,7,5,2,46,3830,2036,376,504,593,321
2021,Manchester 055,E02006912,9977,5824,5583,4970,418,4552,80,12,68,533,220,313,241,764,484,436,323,113,8,4,4,40,32,8,280,3389,387,2637,88,93,184
2021,Manchester 056,E02006913,6275,3914,3651,3160,713,2447,88,27,61,403,215,188,263,225,162,149,116,33,1,1,0,12,9,3,63,2136,358,521,553,365,339
2021,Manchester 057,E02006914,7571,2162,2032,1808,254,1554,31,6,25,193,92,101,130,1260,597,524,449,75,8,8,0,65,65,0,663,4149,76,3737,97,124,115
2021,Manchester 058,E02006915,6933,3438,3077,2485,866,1619,103,48,55,489,233,256,361,268,172,159,110,49,4,1,3,9,6,3,96,3227,438,605,763,482,939
2021,Manchester 059,E02006916,6295,4558,4257,3800,535,3265,55,16,39,402,171,231,301,328,231,212,140,72,1,1,0,18,16,2,97,1409,273,469,171,282,214
2021,Manchester 060,E02006917,6260,4484,4327,3840,330,3510,117,16,101,370,123,247,157,301,208,184,118,66,2,1,1,22,19,3,93,1475,162,1084,72,25,132
2021,Hackney 028,E02006918,6338,4139,3761,3041,906,2135,112,48,64,608,297,311,378,148,114,95,81,14,2,2,0,17,15,2,34,2051,399,549,425,330,348
2021,South Derbyshire 012,E02006919,8223,5703,5511,4874,1087,3787,89,19,70,548,230,318,192,151,119,110,89,21,1,1,0,8,6,2,32,2369,1303,215,329,310,212
2021,South Derbyshire 013,E02006920,6384,4277,4129,3570,816,2754,68,7,61,491,193,298,148,105,85,81,70,11,1,0,1,3,2,1,20,2002,1063,187,314,263,175
2021,Hackney 029,E02006921,5551,3272,3020,2467,1195,1272,111,50,61,442,242,200,252,115,92,80,61,19,1,1,0,11,8,3,23,2164,478,684,376,335,291
2021,Colchester 022,E02006922,11708,6597,6282,5285,1536,3749,141,33,108,856,376,480,315,279,203,186,159,27,2,1,1,15,10,5,76,4832,3079,540,498,436,279
2021,Redbridge 035,E02006924,10928,6341,5935,4424,1231,3193,331,108,223,1180,510,670,406,365,289,239,181,58,12,2,10,38,19,19,76,4222,1580,853,984,330,475
2021,Redbridge 036,E02006925,11729,6835,6429,4802,1325,3477,387,90,297,1240,528,712,406,352,264,215,165,50,9,5,4,40,24,16,88,4542,1905,1157,793,284,403
2021,Thurrock 020,E02006926,6184,4476,4301,3497,743,2754,172,39,133,632,227,405,175,162,122,103,80,23,2,1,1,17,11,6,40,1546,669,349,280,88,160
2021,Greenwich 034,E02006927,9907,6532,6152,4960,868,4092,201,34,167,991,446,545,380,194,140,116,79,37,0,0,0,24,19,5,54,3181,1455,540,524,367,295
2021,Greenwich 035,E02006928,10281,6980,6603,5744,725,5019,125,23,102,734,318,416,377,608,370,312,247,65,5,3,2,53,42,11,238,2693,454,1232,424,315,268
2021,Greenwich 037,E02006930,8120,6044,5719,4762,650,4112,110,27,83,847,366,481,325,287,234,204,144,60,3,3,0,27,20,7,53,1789,647,395,288,207,252
2021,Greenwich 038,E02006931,7856,5320,5055,4149,681,3468,126,19,107,780,354,426,265,253,171,141,110,31,4,2,2,26,21,5,82,2283,969,544,304,235,231
2021,Liverpool 060,E02006932,13851,3233,3009,2707,473,2234,43,11,32,259,125,134,224,2862,1553,1471,1279,192,13,10,3,69,63,6,1309,7756,158,7117,125,152,204
2021,Liverpool 061,E02006933,6746,4261,4045,3580,566,3014,68,15,53,397,154,243,216,450,366,341,247,94,6,6,0,19,14,5,84,2035,533,751,203,290,258
2021,Liverpool 062,E02006934,6443,3738,3552,3150,368,2782,60,14,46,342,136,206,186,688,457,439,348,91,3,2,1,15,12,3,231,2017,243,1230,94,225,225
2021,St. Helens 024,E02006935,6050,3148,2958,2648,696,1952,44,9,35,266,99,167,190,120,94,93,76,17,0,0,0,1,1,0,26,2782,1322,259,363,604,234
2021,St. Helens 025,E02006936,6112,3858,3729,3325,670,2655,90,17,73,314,114,200,129,136,99,88,76,12,2,2,0,9,6,3,37,2118,1128,278,243,308,161
2021,Luton 022,E02006937,7445,4796,4417,3643,822,2821,112,27,85,662,224,438,379,478,385,352,239,113,6,5,1,27,9,18,93,2171,561,375,510,274,451
2021,Luton 023,E02006938,5314,2781,2402,2057,540,1517,59,15,44,286,96,190,379,650,447,417,318,99,3,2,1,27,14,13,203,1883,373,566,360,268,316
2021,Reading 019,E02006939,6118,4519,4252,3823,504,3319,59,12,47,370,128,242,267,178,135,124,78,46,1,1,0,10,10,0,43,1421,343,362,321,157,238
2021,Reading 020,E02006940,7175,4716,4441,4027,510,3517,59,13,46,355,131,224,275,332,215,196,131,65,1,0,1,18,12,6,117,2127,370,1011,349,158,239
2021,Southwark 035,E02006941,5020,4050,3900,3355,208,3147,89,14,75,456,181,275,150,125,77,58,40,18,4,1,3,15,12,3,48,845,279,336,79,44,107
2021,Southwark 036,E02006942,5862,4376,4161,3553,438,3115,82,13,69,526,201,325,215,182,136,118,67,51,3,2,1,15,15,0,46,1304,319,400,212,185,188
2021,Sandwell 040,E02006943,5486,2827,2485,2126,681,1445,93,48,45,266,116,150,342,239,164,157,107,50,1,1,0,6,5,1,75,2420,492,577,607,300,444
2021,Sandwell 041,E02006944,5697,3131,2741,2292,801,1491,86,27,59,363,181,182,390,237,152,137,99,38,2,1,1,13,5,8,85,2329,373,601,759,260,336
2021,Bradford 062,E02006945,7287,4432,4312,3632,885,2747,140,21,119,540,234,306,120,106,79,77,60,17,0,0,0,2,1,1,27,2749,2107,182,148,213,99
2021,Bradford 063,E02006946,4343,2586,2528,2102,514,1588,55,9,46,371,166,205,58,52,33,31,26,5,1,0,1,1,1,0,19,1705,1233,131,108,145,88
2021,Bradford 064,E02006947,7279,3487,2988,2513,880,1633,100,50,50,375,215,160,499,199,136,130,104,26,1,1,0,5,4,1,63,3593,468,752,1121,587,665
2021,Bradford 065,E02006948,4979,2642,2328,2038,533,1505,73,40,33,217,101,116,314,203,130,126,100,26,1,1,0,3,3,0,73,2134,236,535,647,296,420
2021,Bristol 058,E02006949,5684,3924,3702,2887,730,2157,73,17,56,742,374,368,222,185,140,117,88,29,0,0,0,23,20,3,45,1575,455,448,232,214,226
2021,Bristol 059,E02006950,6480,4186,3926,3294,697,2597,55,21,34,577,263,314,260,379,278,252,211,41,0,0,0,26,26,0,101,1915,231,883,237,289,275
2021,Bristol 060,E02006951,8142,2896,2781,2411,300,2111,41,10,31,329,151,178,115,1131,698,589,522,67,6,5,1,103,97,6,433,4115,276,3542,110,96,91
2021,Bristol 061,E02006952,7628,3088,2955,2557,319,2238,54,10,44,344,173,171,133,807,493,433,368,65,4,4,0,56,50,6,314,3733,425,2890,107,109,202
2021,Barnet 042,E02006953,7511,4899,4527,3623,642,2981,141,44,97,763,340,423,372,379,240,208,136,72,6,4,2,26,19,7,139,2233,304,712,501,241,475
2021,Barnet 043,E02006954,8054,5218,4899,3730,862,2868,169,39,130,1000,409,591,319,311,239,192,111,81,4,1,3,43,29,14,72,2525,696,622,589,245,373
2021,Brent 035,E02006955,6412,3814,3560,3035,469,2566,88,31,57,437,179,258,254,565,283,241,187,54,3,0,3,39,27,12,282,2033,219,1124,340,133,217
2021,Brent 036,E02006956,7383,4024,3732,2983,710,2273,112,26,86,637,218,419,292,533,307,274,223,51,2,1,1,31,25,6,226,2826,888,1020,470,154,294
2021,Salford 031,E02006957,5058,2814,2489,2128,1277,851,70,31,39,291,158,133,325,122,88,70,54,16,3,0,3,15,14,1,34,2122,458,481,432,427,324
2021,Salford 032,E02006958,6131,3517,3139,2725,811,1914,54,18,36,360,181,179,378,332,245,231,186,45,1,1,0,13,13,0,87,2282,597,628,401,365,291
2021,Salford 033,E02006959,7587,5582,5240,4721,497,4224,67,5,62,452,173,279,342,473,326,297,203,94,2,2,0,27,24,3,147,1532,231,680,137,234,250
2021,Salford 034,E02006960,8405,4591,4266,3847,579,3268,59,10,49,360,120,240,325,860,525,473,437,36,1,1,0,51,41,10,335,2954,308,1733,294,327,292
2021,Salford 035,E02006961,5562,3537,3279,2933,617,2316,72,24,48,274,128,146,258,293,204,185,146,39,1,0,1,18,15,3,89,1732,457,426,260,350,239
2021,Salford 036,E02006962,4647,3366,3192,2872,374,2498,44,13,31,276,119,157,174,284,206,193,136,57,0,0,0,13,12,1,78,997,204,358,144,126,165
2021,Salford 037,E02006963,5697,4509,4259,3782,347,3435,68,14,54,409,174,235,250,347,243,217,149,68,3,2,1,23,14,9,104,841,205,305,158,45,128
2021,Leicester 042,E02006964,4913,3351,3158,2745,767,1978,98,27,71,315,155,160,193,131,101,101,85,16,0,0,0,0,0,0,30,1431,408,324,371,157,171
2021,Leicester 043,E02006965,6534,3878,3673,3105,942,2163,153,41,112,415,187,228,205,151,116,111,87,24,0,0,0,5,5,0,35,2505,985,463,466,330,261
2021,Oadby and Wigston 010,E02006966,6373,2993,2893,2289,682,1607,209,57,152,395,176,219,100,289,167,153,138,15,2,2,0,12,12,0,122,3091,1140,1489,236,111,115
2021,Oadby and Wigston 011,E02006967,6147,3730,3551,2989,793,2196,125,25,100,437,202,235,179,122,90,83,66,17,0,0,0,7,5,2,32,2295,1317,393,306,113,166
2021,Ealing 041,E02006968,6878,4340,4076,3189,514,2675,180,39,141,707,376,331,264,154,120,97,48,49,5,2,3,18,16,2,34,2384,1071,403,511,168,231
2021,Ealing 042,E02006969,5480,3812,3600,2931,377,2554,100,26,74,569,256,313,212,139,103,88,59,29,0,0,0,15,15,0,36,1529,578,307,306,131,207
2021,Ealing 043,E02006970,5660,3262,2919,2509,715,1794,100,47,53,310,138,172,343,157,104,97,78,19,3,3,0,4,3,1,53,2241,428,494,704,172,443
2021,Ealing 044,E02006971,6501,3541,3181,2675,814,1861,138,46,92,368,161,207,360,190,129,120,97,23,2,0,2,7,7,0,61,2770,762,526,713,251,518
2021,Hounslow 030,E02006972,4288,2788,2573,2075,410,1665,78,20,58,420,196,224,215,84,62,55,41,14,1,1,0,6,6,0,22,1416,420,252,363,186,195
2021,Hounslow 031,E02006973,6813,4499,4148,3343,738,2605,114,38,76,691,325,366,351,162,124,111,85,26,1,0,1,12,5,7,38,2152,789,365,413,321,264
2021,Stoke-on-Trent 035,E02006974,8887,4970,4749,4252,1039,3213,77,22,55,420,154,266,221,155,119,109,91,18,2,1,1,8,4,4,36,3762,1957,281,507,677,340
2021,Portsmouth 027,E02006975,9328,2238,2037,1821,516,1305,39,13,26,177,79,98,201,1489,678,633,579,54,2,2,0,43,38,5,811,5601,529,4133,309,361,269
2021,Portsmouth 028,E02006976,4075,1892,1698,1446,543,903,40,15,25,212,77,135,194,156,111,98,81,17,1,0,1,12,10,2,45,2027,624,338,403,412,250
2021,Chelmsford 022,E02006978,6321,3981,3784,3287,529,2758,66,10,56,431,186,245,197,285,187,169,128,41,0,0,0,18,10,8,98,2055,781,518,211,147,398
2021,Chelmsford 023,E02006979,5495,4046,3866,3413,519,2894,71,16,55,382,160,222,180,118,102,97,78,19,0,0,0,5,5,0,16,1331,631,212,184,128,176
2021,Rochford 011,E02006980,6244,3617,3510,2856,782,2074,90,19,71,564,258,306,107,110,84,80,73,7,1,0,1,3,1,2,26,2517,1850,207,273,103,84
2021,Rochford 012,E02006981,6574,3811,3675,3029,764,2265,102,25,77,544,221,323,136,94,76,73,68,5,0,0,0,3,1,2,18,2669,1907,197,308,126,131
2021,South Staffordshire 015,E02006982,10209,6027,5766,4850,1341,3509,168,43,125,748,319,429,261,126,105,95,74,21,0,0,0,10,5,5,21,4056,2891,330,354,291,190
2021,Manchester 061,E02006983,5832,3881,3670,3300,607,2693,69,21,48,301,101,200,211,174,141,125,87,38,1,0,1,15,14,1,33,1777,436,327,338,426,250
2021,Manchester 062,E02006984,5106,3884,3707,3394,366,3028,54,17,37,259,109,150,177,208,176,157,108,49,1,0,1,18,15,3,32,1014,232,269,150,190,173
2021,Manchester 063,E02006985,6477,2985,2687,2086,1020,1066,98,45,53,503,313,190,298,279,184,160,131,29,9,7,2,15,15,0,95,3213,428,802,1146,350,487
2021,Manchester 064,E02006986,4567,2512,2321,1867,649,1218,64,29,35,390,216,174,191,145,95,88,61,27,0,0,0,7,7,0,50,1910,365,419,595,239,292
2021,Croydon 046,E02006987,6327,4898,4581,3933,584,3349,69,15,54,579,255,324,317,172,139,118,78,40,3,0,3,18,11,7,33,1257,319,226,276,117,319
2021,Croydon 047,E02006988,5714,3898,3636,2981,626,2355,68,19,49,587,281,306,262,104,81,77,50,27,1,1,0,3,3,0,23,1712,608,256,305,266,277
2021,Plymouth 033,E02006989,4559,2424,2266,1917,530,1387,48,9,39,301,127,174,158,200,164,155,125,30,0,0,0,9,8,1,36,1935,649,425,232,402,227
2021,Plymouth 034,E02006990,5958,3244,3014,2525,627,1898,61,18,43,428,183,245,230,159,115,103,81,22,0,0,0,12,12,0,44,2555,1226,284,247,531,267
2021,Greenwich 039,E02006991,5634,4571,4325,3690,371,3319,83,18,65,552,204,348,246,148,102,84,52,32,1,0,1,17,10,7,46,915,271,214,178,98,154
2021,Greenwich 040,E02006992,6793,5003,4748,4090,533,3557,80,19,61,578,236,342,255,194,132,107,83,24,7,2,5,18,13,5,62,1596,472,339,362,248,175
2021,Greenwich 041,E02006993,6850,5067,4814,4180,570,3610,84,19,65,550,239,311,253,306,204,168,112,56,3,2,1,33,24,9,102,1477,248,527,348,170,184
2021,Greenwich 042,E02006994,6056,4022,3701,3069,719,2350,87,27,60,545,229,316,321,274,203,173,117,56,4,2,2,26,20,6,71,1760,420,360,438,228,314
2021,Newham 038,E02006995,7287,5464,5217,4663,441,4222,75,21,54,479,183,296,247,337,221,199,132,67,5,2,3,17,10,7,116,1486,99,838,268,122,159
2021,Newham 039,E02006996,7190,4749,4454,3773,598,3175,100,18,82,581,223,358,295,410,259,225,154,71,2,2,0,32,24,8,151,2031,342,969,338,159,223
2021,Newham 040,E02006997,6006,4562,4257,3686,517,3169,78,21,57,493,178,315,305,245,177,157,108,49,0,0,0,20,14,6,68,1199,179,398,259,141,222
2021,Newham 041,E02006998,5479,3668,3317,2622,700,1922,112,22,90,583,231,352,351,248,168,134,96,38,0,0,0,34,17,17,80,1563,325,388,403,186,261
2021,Newham 042,E02006999,9345,7465,7082,6090,753,5337,189,47,142,803,312,491,383,324,232,200,110,90,6,1,5,26,15,11,92,1556,221,459,467,149,260
2021,Oldham 036,E02007000,5311,2498,2207,1692,661,1031,115,58,57,400,227,173,291,162,106,92,70,22,0,0,0,14,11,3,56,2651,467,564,836,380,404
2021,Oldham 037,E02007001,6154,3016,2766,2133,781,1352,124,58,66,509,265,244,250,211,137,118,96,22,4,4,0,15,11,4,74,2927,651,687,875,310,404
2021,Rotherham 034,E02007002,9647,5481,5308,4477,1179,3298,178,36,142,653,245,408,173,187,131,125,100,25,0,0,0,6,4,2,56,3979,2760,323,328,362,206
2021,Pendle 014,E02007003,8626,4855,4625,4005,1089,2916,88,14,74,532,237,295,230,149,124,121,96,25,0,0,0,3,3,0,25,3622,2073,320,375,551,303
2021,Thurrock 021,E02007004,4956,3565,3352,2710,559,2151,96,17,79,546,168,378,213,159,131,120,63,57,0,0,0,11,8,3,28,1232,340,248,275,162,207
2021,Thurrock 022,E02007005,6301,4601,4379,3667,772,2895,127,25,102,585,180,405,222,222,186,166,102,64,1,0,1,19,8,11,36,1478,428,284,362,160,244
2021,Dorset 031,E02007006,5056,2494,2370,2005,554,1451,62,15,47,303,144,159,124,73,43,43,33,10,0,0,0,0,0,0,30,2489,1857,134,159,231,108
2021,Dorset 032,E02007007,5604,3065,2960,2481,776,1705,64,14,50,415,211,204,105,121,93,89,81,8,0,0,0,4,4,0,28,2418,1655,189,220,242,112
2021,Lewisham 040,E02007008,4928,3693,3446,3039,427,2612,34,10,24,373,153,220,247,216,123,110,86,24,3,0,3,10,9,1,93,1019,137,456,198,93,135
2021,Lewisham 041,E02007009,7570,5002,4566,3804,906,2898,82,27,55,680,330,350,436,254,192,156,96,60,6,5,1,30,24,6,62,2314,701,377,388,385,463
2021,Bedford 021,E02007010,6713,4510,4360,3719,798,2921,96,16,80,545,209,336,150,124,92,89,72,17,2,0,2,1,0,1,32,2079,1282,221,275,129,172
2021,Bedford 022,E02007011,5577,3930,3808,3274,643,2631,84,10,74,450,166,284,122,121,96,90,71,19,0,0,0,6,3,3,25,1526,799,210,243,141,133
2021,Milton Keynes 033,E02007012,5934,4279,4094,3513,668,2845,106,19,87,475,174,301,185,194,159,147,109,38,0,0,0,12,6,6,35,1461,505,357,322,128,149
2021,Milton Keynes 034,E02007013,7047,5568,5387,4719,780,3939,127,27,100,541,196,345,181,251,202,184,111,73,8,1,7,10,10,0,49,1228,216,378,337,109,188
2021,Milton Keynes 035,E02007014,5542,3889,3718,3271,619,2652,70,13,57,377,147,230,171,166,143,135,98,37,0,0,0,8,4,4,23,1487,681,285,219,159,143
2021,Milton Keynes 036,E02007015,7226,5420,5222,4553,788,3765,123,26,97,546,195,351,198,209,154,144,107,37,1,1,0,9,8,1,55,1597,730,287,281,173,126
2021,Milton Keynes 037,E02007016,7008,4666,4492,3826,700,3126,108,25,83,558,209,349,174,144,112,100,73,27,1,0,1,11,6,5,32,2198,970,334,296,170,428
2021,Redbridge 037,E02007017,6625,3945,3689,2955,833,2122,144,38,106,590,221,369,256,199,152,127,100,27,1,0,1,24,16,8,47,2481,970,592,487,177,255
2021,Redbridge 038,E02007018,5373,3315,3094,2445,722,1723,113,32,81,536,209,327,221,172,136,117,85,32,1,1,0,18,9,9,36,1886,517,419,520,192,238
2021,Redbridge 039,E02007019,5290,3082,2823,2203,656,1547,113,40,73,507,231,276,259,219,161,134,88,46,1,0,1,26,17,9,58,1989,386,398,675,214,316
2021,Redbridge 040,E02007020,7394,4028,3737,2799,964,1835,191,62,129,747,340,407,291,231,176,158,124,34,1,0,1,17,11,6,55,3135,810,692,942,242,449
2021,Oxford 020,E02007021,7038,3956,3776,3280,720,2560,89,17,72,407,186,221,180,369,276,260,187,73,0,0,0,16,16,0,93,2713,752,1239,272,259,191
2021,County Durham 067,E02007022,10436,5337,5137,3942,1089,2853,215,41,174,980,383,597,200,108,72,66,48,18,2,1,1,4,3,1,36,4991,3587,358,328,298,420
2021,Wiltshire 063,E02007023,6191,3975,3826,3314,898,2416,87,13,74,425,177,248,149,91,75,72,64,8,0,0,0,3,3,0,16,2125,1228,216,270,261,150
2021,Wiltshire 064,E02007024,5788,3621,3527,3022,749,2273,60,17,43,445,179,266,94,80,66,62,58,4,0,0,0,4,3,1,14,2087,1336,189,202,209,151
2021,Wiltshire 065,E02007025,6532,4544,4385,3921,767,3154,57,17,40,407,167,240,159,119,95,94,65,29,1,0,1,0,0,0,24,1869,898,256,326,159,230
2021,Wiltshire 066,E02007026,6439,5022,4875,4593,785,3808,36,8,28,246,116,130,147,95,79,76,51,25,0,0,0,3,3,0,16,1322,291,233,365,116,317
2021,East Devon 021,E02007027,8724,5752,5606,4515,1206,3309,212,42,170,879,382,497,146,184,159,148,123,25,2,1,1,9,7,2,25,2788,1713,306,328,274,167
2021,East Devon 022,E02007028,4273,3506,3431,3050,670,2380,51,9,42,330,129,201,75,69,59,56,42,14,0,0,0,3,2,1,10,698,190,143,176,117,72
2021,Derbyshire Dales 011,E02007029,9563,5070,4934,3653,1252,2401,212,49,163,1069,473,596,136,137,123,119,105,14,0,0,0,4,3,1,14,4356,3326,277,316,266,171
2021,Cheshire East 052,E02007030,6144,3721,3621,2888,619,2269,170,28,142,563,236,327,100,247,180,164,131,33,0,0,0,16,7,9,67,2176,1166,610,182,115,103
2021,Cheshire East 053,E02007031,6919,4524,4424,3580,814,2766,191,38,153,653,274,379,100,136,106,98,91,7,0,0,0,8,6,2,30,2259,1484,326,235,114,100
2021,North Norfolk 015,E02007032,5786,2872,2734,2253,755,1498,56,17,39,425,206,219,138,58,43,42,39,3,0,0,0,1,0,1,15,2856,2027,142,275,269,143
2021,North Norfolk 016,E02007033,5252,2770,2650,2201,679,1522,69,15,54,380,168,212,120,72,57,56,51,5,0,0,0,1,1,0,15,2410,1702,133,199,247,129
2021,Tewkesbury 010,E02007034,6273,4429,4304,3747,877,2870,58,13,45,499,220,279,125,110,83,77,64,13,0,0,0,6,6,0,27,1734,1111,200,204,127,92
2021,Tewkesbury 011,E02007035,6463,3607,3476,2887,831,2056,79,18,61,510,246,264,131,86,68,62,54,8,2,1,1,4,3,1,18,2770,2154,191,179,145,101
2021,Birmingham 141,E02007038,10291,5675,5160,4416,1304,3112,105,42,63,639,253,386,515,229,163,151,108,43,3,2,1,9,5,4,66,4387,1725,706,833,639,484
2021,Birmingham 142,E02007039,5995,2696,2361,1845,731,1114,110,39,71,406,234,172,335,156,102,94,75,19,1,0,1,7,6,1,54,3143,641,711,971,324,496
2021,Birmingham 143,E02007040,5190,2348,2098,1650,681,969,81,32,49,367,223,144,250,182,117,102,88,14,3,3,0,12,8,4,65,2660,352,710,910,280,408
2021,Craven 009,E02007041,8767,4683,4586,3250,999,2251,280,51,229,1056,425,631,97,139,120,108,98,10,3,2,1,9,7,2,19,3945,3190,256,238,123,138
2021,Hambleton 012,E02007042,5808,3226,3136,2723,789,1934,73,13,60,340,158,182,90,89,71,69,58,11,0,0,0,2,0,2,18,2493,1820,167,189,175,142
2021,Hambleton 013,E02007043,5151,3061,2925,2612,754,1858,53,13,40,260,110,150,136,98,87,82,67,15,0,0,0,5,5,0,11,1992,1248,160,203,246,135
2021,Ryedale 009,E02007044,6213,4003,3862,3356,893,2463,78,13,65,428,156,272,141,86,80,79,62,17,0,0,0,1,1,0,6,2124,1264,149,249,276,186
2021,Ryedale 010,E02007045,5712,3322,3230,2639,753,1886,113,24,89,478,204,274,92,84,70,63,55,8,0,0,0,7,7,0,14,2306,1705,169,180,147,105
2021,Ashford 015,E02007046,5639,3176,3031,2573,694,1879,67,13,54,391,145,246,145,76,55,50,34,16,0,0,0,5,1,4,21,2387,1469,210,272,243,193
2021,Ashford 016,E02007047,6835,4874,4679,4034,928,3106,95,18,77,550,210,340,195,166,128,120,99,21,0,0,0,8,7,1,38,1795,886,297,280,154,178
2021,Rugby 013,E02007048,6375,3875,3788,3057,681,2376,201,45,156,530,219,311,87,79,64,58,46,12,2,0,2,4,4,0,15,2421,1686,206,194,162,173
2021,Rugby 014,E02007049,6057,4627,4508,3889,635,3254,81,12,69,538,204,334,119,114,87,77,60,17,0,0,0,10,8,2,27,1316,696,183,222,101,114
2021,Telford and Wrekin 024,E02007050,6317,4494,4316,3805,804,3001,58,11,47,453,171,282,178,134,86,85,71,14,0,0,0,1,0,1,48,1689,706,245,325,238,175
2021,Telford and Wrekin 025,E02007051,6430,4628,4488,3908,796,3112,101,16,85,479,176,303,140,124,96,90,70,20,0,0,0,6,6,0,28,1678,815,233,261,228,141
2021,Norwich 016,E02007052,5618,3202,2940,2505,728,1777,50,20,30,385,187,198,262,139,117,111,90,21,0,0,0,6,6,0,22,2277,978,282,245,525,247
2021,Norwich 017,E02007053,5736,2550,2357,1903,437,1466,71,22,49,383,181,202,193,471,271,238,211,27,1,1,0,32,29,3,200,2715,726,1272,123,387,207
2021,South Norfolk 016,E02007054,6657,4724,4599,3959,923,3036,93,20,73,547,227,320,125,131,112,106,74,32,0,0,0,6,5,1,19,1802,1033,222,241,195,111
2021,South Norfolk 017,E02007055,6378,3635,3536,2902,857,2045,79,12,67,555,240,315,99,93,72,68,56,12,0,0,0,4,4,0,21,2650,1874,190,215,235,136
2021,Colchester 023,E02007056,6503,4761,4587,3970,786,3184,90,15,75,527,198,329,174,138,90,84,74,10,2,0,2,4,4,0,48,1604,728,257,302,207,110
2021,Colchester 024,E02007057,5937,4278,4128,3611,661,2950,76,14,62,441,191,250,150,157,122,110,92,18,1,0,1,11,11,0,35,1502,650,300,249,161,142
2021,Darlington 016,E02007058,9631,5819,5337,4751,1115,3636,97,32,65,489,220,269,482,185,144,135,104,31,2,1,1,7,6,1,41,3627,1658,356,534,673,406
2021,Hartlepool 015,E02007059,8833,4808,4474,3854,1067,2787,158,43,115,462,201,261,334,153,104,100,83,17,0,0,0,4,4,0,49,3872,2064,445,450,561,352
2021,Stockton-on-Tees 025,E02007060,4838,2411,2067,1805,497,1308,55,20,35,207,93,114,344,137,95,93,60,33,1,1,0,1,1,0,42,2290,618,312,367,600,393
2021,Stockton-on-Tees 026,E02007061,6182,3759,3406,2886,748,2138,99,28,71,421,205,216,353,140,108,106,78,28,0,0,0,2,1,1,32,2283,564,455,488,431,345
2021,Stockton-on-Tees 027,E02007062,5598,4096,4004,3528,713,2815,89,19,70,387,139,248,92,153,132,128,96,32,1,0,1,3,1,2,21,1349,633,339,186,75,116
2021,Stockton-on-Tees 028,E02007063,6947,5016,4883,4208,950,3258,160,28,132,515,186,329,133,223,177,175,154,21,0,0,0,2,1,1,46,1708,881,404,219,79,125
2021,South Gloucestershire 033,E02007064,6440,4036,3894,3406,844,2562,71,17,54,417,170,247,142,105,92,86,65,21,0,0,0,6,5,1,13,2299,1443,209,225,258,164
2021,South Gloucestershire 034,E02007065,5991,4385,4249,3840,783,3057,70,16,54,339,136,203,136,151,120,112,90,22,0,0,0,8,5,3,31,1455,598,207,289,208,153
2021,South Gloucestershire 035,E02007066,7944,3173,3068,2748,521,2227,48,11,37,272,103,169,105,1024,570,548,506,42,0,0,0,22,20,2,454,3747,457,2836,196,144,114
2021,South Gloucestershire 036,E02007067,5560,3532,3447,2971,690,2281,67,10,57,409,178,231,85,156,125,122,104,18,0,0,0,3,3,0,31,1872,1143,305,174,157,93
2021,Slough 015,E02007068,5308,3451,3206,2656,622,2034,100,33,67,450,205,245,245,144,117,104,67,37,1,0,1,12,7,5,27,1713,416,322,508,151,316
2021,Slough 016,E02007069,6190,3785,3502,2819,702,2117,127,39,88,556,212,344,283,187,128,114,86,28,1,1,0,13,5,8,59,2218,691,405,565,160,397
2021,North Northamptonshire 020,E02007070,5108,3265,3188,2646,592,2054,90,22,68,452,207,245,77,93,72,71,63,8,0,0,0,1,0,1,21,1750,1142,186,218,141,63
2021,North Northamptonshire 023,E02007071,8141,5374,5226,4507,1068,3439,100,19,81,619,240,379,148,145,100,100,90,10,0,0,0,0,0,0,45,2622,1599,238,310,278,197
2021,West Northamptonshire 035,E02007072,5542,4017,3893,3377,666,2711,76,14,62,440,140,300,124,175,136,122,92,30,3,0,3,11,5,6,39,1350,651,235,220,141,103
2021,West Northamptonshire 039,E02007073,6054,4121,4014,3369,654,2715,95,18,77,550,182,368,107,134,94,80,58,22,6,0,6,8,4,4,40,1799,1123,243,214,100,119
2021,Southampton 033,E02007074,7301,3352,3105,2581,669,1912,74,28,46,450,179,271,247,875,565,520,445,75,0,0,0,45,37,8,310,3074,373,1733,393,299,276
2021,Southampton 034,E02007075,4847,3638,3483,3062,378,2684,74,17,57,347,126,221,155,151,130,116,57,59,1,0,1,13,7,6,21,1058,409,250,162,68,169
2021,Test Valley 016,E02007076,5741,4366,4234,3749,661,3088,73,16,57,412,167,245,132,107,84,77,62,15,0,0,0,7,7,0,23,1268,522,138,239,238,131
2021,Test Valley 017,E02007077,5471,4128,4026,3586,679,2907,57,10,47,383,144,239,102,83,63,63,52,11,0,0,0,0,0,0,20,1260,537,147,248,191,137
2021,Test Valley 018,E02007078,4325,2593,2506,2191,479,1712,44,15,29,271,118,153,87,66,50,50,43,7,0,0,0,0,0,0,16,1666,1097,108,136,203,122
2021,Kingston upon Hull 034,E02007079,6252,3994,3708,3361,893,2468,46,10,36,301,107,194,286,97,62,60,47,13,0,0,0,2,2,0,35,2161,750,294,457,432,228
2021,Kingston upon Hull 035,E02007080,6386,5228,5123,4653,935,3718,95,15,80,375,143,232,105,158,118,111,81,30,2,2,0,5,0,5,40,1000,411,228,176,83,102
2021,North East Lincolnshire 024,E02007081,8436,4783,4564,3919,1160,2759,114,22,92,531,258,273,219,126,97,96,76,20,0,0,0,1,1,0,29,3527,2292,280,360,369,226
2021,Nottingham 041,E02007082,14640,5085,4878,4114,999,3115,161,45,116,603,302,301,207,967,585,522,467,55,4,1,3,59,54,5,382,8588,2045,5350,521,377,295
2021,Wandsworth 038,E02007083,6741,5005,4739,3873,390,3483,183,33,150,683,262,421,266,195,150,118,73,45,5,5,0,27,14,13,45,1541,282,635,279,107,238
2021,Wandsworth 039,E02007084,8290,5682,5230,4407,852,3555,105,30,75,718,296,422,452,261,176,145,99,46,6,3,3,25,15,10,85,2347,638,523,413,337,436
2021,South Cambridgeshire 022,E02007085,9786,5855,5670,4731,1158,3573,138,26,112,801,400,401,185,129,102,93,74,19,0,0,0,9,9,0,27,3802,2575,565,348,154,160
2021,Cambridge 015,E02007086,8238,5996,5785,5052,878,4174,134,23,111,599,317,282,211,196,167,150,92,58,0,0,0,17,13,4,29,2046,731,519,455,170,171
2021,Cambridge 014,E02007087,5499,2584,2501,2110,324,1786,66,15,51,325,172,153,83,492,337,302,219,83,4,4,0,31,26,5,155,2423,697,1304,164,132,126
2021,North Hertfordshire 016,E02007088,6330,3770,3663,2669,676,1993,174,43,131,820,407,413,107,100,66,65,58,7,0,0,0,1,1,0,34,2460,1696,252,266,121,125
2021,North Hertfordshire 017,E02007089,5741,4170,4045,3413,672,2741,92,14,78,540,212,328,125,125,102,94,77,17,0,0,0,8,3,5,23,1446,760,222,221,114,129
2021,St Albans 021,E02007090,4933,3055,2930,2367,595,1772,91,22,69,472,226,246,125,115,90,85,76,9,0,0,0,5,5,0,25,1763,901,323,222,198,119
2021,Stevenage 013,E02007091,5326,3551,3444,2881,655,2226,69,15,54,494,186,308,107,102,79,79,68,11,0,0,0,0,0,0,23,1673,1113,160,182,105,113
2021,Welwyn Hatfield 017,E02007092,4589,2602,2475,2020,545,1475,73,13,60,382,172,210,127,130,104,86,64,22,2,0,2,16,16,0,26,1857,1033,381,184,117,142
2021,East Hertfordshire 019,E02007093,6716,4041,3928,2972,762,2210,195,44,151,761,359,402,113,71,54,52,46,6,0,0,0,2,2,0,17,2604,1763,219,308,176,138
2021,Gateshead 029,E02007094,5749,3064,2875,2452,667,1785,60,14,46,363,164,199,189,60,35,31,24,7,1,1,0,3,2,1,25,2625,1566,205,298,374,182
2021,Newcastle upon Tyne 032,E02007095,7630,5309,5175,4580,879,3701,140,26,114,455,186,269,134,145,100,95,74,21,0,0,0,5,4,1,45,2176,1194,276,309,257,140
2021,Newcastle upon Tyne 033,E02007096,4820,2898,2781,2464,654,1810,64,16,48,253,111,142,117,97,76,67,59,8,2,1,1,7,5,2,21,1825,1177,253,205,109,81
2021,Newcastle upon Tyne 034,E02007097,8161,2524,2391,2127,484,1643,39,9,30,225,126,99,133,1559,1042,975,877,98,8,8,0,59,56,3,517,4078,466,3150,89,227,146
2021,Newcastle upon Tyne 035,E02007098,5270,2735,2464,2191,668,1523,40,14,26,233,92,141,271,135,96,92,70,22,0,0,0,4,3,1,39,2400,946,276,404,457,317
2021,Newcastle upon Tyne 036,E02007099,9945,2597,2371,2102,342,1760,47,7,40,222,90,132,226,1484,947,876,743,133,14,10,4,57,51,6,537,5864,394,4920,134,227,189
2021,Newcastle upon Tyne 037,E02007100,8134,1814,1652,1481,288,1193,26,6,20,145,64,81,162,1850,1083,1017,921,96,2,2,0,64,58,6,767,4470,312,3614,119,243,182
2021,Newcastle upon Tyne 038,E02007101,6692,3006,2624,2090,1017,1073,116,50,66,418,239,179,382,269,201,180,161,19,1,1,0,20,10,10,68,3417,615,663,1004,525,610
2021,Newcastle upon Tyne 039,E02007102,6614,1952,1745,1476,475,1001,54,14,40,215,108,107,207,690,464,420,347,73,0,0,0,44,41,3,226,3972,438,2407,376,382,369
2021,Newcastle upon Tyne 040,E02007103,5188,2776,2512,2206,702,1504,36,12,24,270,121,149,264,178,116,109,82,27,0,0,0,7,7,0,62,2234,659,358,368,549,300
2021,Newcastle upon Tyne 041,E02007104,4205,1853,1600,1358,578,780,51,25,26,191,109,82,253,150,98,93,82,11,0,0,0,5,5,0,52,2202,466,395,417,517,407
2021,Northumberland 041,E02007105,10450,5867,5593,5037,1420,3617,102,17,85,454,193,261,274,132,109,106,82,24,0,0,0,3,3,0,23,4451,2936,311,379,509,316
2021,Northumberland 042,E02007106,12049,7333,7025,6318,1543,4775,147,35,112,560,239,321,308,261,209,203,164,39,0,0,0,6,3,3,52,4455,3063,447,360,390,195
2021,Northumberland 043,E02007107,7495,3769,3667,2736,828,1908,244,46,198,687,356,331,102,82,65,60,51,9,0,0,0,5,5,0,17,3644,2818,253,218,188,167
2021,Hackney 030,E02007108,5311,4227,4023,3203,357,2846,100,18,82,720,262,458,204,82,66,55,42,13,2,1,1,9,9,0,16,1002,287,216,150,157,192
2021,Hackney 031,E02007109,6485,4447,4151,3219,506,2713,139,33,106,793,332,461,296,112,89,72,49,23,1,1,0,16,11,5,23,1926,599,373,317,337,300
2021,Hackney 032,E02007110,6361,4186,3930,3262,531,2731,143,20,123,525,227,298,256,258,171,125,89,36,2,1,1,44,39,5,87,1917,359,785,254,272,247
2021,Hackney 033,E02007111,5462,3952,3729,3082,363,2719,95,18,77,552,198,354,223,258,151,118,84,34,2,1,1,31,22,9,107,1252,154,638,137,113,210
2021,Tower Hamlets 034,E02007112,5235,4169,3898,3450,315,3135,60,14,46,388,135,253,271,145,100,79,52,27,2,1,1,19,16,3,45,921,104,389,227,53,148
2021,Tower Hamlets 035,E02007113,6104,4477,4197,3714,487,3227,62,17,45,421,190,231,280,195,143,128,86,42,2,2,0,13,13,0,52,1432,178,424,448,154,228
2021,Tower Hamlets 036,E02007114,6344,3895,3593,3076,445,2631,72,28,44,445,182,263,302,505,341,295,159,136,2,2,0,44,30,14,164,1944,285,873,375,170,241
2021,Camden 029,E02007115,10384,4150,3694,2947,695,2252,117,27,90,630,334,296,456,772,471,335,264,71,7,6,1,129,111,18,301,5462,996,3025,473,531,437
2021,Oxford 019,E02007116,6969,4053,3798,3330,727,2603,75,25,50,393,210,183,255,371,285,246,189,57,2,0,2,37,34,3,86,2545,508,945,394,240,458
2021,Isle of Anglesey 001,W02000001,7054,3559,3358,2626,755,1871,121,29,92,611,201,410,201,97,73,71,55,16,1,0,1,1,1,0,24,3398,2219,286,310,418,165
2021,Isle of Anglesey 002,W02000002,5481,2667,2555,1884,510,1374,133,30,103,538,211,327,112,61,44,39,30,9,0,0,0,5,2,3,17,2753,2096,159,193,194,111
2021,Isle of Anglesey 003,W02000003,8312,4482,4079,3571,1193,2378,102,21,81,406,157,249,403,150,125,121,102,19,1,1,0,3,3,0,25,3680,1835,352,492,667,334
2021,Isle of Anglesey 004,W02000004,6295,3159,3022,2397,744,1653,124,24,100,501,218,283,137,85,55,51,44,7,1,0,1,3,3,0,30,3051,2194,247,242,213,155
2021,Isle of Anglesey 005,W02000005,7068,3403,3259,2484,787,1697,154,31,123,621,258,363,144,105,83,75,63,12,1,0,1,7,6,1,22,3560,2644,242,247,253,174
2021,Isle of Anglesey 006,W02000006,5579,3182,3047,2615,731,1884,90,21,69,342,121,221,135,93,77,72,57,15,0,0,0,5,4,1,16,2304,1413,268,223,259,141
2021,Isle of Anglesey 007,W02000007,5605,3204,3075,2450,627,1823,84,24,60,541,202,339,129,71,67,64,59,5,2,1,1,1,1,0,4,2330,1451,205,247,267,160
2021,Isle of Anglesey 008,W02000008,5096,2656,2565,2160,626,1534,74,7,67,331,135,196,91,117,84,77,61,16,1,0,1,6,4,2,33,2323,1647,238,155,179,104
2021,Isle of Anglesey 009,W02000009,6669,3718,3586,2821,795,2026,154,33,121,611,229,382,132,65,56,55,48,7,1,0,1,0,0,0,9,2886,1956,283,236,266,145
2021,Gwynedd 001,W02000010,7922,2005,1810,1519,511,1008,58,18,40,233,108,125,195,1179,743,687,627,60,8,7,1,48,43,5,436,4738,681,3466,180,232,179
2021,Gwynedd 002,W02000011,6627,3719,3504,3056,920,2136,108,18,90,340,109,231,215,253,183,171,136,35,1,1,0,11,5,6,70,2655,1244,640,274,317,180
2021,Gwynedd 003,W02000012,6683,4091,3878,3177,966,2211,120,17,103,581,213,368,213,124,102,92,73,19,0,0,0,10,5,5,22,2468,1431,348,229,298,162
2021,Gwynedd 004,W02000013,5269,3216,3093,2549,635,1914,106,22,84,438,162,276,123,109,94,88,67,21,1,0,1,5,2,3,15,1944,1298,255,133,155,103
2021,Gwynedd 005,W02000014,5582,3400,3260,2613,753,1860,120,30,90,527,193,334,140,108,91,89,74,15,0,0,0,2,1,1,17,2074,1223,280,174,251,146
2021,Gwynedd 006,W02000015,6716,3799,3607,3171,901,2270,80,9,71,356,130,226,192,108,84,78,57,21,1,0,1,5,0,5,24,2809,1572,297,323,405,212
2021,Gwynedd 007,W02000016,5233,3062,2950,2415,629,1786,106,19,87,429,155,274,112,80,70,65,49,16,0,0,0,5,5,0,10,2091,1366,219,163,210,133
2021,Gwynedd 008,W02000017,6165,3488,3337,2717,819,1898,93,14,79,527,184,343,151,84,76,75,57,18,0,0,0,1,0,1,8,2593,1638,279,249,281,146
2021,Gwynedd 009,W02000018,4980,2794,2638,2074,625,1449,73,8,65,491,167,324,156,100,86,83,65,18,0,0,0,3,1,2,14,2086,1268,196,218,253,151
2021,Gwynedd 010,W02000019,5634,2931,2782,2128,667,1461,131,29,102,523,195,328,149,83,69,64,49,15,0,0,0,5,4,1,14,2620,1908,179,183,181,169
2021,Gwynedd 011,W02000020,5450,2936,2847,2087,638,1449,157,26,131,603,196,407,89,73,64,62,45,17,1,1,0,1,1,0,9,2441,1726,188,197,227,103
2021,Gwynedd 012,W02000021,6429,3579,3416,2666,827,1839,137,35,102,613,222,391,163,53,46,42,32,10,1,0,1,3,3,0,7,2797,1765,238,254,336,204
2021,Gwynedd 013,W02000022,4779,2365,2260,1603,518,1085,90,23,67,567,237,330,105,68,54,52,46,6,0,0,0,2,1,1,14,2346,1711,141,163,182,149
2021,Gwynedd 014,W02000023,4439,2426,2340,1408,493,915,175,36,139,757,250,507,86,53,45,40,36,4,0,0,0,5,4,1,8,1960,1385,153,167,120,135
2021,Gwynedd 015,W02000024,4740,2832,2747,1893,583,1310,122,28,94,732,238,494,85,53,45,38,30,8,1,0,1,6,2,4,8,1855,1221,183,156,149,146
2021,Gwynedd 016,W02000025,5202,2791,2643,1951,679,1272,135,18,117,557,202,355,148,84,61,57,42,15,3,2,1,1,1,0,23,2327,1556,196,155,248,172
2021,Gwynedd 017,W02000026,6117,2858,2740,1900,627,1273,158,43,115,682,266,416,118,65,47,38,29,9,0,0,0,9,7,2,18,3194,2366,192,212,271,153
2021,Conwy 001,W02000027,7380,3591,3353,2686,971,1715,160,48,112,507,229,278,238,108,81,81,71,10,0,0,0,0,0,0,27,3681,2303,246,261,553,318
2021,Conwy 002,W02000028,5559,2624,2439,2043,692,1351,88,22,66,308,121,187,185,98,73,66,46,20,1,0,1,6,4,2,25,2837,1810,254,268,324,181
2021,Conwy 003,W02000029,5195,2565,2466,2039,620,1419,94,30,64,333,126,207,99,81,68,66,43,23,1,0,1,1,0,1,13,2549,2029,174,127,137,82
2021,Conwy 004,W02000030,5098,2224,2111,1718,551,1167,77,21,56,316,133,183,113,53,38,36,29,7,0,0,0,2,0,2,15,2821,2106,184,174,242,115
2021,Conwy 005,W02000031,6854,3287,3064,2557,790,1767,124,17,107,383,137,246,223,108,98,85,64,21,1,0,1,12,6,6,10,3459,2173,259,328,521,178
2021,Conwy 006,W02000032,7096,3713,3533,2901,907,1994,140,41,99,492,219,273,180,97,71,69,55,14,0,0,0,2,1,1,26,3286,2479,212,186,256,153
2021,Conwy 007,W02000033,5680,2991,2736,2306,758,1548,78,24,54,352,143,209,255,100,83,82,68,14,1,0,1,0,0,0,17,2589,1370,254,292,466,207
2021,Conwy 008,W02000034,6396,3491,3344,2767,776,1991,128,32,96,449,202,247,147,101,82,82,63,19,0,0,0,0,0,0,19,2804,1789,263,237,349,166
2021,Conwy 009,W02000035,7157,3972,3728,3087,870,2217,109,28,81,532,202,330,244,146,100,92,75,17,0,0,0,8,6,2,46,3039,1773,322,337,447,160
2021,Conwy 010,W02000036,9561,4363,4130,3497,1087,2410,118,30,88,515,182,333,233,125,91,86,70,16,2,0,2,3,3,0,34,5073,3576,280,367,585,265
2021,Conwy 011,W02000037,5860,3430,3280,2782,773,2009,85,17,68,413,157,256,150,104,80,77,59,18,0,0,0,3,2,1,24,2326,1415,241,244,262,164
2021,Conwy 012,W02000038,5277,2801,2690,2126,701,1425,104,24,80,460,197,263,111,84,66,66,54,12,0,0,0,0,0,0,18,2392,1675,212,183,206,116
2021,Conwy 013,W02000039,6568,3547,3379,2823,883,1940,72,26,46,484,225,259,168,115,95,86,70,16,0,0,0,9,7,2,20,2906,1843,271,248,362,182
2021,Conwy 014,W02000040,5555,3349,3289,2133,588,1545,196,29,167,960,269,691,60,64,52,46,37,9,0,0,0,6,6,0,12,2142,1407,208,187,225,115
2021,Conwy 015,W02000041,7125,4162,4023,2898,903,1995,189,40,149,936,303,633,139,99,85,79,68,11,0,0,0,6,4,2,14,2864,1947,243,237,266,171
2021,Denbighshire 001,W02000042,4927,2376,2242,1950,564,1386,52,13,39,240,109,131,134,76,63,61,51,10,0,0,0,2,1,1,13,2475,1736,158,190,291,100
2021,Denbighshire 002,W02000043,4363,2178,2050,1731,515,1216,56,12,44,263,107,156,128,78,51,49,42,7,1,0,1,1,1,0,27,2107,1318,183,191,289,126
2021,Denbighshire 003,W02000044,4499,2196,2109,1784,537,1247,57,11,46,268,96,172,87,83,63,54,40,14,3,1,2,6,2,4,20,2220,1585,150,167,201,117
2021,Denbighshire 004,W02000045,7743,3394,3025,2553,852,1701,89,19,70,383,149,234,369,141,109,104,80,24,0,0,0,5,2,3,32,4208,2056,319,494,968,371
2021,Denbighshire 006,W02000047,4092,2106,1950,1714,579,1135,51,14,37,185,75,110,156,90,71,70,52,18,0,0,0,1,0,1,19,1896,674,267,370,442,143
2021,Denbighshire 008,W02000049,5442,3090,2981,2400,652,1748,109,20,89,472,148,324,109,71,50,49,43,6,0,0,0,1,0,1,21,2281,1467,200,227,288,99
2021,Denbighshire 009,W02000050,5341,2992,2870,2475,640,1835,79,13,66,316,120,196,122,79,56,53,44,9,0,0,0,3,1,2,23,2270,1520,207,193,233,117
2021,Denbighshire 010,W02000051,4532,2378,2309,1892,508,1384,72,17,55,345,127,218,69,43,32,31,21,10,0,0,0,1,1,0,11,2111,1424,174,121,302,90
2021,Denbighshire 011,W02000052,4031,2130,2026,1700,502,1198,56,11,45,270,91,179,104,46,31,29,25,4,2,0,2,0,0,0,15,1855,884,188,223,405,155
2021,Denbighshire 012,W02000053,5227,3055,2995,2426,653,1773,93,18,75,476,151,325,60,95,80,77,63,14,0,0,0,3,3,0,15,2077,1502,185,145,156,89
2021,Denbighshire 013,W02000054,5226,2928,2860,2166,633,1533,143,24,119,551,214,337,68,66,49,47,44,3,0,0,0,2,2,0,17,2232,1541,210,164,190,127
2021,Denbighshire 014,W02000055,4699,2585,2472,2063,570,1493,77,6,71,332,136,196,113,86,67,62,54,8,0,0,0,5,1,4,19,2028,1341,264,122,207,94
2021,Denbighshire 015,W02000056,4253,2520,2451,1801,518,1283,126,19,107,524,193,331,69,45,39,37,32,5,0,0,0,2,2,0,6,1688,1113,179,162,138,96
2021,Denbighshire 016,W02000057,5339,2858,2772,2120,670,1450,104,21,83,548,225,323,86,86,72,59,48,11,2,2,0,11,8,3,14,2395,1676,181,157,238,143
2021,Flintshire 001,W02000058,4383,2272,2151,1755,465,1290,79,13,66,317,121,196,121,44,29,27,25,2,0,0,0,2,2,0,15,2067,1326,153,195,261,132
2021,Flintshire 002,W02000059,5383,3086,2954,2470,662,1808,110,21,89,374,149,225,132,98,70,67,58,9,0,0,0,3,3,0,28,2199,1353,167,255,299,125
2021,Flintshire 003,W02000060,8651,4832,4584,4015,1049,2966,112,18,94,457,169,288,248,168,119,113,92,21,1,1,0,5,2,3,49,3651,1915,353,434,660,289
2021,Flintshire 004,W02000061,6081,3631,3401,3098,719,2379,49,6,43,254,110,144,230,115,85,83,62,21,0,0,0,2,1,1,30,2335,1227,221,296,407,184
2021,Flintshire 005,W02000062,5087,3102,2998,2669,655,2014,62,13,49,267,104,163,104,86,64,62,46,16,1,1,0,1,0,1,22,1899,1332,158,154,155,100
2021,Flintshire 006,W02000063,6999,3948,3829,2971,717,2254,162,35,127,696,267,429,119,119,93,89,70,19,0,0,0,4,2,2,26,2932,2222,227,197,178,108
2021,Flintshire 007,W02000064,4957,2898,2748,2501,628,1873,37,10,27,210,72,138,150,105,74,72,58,14,1,0,1,1,1,0,31,1954,1006,210,230,363,145
2021,Flintshire 008,W02000065,5964,3783,3665,3297,771,2526,48,6,42,320,100,220,118,124,97,89,78,11,0,0,0,8,7,1,27,2057,1386,208,185,158,120
2021,Flintshire 009,W02000066,7898,4708,4494,4032,1001,3031,73,24,49,389,144,245,214,120,99,93,73,20,2,1,1,4,1,3,21,3070,1549,284,426,553,258
2021,Flintshire 010,W02000067,5551,3413,3308,2901,648,2253,71,12,59,336,130,206,105,102,76,72,58,14,0,0,0,4,3,1,26,2036,1465,182,147,162,80
2021,Flintshire 011,W02000068,4387,2625,2508,2202,503,1699,46,9,37,260,98,162,117,66,47,46,29,17,0,0,0,1,0,1,19,1696,1039,131,178,227,121
2021,Flintshire 012,W02000069,5231,3034,2947,2549,599,1950,69,10,59,329,138,191,87,99,77,71,55,16,1,0,1,5,4,1,22,2098,1553,190,123,149,83
2021,Flintshire 013,W02000070,8784,5255,5114,4465,1046,3419,153,36,117,496,207,289,141,189,144,144,126,18,0,0,0,0,0,0,45,3340,2445,330,233,180,152
2021,Flintshire 014,W02000071,5969,3362,3264,2848,667,2181,81,10,71,335,128,207,98,94,67,62,53,9,0,0,0,5,4,1,27,2513,1948,186,131,167,81
2021,Flintshire 015,W02000072,9467,6070,5826,5164,1168,3996,112,36,76,550,208,342,244,173,130,125,84,41,2,1,1,3,1,2,43,3224,1964,335,376,352,197
2021,Flintshire 016,W02000073,8323,4612,4400,3879,1015,2864,96,14,82,425,175,250,212,127,97,89,75,14,1,0,1,7,5,2,30,3584,2366,341,269,387,221
2021,Flintshire 017,W02000074,8045,4843,4626,4134,949,3185,75,20,55,417,141,276,217,127,93,89,69,20,0,0,0,4,4,0,34,3075,1973,256,260,395,191
2021,Flintshire 018,W02000075,5195,3250,3164,2730,676,2054,70,9,61,364,161,203,86,103,84,82,65,17,0,0,0,2,1,1,19,1842,1379,171,139,94,59
2021,Flintshire 019,W02000076,6200,3456,3337,2726,701,2025,104,18,86,507,187,320,119,94,70,67,59,8,0,0,0,3,3,0,24,2650,1855,235,222,204,134
2021,Flintshire 020,W02000077,5039,2935,2823,2336,549,1787,90,15,75,397,146,251,112,94,66,64,52,12,0,0,0,2,2,0,28,2010,1405,213,133,165,94
2021,Wrexham 003,W02000080,6276,3721,3587,3229,797,2432,55,12,43,303,94,209,134,155,118,107,81,26,1,0,1,10,7,3,37,2400,1433,273,229,300,165
2021,Wrexham 004,W02000081,4705,2648,2544,2277,592,1685,61,8,53,206,69,137,104,105,77,73,59,14,0,0,0,4,3,1,28,1952,1011,197,230,334,180
2021,Wrexham 005,W02000082,6078,3773,3630,3214,803,2411,81,15,66,335,105,230,143,131,101,97,73,24,1,0,1,3,2,1,30,2174,1133,263,261,355,162
2021,Wrexham 006,W02000083,6941,4294,4140,3648,852,2796,78,11,67,414,138,276,154,161,124,120,103,17,0,0,0,4,3,1,37,2486,1471,271,270,320,154
2021,Wrexham 008,W02000085,7616,4116,3963,3521,852,2669,86,19,67,356,132,224,153,205,155,145,116,29,1,1,0,9,7,2,50,3295,2222,371,205,312,185
2021,Wrexham 010,W02000087,5033,2554,2362,2123,673,1450,41,12,29,198,78,120,192,136,97,96,74,22,0,0,0,1,0,1,39,2343,784,293,444,567,255
2021,Wrexham 011,W02000088,7219,4477,4264,3831,786,3045,93,21,72,340,150,190,213,254,190,168,122,46,6,6,0,16,15,1,64,2488,1315,398,261,326,188
2021,Wrexham 012,W02000089,6881,4088,3858,3525,806,2719,59,10,49,274,88,186,230,139,114,113,77,36,0,0,0,1,1,0,25,2654,1189,342,377,524,222
2021,Wrexham 013,W02000090,4614,2564,2465,2128,528,1600,60,9,51,277,114,163,99,90,61,60,45,15,0,0,0,1,0,1,29,1960,1138,208,219,272,123
2021,Wrexham 014,W02000091,5104,2983,2876,2540,640,1900,63,11,52,273,101,172,107,112,75,72,54,18,0,0,0,3,1,2,37,2009,1350,187,159,198,115
2021,Wrexham 015,W02000092,5450,3029,2876,2537,686,1851,67,11,56,272,91,181,153,117,90,87,64,23,0,0,0,3,2,1,27,2304,1241,280,252,378,153
2021,Wrexham 016,W02000093,5379,3257,3148,2637,594,2043,100,17,83,411,169,242,109,86,66,62,52,10,0,0,0,4,2,2,20,2036,1258,233,193,210,142
2021,Wrexham 017,W02000094,7107,3903,3672,3182,897,2285,77,10,67,413,149,264,231,114,85,83,64,19,0,0,0,2,0,2,29,3090,1644,381,402,450,213
2021,Wrexham 018,W02000095,5383,3098,3011,2228,633,1595,156,26,130,627,258,369,87,68,49,47,41,6,1,1,0,1,1,0,19,2217,1592,212,171,121,121
2021,Wrexham 019,W02000096,5351,3083,2946,2428,748,1680,78,17,61,440,164,276,137,82,65,63,58,5,0,0,0,2,1,1,17,2186,1406,183,184,288,125
2021,Powys 001,W02000097,7879,4466,4343,2796,909,1887,237,48,189,1310,447,863,123,80,65,60,54,6,1,1,0,4,2,2,15,3333,2374,291,286,241,141
2021,Powys 002,W02000098,5317,3137,3057,2238,628,1610,139,20,119,680,225,455,80,65,56,53,43,10,2,2,0,1,0,1,9,2115,1510,181,162,147,115
2021,Powys 003,W02000099,5538,3156,2985,2543,753,1790,65,16,49,377,166,211,171,59,47,43,38,5,0,0,0,4,3,1,12,2323,1418,199,223,348,135
2021,Powys 004,W02000100,5270,3018,2927,1979,672,1307,141,21,120,807,287,520,91,39,35,27,23,4,0,0,0,8,6,2,4,2213,1509,166,194,209,135
2021,Powys 005,W02000101,4714,2749,2678,1991,594,1397,149,24,125,538,199,339,71,56,40,39,29,10,0,0,0,1,0,1,16,1909,1403,144,151,115,96
2021,Powys 006,W02000102,5199,3018,2942,2021,651,1370,148,23,125,773,238,535,76,76,69,64,56,8,0,0,0,5,5,0,7,2105,1473,154,175,174,129
2021,Powys 007,W02000103,4926,2878,2822,1973,611,1362,156,28,128,693,207,486,56,63,56,54,45,9,0,0,0,2,1,1,7,1985,1433,153,189,124,86
2021,Powys 008,W02000104,5217,2938,2796,2346,680,1666,101,22,79,349,132,217,142,81,62,58,46,12,1,1,0,3,1,2,19,2198,1415,154,219,258,152
2021,Powys 009,W02000105,3969,2303,2159,1895,589,1306,25,2,23,239,79,160,144,66,47,45,34,11,1,1,0,1,1,0,19,1600,658,220,258,349,115
2021,Powys 010,W02000106,5494,3171,3055,2092,727,1365,161,26,135,802,268,534,116,43,31,30,24,6,0,0,0,1,1,0,12,2280,1673,161,149,195,102
2021,Powys 011,W02000107,8434,4563,4410,2836,916,1920,209,38,171,1365,479,886,153,83,65,63,48,15,0,0,0,2,0,2,18,3788,2768,277,282,267,194
2021,Powys 012,W02000108,6145,3162,3078,2082,712,1370,161,26,135,835,248,587,84,70,56,50,43,7,0,0,0,6,6,0,14,2913,2121,175,220,240,157
2021,Powys 013,W02000109,4742,2348,2211,1761,590,1171,68,18,50,382,151,231,137,38,30,28,20,8,0,0,0,2,1,1,8,2356,1514,164,192,342,144
2021,Powys 014,W02000110,5818,3275,3186,2141,698,1443,123,21,102,922,277,645,89,62,55,48,35,13,0,0,0,7,2,5,7,2481,1696,195,167,254,169
2021,Powys 015,W02000111,7235,4106,4016,2572,852,1720,186,51,135,1258,480,778,90,76,67,60,53,7,0,0,0,7,6,1,9,3053,2165,237,249,226,176
2021,Powys 017,W02000113,6895,3855,3712,3126,823,2303,118,22,96,468,176,292,143,81,71,69,51,18,0,0,0,2,2,0,10,2959,1927,290,207,293,242
2021,Powys 018,W02000114,5966,3103,3007,2089,627,1462,143,26,117,775,359,416,96,74,67,62,58,4,0,0,0,5,4,1,7,2789,2108,202,182,172,125
2021,Ceredigion 001,W02000116,6168,3486,3383,2591,775,1816,134,19,115,658,242,416,103,80,62,57,46,11,2,2,0,3,2,1,18,2602,1722,261,205,287,127
2021,Ceredigion 002,W02000117,8383,2365,2218,1843,618,1225,62,13,49,313,159,154,147,1245,764,708,646,62,0,0,0,56,51,5,481,4773,856,3388,125,237,167
2021,Ceredigion 003,W02000118,5374,2666,2557,2165,641,1524,62,12,50,330,128,202,109,278,179,169,133,36,1,0,1,9,8,1,99,2430,1084,759,189,271,127
2021,Ceredigion 005,W02000120,6108,3236,3125,2138,623,1515,156,26,130,831,309,522,111,62,48,44,37,7,0,0,0,4,4,0,14,2810,2026,213,193,238,140
2021,Ceredigion 007,W02000122,5477,2773,2685,1704,552,1152,163,27,136,818,303,515,88,46,35,32,24,8,0,0,0,3,0,3,11,2658,1927,160,226,218,127
2021,Ceredigion 008,W02000123,6460,3299,3172,2206,675,1531,151,19,132,815,280,535,127,114,89,76,53,23,1,0,1,12,6,6,25,3047,1891,438,250,322,146
2021,Ceredigion 009,W02000124,7294,3479,3316,2376,846,1530,160,37,123,780,341,439,163,92,66,61,55,6,1,1,0,4,4,0,26,3723,2423,275,337,502,186
2021,Ceredigion 010,W02000125,6394,3195,3097,2052,661,1391,157,33,124,888,309,579,98,72,54,48,41,7,1,0,1,5,5,0,18,3127,2168,222,266,283,188
2021,Pembrokeshire 001,W02000126,6924,3826,3717,2365,792,1573,186,40,146,1166,464,702,109,88,65,59,52,7,0,0,0,6,2,4,23,3010,2034,259,288,274,155
2021,Pembrokeshire 002,W02000127,8105,4049,3852,2662,969,1693,191,36,155,999,432,567,197,99,82,77,58,19,2,2,0,3,3,0,17,3957,2670,269,383,398,237
2021,Pembrokeshire 003,W02000128,6222,3467,3340,2226,772,1454,197,39,158,917,372,545,127,57,44,43,38,5,0,0,0,1,0,1,13,2698,1885,192,220,267,134
2021,Pembrokeshire 004,W02000129,5967,3365,3273,2282,725,1557,187,29,158,804,285,519,92,77,58,54,43,11,2,2,0,2,2,0,19,2525,1757,168,241,222,137
2021,Pembrokeshire 005,W02000130,5320,3032,2835,2432,812,1620,69,21,48,334,136,198,197,91,71,71,61,10,0,0,0,0,0,0,20,2197,1049,234,330,376,208
2021,Pembrokeshire 006,W02000131,5832,3200,3047,2634,797,1837,79,19,60,334,126,208,153,99,82,80,63,17,0,0,0,2,2,0,17,2533,1539,231,267,352,144
2021,Pembrokeshire 007,W02000132,5932,3201,3096,2209,703,1506,161,32,129,726,301,425,105,104,84,72,58,14,1,0,1,11,9,2,20,2627,1789,207,221,265,145
2021,Pembrokeshire 008,W02000133,6955,3706,3599,2688,898,1790,175,38,137,736,271,465,107,81,64,60,48,12,1,0,1,3,2,1,17,3168,2236,194,288,283,167
2021,Pembrokeshire 009,W02000134,6979,3717,3552,2954,892,2062,127,30,97,471,193,278,165,73,60,53,42,11,1,0,1,6,3,3,13,3189,2151,261,257,359,161
2021,Pembrokeshire 010,W02000135,5934,3006,2826,2427,787,1640,74,16,58,325,131,194,180,106,93,85,70,15,1,1,0,7,5,2,13,2822,1598,210,355,469,190
2021,Pembrokeshire 011,W02000136,7184,3453,3327,2399,758,1641,188,48,140,740,286,454,126,71,56,50,45,5,1,1,0,5,5,0,15,3660,2678,209,258,309,206
2021,Pembrokeshire 012,W02000137,5941,3238,3048,2669,828,1841,69,14,55,310,111,199,190,81,48,47,39,8,0,0,0,1,1,0,33,2622,1379,201,395,451,196
2021,Pembrokeshire 013,W02000138,7823,4195,3877,3357,1090,2267,103,25,78,417,138,279,318,103,86,82,65,17,1,0,1,3,1,2,17,3525,1879,336,444,630,236
2021,Pembrokeshire 014,W02000139,6596,3264,3166,2414,779,1635,130,31,99,622,268,354,98,83,66,62,57,5,0,0,0,4,3,1,17,3249,2410,202,247,266,124
2021,Pembrokeshire 015,W02000140,5836,3007,2802,2290,768,1522,95,26,69,417,172,245,205,78,60,55,42,13,0,0,0,5,4,1,18,2751,1524,220,374,456,177
2021,Pembrokeshire 016,W02000141,5004,2464,2344,1749,690,1059,166,38,128,429,184,245,120,55,44,40,30,10,0,0,0,4,0,4,11,2485,1730,152,188,253,162
2021,Carmarthenshire 001,W02000142,4697,2556,2465,1747,478,1269,93,14,79,625,201,424,91,51,42,39,35,4,0,0,0,3,3,0,9,2090,1356,189,208,239,98
2021,Carmarthenshire 002,W02000143,4799,2536,2449,1516,492,1024,122,16,106,811,296,515,87,53,37,34,32,2,0,0,0,3,0,3,16,2210,1480,237,171,194,128
2021,Carmarthenshire 003,W02000144,6565,3437,3315,2174,654,1520,154,23,131,987,311,676,122,71,46,42,36,6,1,0,1,3,2,1,25,3057,2064,249,274,300,170
2021,Carmarthenshire 004,W02000145,6054,3231,3118,2062,585,1477,153,30,123,903,315,588,113,71,48,43,33,10,0,0,0,5,3,2,23,2752,1787,253,232,319,161
2021,Carmarthenshire 005,W02000146,5595,3105,3016,2100,580,1520,132,25,107,784,279,505,89,73,63,61,53,8,0,0,0,2,2,0,10,2417,1734,194,176,175,138
2021,Carmarthenshire 006,W02000147,6871,3981,3861,3128,858,2270,125,18,107,608,189,419,120,190,148,140,127,13,0,0,0,8,6,2,42,2700,1571,460,208,276,185
2021,Carmarthenshire 007,W02000148,4240,2349,2229,1960,609,1351,50,6,44,219,76,143,120,102,83,82,62,20,0,0,0,1,1,0,19,1789,1008,233,165,258,125
2021,Carmarthenshire 008,W02000149,5472,2789,2665,2233,634,1599,82,17,65,350,112,238,124,96,88,87,76,11,1,1,0,0,0,0,8,2587,1752,184,168,342,141
2021,Carmarthenshire 010,W02000151,6055,3115,2909,2446,702,1744,65,8,57,398,148,250,206,64,50,49,46,3,0,0,0,1,0,1,14,2876,1650,266,298,487,175
2021,Carmarthenshire 011,W02000152,7148,3574,3439,2922,748,2174,103,16,87,414,140,274,135,147,115,113,91,22,1,1,0,1,0,1,32,3427,2286,276,285,442,138
2021,Carmarthenshire 012,W02000153,7338,3918,3813,2954,797,2157,139,28,111,720,224,496,105,78,61,55,48,7,2,0,2,4,4,0,17,3342,2305,289,254,329,165
2021,Carmarthenshire 013,W02000154,6399,3292,3166,2745,736,2009,82,11,71,339,134,205,126,124,100,94,71,23,2,2,0,4,4,0,24,2983,1753,278,304,463,185
2021,Carmarthenshire 015,W02000156,6934,3838,3706,3169,873,2296,97,19,78,440,153,287,132,131,110,94,81,13,2,1,1,14,7,7,21,2965,1804,262,270,457,172
2021,Carmarthenshire 016,W02000157,8291,4667,4547,3841,949,2892,147,26,121,559,206,353,120,151,123,116,96,20,0,0,0,7,4,3,28,3473,2268,272,292,490,151
2021,Carmarthenshire 017,W02000158,4839,2834,2727,2339,597,1742,95,20,75,293,104,189,107,95,83,83,69,14,0,0,0,0,0,0,12,1910,1243,181,158,230,98
2021,Carmarthenshire 018,W02000159,5074,2486,2370,1991,595,1396,51,13,38,328,128,200,116,70,46,46,38,8,0,0,0,0,0,0,24,2518,1471,220,264,427,136
2021,Carmarthenshire 019,W02000160,6316,3299,3206,2749,732,2017,110,28,82,347,162,185,93,111,94,85,75,10,0,0,0,9,6,3,17,2906,1988,269,206,328,115
2021,Carmarthenshire 020,W02000161,4212,2157,2070,1838,510,1328,43,12,31,189,81,108,87,71,57,55,41,14,0,0,0,2,1,1,14,1984,1079,219,212,329,145
2021,Carmarthenshire 021,W02000162,7006,3375,3174,2698,784,1914,85,21,64,391,153,238,201,124,92,87,76,11,1,0,1,4,3,1,32,3507,2316,276,278,476,161
2021,Carmarthenshire 022,W02000163,4310,2344,2219,1955,561,1394,47,8,39,217,83,134,125,103,76,76,60,16,0,0,0,0,0,0,27,1863,1064,183,164,333,119
2021,Carmarthenshire 023,W02000164,6241,3391,3256,2818,728,2090,90,18,72,348,138,210,135,134,103,100,78,22,2,2,0,1,1,0,31,2716,1724,246,220,392,134
2021,Carmarthenshire 024,W02000165,5274,2908,2779,2447,735,1712,66,22,44,266,95,171,129,113,75,68,52,16,1,0,1,6,6,0,38,2253,1201,218,252,402,180
2021,Carmarthenshire 025,W02000166,7232,4053,3871,3458,946,2512,74,10,64,339,133,206,182,141,104,98,80,18,0,0,0,6,3,3,37,3038,1572,291,366,588,221
2021,Carmarthenshire 026,W02000167,8270,4346,4044,3583,1073,2510,87,18,69,374,149,225,302,134,98,95,72,23,1,0,1,2,1,1,36,3790,1683,355,497,941,314
2021,Swansea 001,W02000168,5251,3021,2864,2554,711,1843,68,13,55,242,87,155,157,119,91,87,74,13,1,1,0,3,3,0,28,2111,1227,250,163,325,146
2021,Swansea 002,W02000169,7477,3947,3795,3236,951,2285,115,20,95,444,178,266,152,177,133,122,100,22,0,0,0,11,7,4,44,3353,1948,278,371,560,196
2021,Swansea 003,W02000170,7264,3947,3807,3443,963,2480,89,19,70,275,108,167,140,137,92,91,86,5,0,0,0,1,0,1,45,3180,1977,316,240,433,214
2021,Swansea 004,W02000171,6830,4281,4167,3720,870,2850,98,25,73,349,128,221,114,164,130,129,111,18,1,1,0,0,0,0,34,2385,1533,268,207,233,144
2021,Swansea 005,W02000172,8319,4755,4554,4035,1159,2876,100,17,83,419,185,234,201,187,138,133,115,18,1,1,0,4,3,1,49,3377,1921,400,283,585,188
2021,Swansea 006,W02000173,6291,4059,3949,3505,858,2647,95,15,80,349,109,240,110,132,97,94,83,11,0,0,0,3,3,0,35,2100,1206,234,204,308,148
2021,Swansea 007,W02000174,7902,4464,4326,3853,1034,2819,90,19,71,383,154,229,138,173,127,123,110,13,0,0,0,4,2,2,46,3265,2248,288,231,356,142
2021,Swansea 008,W02000175,6099,3332,3117,2822,821,2001,50,14,36,245,92,153,215,122,103,96,81,15,0,0,0,7,6,1,19,2645,1269,235,339,554,248
2021,Swansea 009,W02000176,7315,3638,3488,3115,915,2200,81,16,65,292,118,174,150,145,111,106,85,21,1,0,1,4,0,4,34,3532,2074,294,358,570,236
2021,Swansea 010,W02000177,5628,3404,3275,2920,764,2156,86,26,60,269,102,167,129,137,108,101,80,21,0,0,0,7,7,0,29,2087,1224,196,224,325,118
2021,Swansea 011,W02000178,6576,3240,3005,2692,910,1782,68,15,53,245,91,154,235,152,94,92,71,21,2,0,2,0,0,0,58,3184,861,483,671,806,363
2021,Swansea 012,W02000179,5471,2982,2892,2544,737,1807,58,11,47,290,111,179,90,121,101,95,79,16,0,0,0,6,3,3,20,2368,1596,261,177,227,107
2021,Swansea 013,W02000180,6236,3240,3046,2725,871,1854,47,19,28,274,118,156,194,184,146,142,117,25,2,2,0,2,2,0,38,2812,1199,310,426,629,248
2021,Swansea 014,W02000181,6072,3312,3149,2895,801,2094,48,5,43,206,85,121,163,149,125,114,81,33,1,1,0,10,10,0,24,2611,1286,277,301,502,245
2021,Swansea 015,W02000182,6204,3560,3399,3022,941,2081,48,6,42,329,111,218,161,126,96,90,70,20,1,0,1,5,5,0,30,2518,1367,252,242,456,201
2021,Swansea 016,W02000183,8480,4311,4018,3593,1095,2498,79,16,63,346,119,227,293,363,243,227,183,44,2,1,1,14,9,5,120,3806,1302,992,426,742,344
2021,Swansea 017,W02000184,5618,3023,2890,2563,755,1808,56,9,47,271,102,169,133,132,93,92,76,16,0,0,0,1,0,1,39,2463,1350,269,224,447,173
2021,Swansea 018,W02000185,4278,2212,2150,1736,479,1257,77,17,60,337,132,205,62,72,48,46,38,8,0,0,0,2,1,1,24,1994,1434,166,140,157,97
2021,Swansea 019,W02000186,6406,3024,2750,2475,888,1587,40,11,29,235,93,142,274,170,126,117,98,19,0,0,0,9,6,3,44,3212,876,446,737,871,282
2021,Swansea 021,W02000188,6705,3489,3242,2870,795,2075,70,18,52,302,133,169,247,284,191,176,139,37,2,2,0,13,11,2,93,2932,1184,716,322,474,236
2021,Swansea 022,W02000189,6883,3470,3245,2765,762,2003,110,26,84,370,188,182,225,113,89,82,68,14,1,0,1,6,4,2,24,3300,2000,396,274,464,166
2021,Swansea 024,W02000191,7748,3362,3175,2591,664,1927,108,28,80,476,231,245,187,633,447,417,359,58,3,1,2,27,26,1,186,3753,1299,1700,259,306,189
2021,Swansea 025,W02000192,8375,3347,3039,2627,694,1933,81,22,59,331,165,166,308,617,396,358,280,78,2,1,1,36,29,7,221,4411,1234,1567,259,846,505
2021,Swansea 026,W02000193,8120,2366,2145,1804,502,1302,54,30,24,287,133,154,221,1002,679,637,585,52,2,1,1,40,35,5,323,4752,977,3005,200,372,198
2021,Swansea 027,W02000194,5687,2295,2223,1843,474,1369,90,25,65,290,141,149,72,236,148,143,132,11,0,0,0,5,4,1,88,3156,1650,1197,127,124,58
2021,Swansea 028,W02000195,4918,2327,2275,1798,509,1289,118,34,84,359,168,191,52,89,62,55,49,6,0,0,0,7,4,3,27,2502,1977,227,126,77,95
2021,Swansea 029,W02000196,5314,2391,2272,1906,585,1321,84,24,60,282,137,145,119,91,55,54,44,10,1,0,1,0,0,0,36,2832,1939,280,180,308,125
2021,Swansea 030,W02000197,5208,2541,2464,1772,558,1214,178,43,135,514,230,284,77,78,52,51,47,4,0,0,0,1,1,0,26,2589,1984,221,162,114,108
2021,Swansea 031,W02000198,6233,2982,2881,2222,634,1588,165,32,133,494,242,252,101,129,105,100,88,12,0,0,0,5,4,1,24,3122,2419,314,177,123,89
2021,Neath Port Talbot 002,W02000200,4206,2144,2044,1766,474,1292,37,6,31,241,78,163,100,55,38,34,30,4,0,0,0,4,4,0,17,2007,1161,155,212,361,118
2021,Neath Port Talbot 003,W02000201,4344,2277,2159,1876,490,1386,45,5,40,238,68,170,118,46,24,24,18,6,0,0,0,0,0,0,22,2021,1180,150,225,321,145
2021,Neath Port Talbot 004,W02000202,10261,5675,5456,4762,1301,3461,125,27,98,569,213,356,219,195,155,146,120,26,1,0,1,8,7,1,40,4391,2665,415,378,642,291
2021,Neath Port Talbot 006,W02000204,5654,2996,2912,2601,653,1948,87,16,71,224,83,141,84,92,75,73,55,18,0,0,0,2,2,0,17,2566,1841,233,160,228,104
2021,Neath Port Talbot 007,W02000205,4898,2366,2283,2039,585,1454,45,12,33,199,77,122,83,74,55,55,46,9,0,0,0,0,0,0,19,2458,1509,224,191,401,133
2021,Neath Port Talbot 008,W02000206,5524,2559,2400,2139,668,1471,41,11,30,220,87,133,159,67,49,49,42,7,0,0,0,0,0,0,18,2898,1480,217,299,635,267
2021,Neath Port Talbot 009,W02000207,4450,2355,2285,2039,512,1527,54,13,41,192,75,117,70,73,58,56,43,13,0,0,0,2,0,2,15,2022,1420,141,145,218,98
2021,Neath Port Talbot 010,W02000208,10587,5125,4950,4377,1127,3250,112,22,90,461,141,320,175,395,223,208,187,21,0,0,0,15,12,3,172,5067,1803,2099,328,534,303
2021,Neath Port Talbot 012,W02000210,4935,2589,2449,2209,580,1629,42,5,37,198,81,117,140,77,66,63,51,12,2,1,1,1,1,0,11,2269,1061,239,299,528,142
2021,Neath Port Talbot 013,W02000211,6270,3243,3062,2725,733,1992,69,13,56,268,110,158,181,91,76,72,57,15,1,1,0,3,2,1,15,2936,1370,220,362,732,252
2021,Neath Port Talbot 014,W02000212,6385,3419,3277,2906,701,2205,59,16,43,312,120,192,142,101,84,81,69,12,1,1,0,2,1,1,17,2865,1639,244,290,518,174
2021,Neath Port Talbot 015,W02000213,5650,3096,3001,2670,607,2063,69,21,48,262,100,162,95,96,75,71,54,17,0,0,0,4,2,2,21,2458,1635,212,189,303,119
2021,Neath Port Talbot 016,W02000214,7750,3651,3452,3156,932,2224,43,9,34,253,77,176,199,140,98,97,82,15,1,1,0,0,0,0,42,3959,1880,336,532,907,304
2021,Neath Port Talbot 017,W02000215,7625,3788,3585,3246,906,2340,62,20,42,277,104,173,203,115,93,86,67,19,3,3,0,4,2,2,22,3722,1748,305,472,875,322
2021,Neath Port Talbot 018,W02000216,5971,3179,3033,2703,728,1975,69,25,44,261,116,145,146,94,68,65,60,5,0,0,0,3,1,2,26,2698,1484,242,316,434,222
2021,Neath Port Talbot 019,W02000217,5167,2855,2742,2450,593,1857,80,17,63,212,80,132,113,77,62,62,57,5,0,0,0,0,0,0,15,2235,1257,225,235,341,177
2021,Bridgend 001,W02000218,5287,2580,2398,2130,625,1505,45,13,32,223,76,147,182,71,49,44,39,5,1,0,1,4,2,2,22,2636,1123,225,426,649,213
2021,Bridgend 002,W02000219,5982,3161,2988,2660,779,1881,59,14,45,269,91,178,173,104,83,82,64,18,0,0,0,1,0,1,21,2717,1517,249,264,495,192
2021,Bridgend 003,W02000220,6476,3492,3307,2917,762,2155,70,16,54,320,103,217,185,101,71,70,61,9,0,0,0,1,1,0,30,2883,1504,242,341,588,208
2021,Bridgend 004,W02000221,6187,3446,3248,2850,719,2131,70,11,59,328,147,181,198,84,64,62,50,12,2,0,2,0,0,0,20,2657,1264,267,370,546,210
2021,Bridgend 005,W02000222,5157,2629,2510,2230,559,1671,57,12,45,223,71,152,119,94,69,67,54,13,0,0,0,2,1,1,25,2434,1502,236,202,362,132
2021,Bridgend 006,W02000223,4949,2875,2769,2424,600,1824,47,12,35,298,139,159,106,73,55,53,43,10,0,0,0,2,1,1,18,2001,1147,188,199,333,134
2021,Bridgend 007,W02000224,5262,3067,2919,2567,639,1928,78,20,58,274,103,171,148,84,64,61,53,8,1,1,0,2,1,1,20,2111,1099,199,263,375,175
2021,Bridgend 008,W02000225,7170,3910,3735,3270,945,2325,77,11,66,388,154,234,175,92,69,63,51,12,2,2,0,4,2,2,23,3168,1633,312,381,627,215
2021,Bridgend 009,W02000226,8292,4707,4554,3940,983,2957,112,29,83,502,166,336,153,157,119,116,92,24,0,0,0,3,3,0,38,3428,2173,341,297,432,185
2021,Bridgend 010,W02000227,5854,3271,3077,2680,786,1894,66,14,52,331,118,213,194,87,64,62,59,3,2,0,2,0,0,0,23,2496,1311,247,331,434,173
2021,Bridgend 011,W02000228,9931,5996,5784,5156,994,4162,150,26,124,478,162,316,212,156,116,101,74,27,2,1,1,13,6,7,40,3779,1582,374,263,355,1205
2021,Bridgend 012,W02000229,5040,2663,2548,2252,616,1636,42,8,34,254,86,168,115,64,45,44,35,9,0,0,0,1,1,0,19,2313,1308,216,258,382,149
2021,Bridgend 013,W02000230,4790,2609,2530,2162,473,1689,88,18,70,280,138,142,79,71,54,52,43,9,0,0,0,2,2,0,17,2110,1494,166,136,211,103
2021,Bridgend 014,W02000231,6847,3758,3515,3141,862,2279,61,13,48,313,144,169,243,93,68,66,54,12,0,0,0,2,0,2,25,2996,1580,284,334,532,266
2021,Bridgend 015,W02000232,4758,2944,2845,2508,616,1892,63,12,51,274,108,166,99,76,55,52,42,10,0,0,0,3,3,0,21,1738,1089,172,174,195,108
2021,Bridgend 016,W02000233,4957,2728,2599,2294,636,1658,54,15,39,251,105,146,129,72,50,49,41,8,0,0,0,1,1,0,22,2157,1096,214,276,416,155
2021,Bridgend 017,W02000234,8496,5208,5025,4400,1040,3360,134,18,116,491,165,326,183,173,136,131,116,15,1,1,0,4,4,0,37,3115,1852,366,345,395,157
2021,Bridgend 018,W02000235,8024,3719,3538,2909,735,2174,143,27,116,486,210,276,181,96,66,66,50,16,0,0,0,0,0,0,30,4209,3152,241,235,353,228
2021,Bridgend 019,W02000236,6028,2893,2750,2298,632,1666,95,12,83,357,156,201,143,84,57,54,46,8,0,0,0,3,3,0,27,3051,2058,217,216,395,165
2021,Vale of Glamorgan 001,W02000237,5068,2886,2804,2155,524,1631,155,29,126,494,232,262,82,59,47,42,35,7,0,0,0,5,4,1,12,2123,1567,212,157,98,89
2021,Vale of Glamorgan 002,W02000238,5442,2741,2654,1994,547,1447,164,29,135,496,241,255,87,67,50,50,45,5,0,0,0,0,0,0,17,2634,2004,230,192,117,91
2021,Vale of Glamorgan 003,W02000239,6670,3852,3758,2874,704,2170,258,55,203,626,300,326,94,86,72,68,62,6,0,0,0,4,2,2,14,2732,1857,274,253,203,145
2021,Vale of Glamorgan 004,W02000240,7190,4348,4178,3605,1001,2604,93,17,76,480,200,280,170,129,102,95,76,19,0,0,0,7,6,1,27,2713,1742,326,227,258,160
2021,Vale of Glamorgan 005,W02000241,8440,4916,4731,3830,955,2875,178,26,152,723,372,351,185,123,84,77,68,9,0,0,0,7,7,0,39,3401,2295,350,221,322,213
2021,Vale of Glamorgan 006,W02000242,6787,3802,3655,2999,841,2158,151,28,123,505,227,278,147,62,44,42,33,9,0,0,0,2,0,2,18,2923,2164,218,218,211,112
2021,Vale of Glamorgan 007,W02000243,7222,3914,3684,3257,1061,2196,52,9,43,375,130,245,230,152,100,98,85,13,0,0,0,2,1,1,52,3156,1404,326,471,723,232
2021,Vale of Glamorgan 008,W02000244,8254,4482,4320,3499,985,2514,195,37,158,626,299,327,162,140,106,100,87,13,1,0,1,5,5,0,34,3632,2556,395,299,224,158
2021,Vale of Glamorgan 009,W02000245,6659,3998,3770,3306,959,2347,70,20,50,394,171,223,228,126,90,86,78,8,0,0,0,4,2,2,36,2535,1298,318,285,455,179
2021,Vale of Glamorgan 010,W02000246,4597,2388,2328,1999,518,1481,71,15,56,258,126,132,60,73,60,57,47,10,2,0,2,1,1,0,13,2136,1698,142,106,110,80
2021,Vale of Glamorgan 011,W02000247,7321,3805,3664,3130,850,2280,98,17,81,436,171,265,141,83,60,59,50,9,0,0,0,1,0,1,23,3433,2265,498,266,262,142
2021,Vale of Glamorgan 012,W02000248,8384,5035,4695,4122,1272,2850,77,19,58,496,198,298,340,161,127,124,112,12,0,0,0,3,3,0,34,3188,1451,384,452,590,311
2021,Vale of Glamorgan 013,W02000249,7092,4095,3864,3321,981,2340,85,20,65,458,176,282,231,116,88,80,67,13,0,0,0,8,5,3,28,2881,1539,287,279,589,187
2021,Vale of Glamorgan 014,W02000250,9381,5560,5326,4639,1131,3508,120,25,95,567,237,330,234,195,171,163,83,80,1,0,1,7,6,1,24,3626,2233,381,372,411,229
2021,Vale of Glamorgan 015,W02000251,8950,5447,5202,4547,1199,3348,131,35,96,524,211,313,245,115,82,76,64,12,0,0,0,6,6,0,33,3388,2000,328,305,456,299
2021,Rhondda Cynon Taf 001,W02000252,7350,3564,3354,2859,785,2074,98,15,83,397,118,279,210,115,71,71,62,9,0,0,0,0,0,0,44,3671,1924,317,470,714,246
2021,Rhondda Cynon Taf 002,W02000253,5675,3027,2885,2549,649,1900,61,13,48,275,90,185,142,98,80,78,57,21,0,0,0,2,1,1,18,2550,1338,284,250,496,182
2021,Rhondda Cynon Taf 003,W02000254,6554,3422,3258,2882,744,2138,77,16,61,299,92,207,164,106,84,84,69,15,0,0,0,0,0,0,22,3026,1674,300,335,530,187
2021,Rhondda Cynon Taf 004,W02000255,5669,3018,2877,2463,630,1833,75,22,53,339,122,217,141,85,55,51,43,8,0,0,0,4,4,0,30,2566,1425,231,260,473,177
2021,Rhondda Cynon Taf 005,W02000256,8047,4339,4121,3607,984,2623,71,8,63,443,128,315,218,156,113,105,86,19,2,0,2,6,2,4,43,3552,1823,297,441,691,300
2021,Rhondda Cynon Taf 006,W02000257,5972,3095,2912,2526,638,1888,62,8,54,324,84,240,183,102,84,82,62,20,0,0,0,2,1,1,18,2775,1473,250,301,531,220
2021,Rhondda Cynon Taf 007,W02000258,4624,2347,2157,1833,511,1322,69,12,57,255,74,181,190,55,35,35,29,6,0,0,0,0,0,0,20,2222,1174,166,273,427,182
2021,Rhondda Cynon Taf 008,W02000259,4579,2294,2161,1863,538,1325,51,9,42,247,68,179,133,67,43,42,33,9,0,0,0,1,1,0,24,2218,932,261,308,514,203
2021,Rhondda Cynon Taf 009,W02000260,4703,2215,2074,1825,510,1315,38,5,33,211,52,159,141,71,47,45,38,7,0,0,0,2,0,2,24,2417,1266,194,285,498,174
2021,Rhondda Cynon Taf 010,W02000261,6346,3348,3144,2761,725,2036,75,23,52,308,88,220,204,87,58,55,46,9,0,0,0,3,0,3,29,2911,1627,284,297,495,208
2021,Rhondda Cynon Taf 011,W02000262,4277,2319,2234,1950,528,1422,56,14,42,228,60,168,85,60,47,44,35,9,0,0,0,3,3,0,13,1898,1047,213,192,326,120
2021,Rhondda Cynon Taf 012,W02000263,5109,2842,2710,2348,626,1722,64,11,53,298,84,214,132,61,46,44,33,11,2,0,2,0,0,0,15,2206,1034,225,280,480,187
2021,Rhondda Cynon Taf 013,W02000264,4574,2344,2176,1864,527,1337,50,10,40,262,80,182,168,70,54,51,40,11,1,1,0,2,1,1,16,2160,948,221,340,478,173
2021,Rhondda Cynon Taf 014,W02000265,7498,3987,3738,3232,889,2343,106,17,89,400,84,316,249,125,97,92,86,6,0,0,0,5,3,2,28,3386,1698,354,371,721,242
2021,Rhondda Cynon Taf 015,W02000266,6005,3310,3107,2685,705,1980,57,11,46,365,86,279,203,84,73,70,62,8,0,0,0,3,1,2,11,2611,1294,227,337,532,221
2021,Rhondda Cynon Taf 016,W02000267,5146,2848,2636,2282,672,1610,68,15,53,286,68,218,212,98,74,69,62,7,1,0,1,4,3,1,24,2200,1169,255,218,382,176
2021,Rhondda Cynon Taf 017,W02000268,7444,4030,3837,3298,913,2385,95,23,72,444,131,313,193,122,98,93,71,22,1,0,1,4,2,2,24,3292,1754,338,330,603,267
2021,Rhondda Cynon Taf 018,W02000269,6691,3568,3395,2934,819,2115,87,8,79,374,107,267,173,107,60,60,50,10,0,0,0,0,0,0,47,3016,1547,308,330,587,244
2021,Rhondda Cynon Taf 019,W02000270,5458,3205,3062,2620,674,1946,76,13,63,366,118,248,143,97,82,80,65,15,0,0,0,2,0,2,15,2156,1227,236,219,337,137
2021,Rhondda Cynon Taf 020,W02000271,4413,2297,2149,1848,473,1375,54,9,45,247,57,190,148,58,43,42,36,6,0,0,0,1,0,1,15,2058,1006,169,247,475,161
2021,Rhondda Cynon Taf 021,W02000272,8290,4642,4451,3865,976,2889,90,19,71,496,184,312,191,185,136,129,106,23,2,0,2,5,3,2,49,3463,1973,410,355,476,249
2021,Rhondda Cynon Taf 022,W02000273,8713,3659,3358,2890,787,2103,78,18,60,390,119,271,301,810,551,524,467,57,3,3,0,24,22,2,259,4244,1204,1843,345,593,259
2021,Rhondda Cynon Taf 023,W02000274,8228,4835,4625,3998,986,3012,131,11,120,496,117,379,210,161,129,120,103,17,2,1,1,7,2,5,32,3232,1650,346,372,659,205
2021,Rhondda Cynon Taf 024,W02000275,4975,2744,2646,2293,576,1717,82,15,67,271,70,201,98,89,69,67,55,12,1,1,0,1,1,0,20,2142,1228,161,220,402,131
2021,Rhondda Cynon Taf 025,W02000276,5294,2777,2646,2321,533,1788,57,17,40,268,82,186,131,89,65,65,53,12,0,0,0,0,0,0,24,2428,1629,201,187,289,122
2021,Rhondda Cynon Taf 026,W02000277,5798,3341,3223,2791,722,2069,83,19,64,349,136,213,118,86,61,58,48,10,1,0,1,2,1,1,25,2371,1425,210,207,361,168
2021,Rhondda Cynon Taf 027,W02000278,7265,4578,4457,3866,884,2982,122,24,98,469,166,303,121,143,113,108,92,16,0,0,0,5,5,0,30,2544,1745,302,174,199,124
2021,Rhondda Cynon Taf 028,W02000279,6273,3776,3617,3181,855,2326,73,13,60,363,113,250,159,107,80,76,65,11,0,0,0,4,3,1,27,2390,1391,230,213,382,174
2021,Rhondda Cynon Taf 029,W02000280,7560,4800,4642,4048,938,3110,95,15,80,499,180,319,158,163,122,115,98,17,0,0,0,7,6,1,41,2597,1512,316,270,330,169
2021,Rhondda Cynon Taf 030,W02000281,6194,3497,3387,2947,707,2240,85,18,67,355,164,191,110,113,84,77,63,14,1,0,1,6,5,1,29,2584,1713,226,166,344,135
2021,Rhondda Cynon Taf 031,W02000282,9120,5637,5504,4728,1134,3594,174,31,143,602,247,355,133,138,96,92,75,17,1,0,1,3,3,0,42,3345,2143,401,294,363,144
2021,Merthyr Tydfil 002,W02000284,7626,4324,4132,3616,927,2689,111,27,84,405,115,290,192,160,104,99,76,23,0,0,0,5,3,2,56,3142,1626,296,341,626,253
2021,Merthyr Tydfil 003,W02000285,6857,3877,3727,3297,822,2475,100,19,81,330,97,233,150,144,109,106,76,30,0,0,0,3,2,1,35,2836,1777,276,228,389,166
2021,Merthyr Tydfil 004,W02000286,5482,2845,2664,2325,659,1666,68,19,49,271,78,193,181,76,48,48,32,16,0,0,0,0,0,0,28,2561,1143,259,262,645,252
2021,Merthyr Tydfil 005,W02000287,6768,4027,3874,3430,864,2566,91,15,76,353,99,254,153,139,113,111,89,22,0,0,0,2,1,1,26,2602,1538,261,219,401,183
2021,Merthyr Tydfil 006,W02000288,6641,3565,3349,2941,775,2166,65,11,54,343,92,251,216,94,66,65,52,13,0,0,0,1,1,0,28,2982,1548,223,348,624,239
2021,Merthyr Tydfil 007,W02000289,7132,4065,3902,3419,827,2592,103,20,83,380,113,267,163,120,94,90,68,22,0,0,0,4,4,0,26,2947,1648,293,294,506,206
2021,Caerphilly 001,W02000290,7037,3499,3264,2932,764,2168,63,12,51,269,78,191,235,85,64,58,46,12,0,0,0,6,6,0,21,3453,1580,252,452,877,292
2021,Caerphilly 002,W02000291,5779,3056,2886,2505,654,1851,69,13,56,312,85,227,170,81,45,45,40,5,0,0,0,0,0,0,36,2642,1220,224,345,628,225
2021,Caerphilly 003,W02000292,4666,2446,2303,2025,539,1486,62,12,50,216,60,156,143,64,47,44,34,10,0,0,0,3,2,1,17,2156,1002,211,266,503,174
2021,Caerphilly 004,W02000293,4875,2501,2338,2058,566,1492,50,8,42,230,82,148,163,83,59,52,43,9,0,0,0,7,4,3,24,2291,1100,212,312,501,166
2021,Caerphilly 005,W02000294,4716,2462,2349,2021,487,1534,55,13,42,273,95,178,113,61,42,38,35,3,0,0,0,4,2,2,19,2193,1312,190,193,370,128
2021,Caerphilly 006,W02000295,7673,4497,4330,3893,876,3017,78,12,66,359,128,231,167,122,80,79,59,20,0,0,0,1,1,0,42,3054,1831,309,310,425,179
2021,Caerphilly 007,W02000296,6074,3191,3025,2654,675,1979,76,13,63,295,84,211,166,89,58,57,42,15,0,0,0,1,1,0,31,2794,1424,252,330,607,181
2021,Caerphilly 008,W02000297,6212,3363,3220,2802,662,2140,97,16,81,321,95,226,143,117,86,83,62,21,3,3,0,0,0,0,31,2732,1474,245,335,500,178
2021,Caerphilly 009,W02000298,5867,3365,3228,2889,626,2263,59,10,49,280,100,180,137,104,67,65,57,8,0,0,0,2,2,0,37,2398,1422,265,240,334,137
2021,Caerphilly 010,W02000299,5121,2700,2575,2298,573,1725,46,10,36,231,92,139,125,71,56,55,48,7,0,0,0,1,1,0,15,2350,1368,231,253,360,138
2021,Caerphilly 011,W02000300,6879,3669,3516,3167,751,2416,72,12,60,277,98,179,153,105,67,66,54,12,1,0,1,0,0,0,38,3105,1819,289,337,484,176
2021,Caerphilly 012,W02000301,6401,3757,3595,3172,701,2471,74,20,54,349,114,235,162,115,86,80,69,11,0,0,0,6,6,0,29,2529,1275,256,324,478,196
2021,Caerphilly 013,W02000302,8166,4622,4442,3862,875,2987,118,22,96,462,161,301,180,114,87,82,67,15,0,0,0,5,4,1,27,3430,2095,344,326,472,193
2021,Caerphilly 014,W02000303,5800,3550,3382,3022,697,2325,65,14,51,295,114,181,168,86,65,63,49,14,1,0,1,1,1,0,21,2164,1269,202,221,312,160
2021,Caerphilly 015,W02000304,4543,2603,2497,2203,530,1673,54,13,41,240,83,157,106,100,70,68,60,8,0,0,0,2,2,0,30,1840,1025,170,199,340,106
2021,Caerphilly 016,W02000305,5029,2880,2744,2496,630,1866,37,9,28,211,77,134,136,67,42,42,37,5,0,0,0,0,0,0,25,2082,1238,183,206,306,149
2021,Caerphilly 017,W02000306,4272,2353,2255,1981,484,1497,45,14,31,229,85,144,98,56,40,40,32,8,0,0,0,0,0,0,16,1863,1113,140,201,285,124
2021,Caerphilly 018,W02000307,5071,2902,2731,2375,654,1721,59,16,43,297,95,202,171,110,76,75,55,20,1,1,0,0,0,0,34,2059,937,211,307,415,189
2021,Caerphilly 019,W02000308,7118,3946,3737,3306,860,2446,80,19,61,351,116,235,209,96,60,59,47,12,0,0,0,1,1,0,36,3076,1587,333,337,595,224
2021,Caerphilly 020,W02000309,5557,3061,2917,2563,638,1925,64,13,51,290,121,169,144,77,68,64,46,18,0,0,0,4,2,2,9,2419,1456,246,204,387,126
2021,Caerphilly 021,W02000310,4215,2317,2205,1822,473,1349,79,16,63,304,128,176,112,77,48,43,39,4,1,0,1,4,3,1,29,1821,985,188,237,311,100
2021,Caerphilly 022,W02000311,7847,4201,4007,3586,959,2627,67,15,52,354,130,224,194,154,125,119,101,18,1,0,1,5,4,1,29,3492,1845,301,450,621,275
2021,Caerphilly 023,W02000312,5963,3253,3108,2755,703,2052,55,11,44,298,114,184,145,126,85,77,69,8,1,0,1,7,5,2,41,2584,1564,252,225,406,137
2021,Caerphilly 024,W02000313,8587,5306,5140,4559,1077,3482,108,17,91,473,191,282,166,164,115,112,98,14,1,1,0,2,0,2,49,3117,1954,341,288,331,203
2021,Blaenau Gwent 001,W02000314,5445,2804,2655,2350,552,1798,69,12,57,236,64,172,149,73,62,58,41,17,0,0,0,4,1,3,11,2568,1446,178,318,446,180
2021,Blaenau Gwent 002,W02000315,4332,2385,2252,2026,517,1509,44,1,43,182,59,123,133,75,47,44,32,12,0,0,0,3,3,0,28,1872,1044,130,199,377,122
2021,Blaenau Gwent 003,W02000316,5512,2865,2717,2393,602,1791,59,11,48,265,79,186,148,95,63,62,50,12,0,0,0,1,1,0,32,2552,1350,188,316,544,154
2021,Blaenau Gwent 004,W02000317,6400,3533,3336,3028,761,2267,65,17,48,243,75,168,197,132,99,98,76,22,0,0,0,1,0,1,33,2735,1496,217,328,525,169
2021,Blaenau Gwent 005,W02000318,7425,3962,3732,3322,831,2491,58,13,45,352,106,246,230,120,84,81,52,29,2,0,2,1,1,0,36,3343,1661,298,404,730,250
2021,Blaenau Gwent 006,W02000319,6669,3612,3448,3081,754,2327,90,12,78,277,107,170,164,99,66,64,51,13,1,0,1,1,0,1,33,2958,1531,273,286,659,209
2021,Blaenau Gwent 007,W02000320,6739,3826,3621,3254,825,2429,73,19,54,294,116,178,205,112,85,77,67,10,1,1,0,7,6,1,27,2801,1427,286,329,559,200
2021,Blaenau Gwent 008,W02000321,7087,3807,3624,3233,767,2466,74,24,50,317,134,183,183,100,73,72,49,23,0,0,0,1,0,1,27,3180,1625,241,422,633,259
2021,Blaenau Gwent 009,W02000322,5534,2973,2783,2484,563,1921,55,13,42,244,81,163,190,80,54,52,40,12,0,0,0,2,1,1,26,2481,1227,166,334,553,201
2021,Torfaen 001,W02000323,4820,2608,2475,2195,551,1644,40,6,34,240,69,171,133,74,51,50,40,10,0,0,0,1,0,1,23,2138,1118,191,280,406,143
2021,Torfaen 002,W02000324,5606,3064,2905,2543,648,1895,80,11,69,282,101,181,159,80,63,62,49,13,0,0,0,1,0,1,17,2462,1283,221,318,472,168
2021,Torfaen 003,W02000325,5713,3046,2854,2508,729,1779,57,11,46,289,88,201,192,98,77,77,67,10,0,0,0,0,0,0,21,2569,1146,256,407,517,243
2021,Torfaen 004,W02000326,7290,3990,3811,3378,856,2522,62,9,53,371,119,252,179,117,97,91,71,20,3,0,3,3,3,0,20,3183,1793,221,353,580,236
2021,Torfaen 005,W02000327,5016,2580,2475,2203,513,1690,53,11,42,219,86,133,105,66,51,51,41,10,0,0,0,0,0,0,15,2370,1783,150,157,185,95
2021,Torfaen 006,W02000328,6194,3673,3533,3179,719,2460,57,6,51,297,100,197,140,94,75,73,57,16,0,0,0,2,2,0,19,2427,1591,242,178,299,117
2021,Torfaen 007,W02000329,6590,3854,3676,3265,824,2441,70,8,62,341,128,213,178,111,90,87,68,19,1,0,1,2,0,2,21,2625,1418,239,301,459,208
2021,Torfaen 008,W02000330,5905,3143,3012,2657,648,2009,57,11,46,298,110,188,131,111,84,80,61,19,1,0,1,3,3,0,27,2651,1829,196,202,314,110
2021,Torfaen 009,W02000331,4986,2729,2525,2258,674,1584,35,7,28,232,84,148,204,91,54,51,40,11,1,0,1,2,2,0,37,2166,932,240,322,485,187
2021,Torfaen 010,W02000332,6167,3398,3171,2854,752,2102,54,11,43,263,76,187,227,67,42,41,33,8,0,0,0,1,0,1,25,2702,1335,218,358,560,231
2021,Torfaen 011,W02000333,5094,2949,2834,2538,650,1888,41,7,34,255,110,145,115,74,54,50,44,6,0,0,0,4,4,0,20,2071,1243,216,182,313,117
2021,Torfaen 012,W02000334,5491,3125,3002,2634,661,1973,71,16,55,297,115,182,123,115,84,84,69,15,0,0,0,0,0,0,31,2251,1466,212,188,254,131
2021,Torfaen 013,W02000335,6239,3598,3484,3061,694,2367,96,26,70,327,122,205,114,81,71,67,55,12,0,0,0,4,4,0,10,2560,1737,207,209,270,137
2021,Monmouthshire 001,W02000336,7397,3904,3812,2865,843,2022,167,40,127,780,324,456,92,84,69,61,51,10,1,1,0,7,4,3,15,3409,2416,240,209,311,233
2021,Monmouthshire 002,W02000337,6223,3215,3048,2527,766,1761,84,25,59,437,180,257,167,104,78,70,49,21,1,1,0,7,7,0,26,2904,1683,288,297,456,180
2021,Monmouthshire 003,W02000338,7182,3809,3650,2905,818,2087,141,24,117,604,266,338,159,91,70,62,55,7,1,1,0,7,7,0,21,3282,2376,222,236,291,157
2021,Monmouthshire 004,W02000339,9130,4882,4672,3765,1056,2709,135,26,109,772,323,449,210,109,96,92,76,16,2,1,1,2,1,1,13,4139,2755,409,335,377,263
2021,Monmouthshire 005,W02000340,6143,3430,3346,2238,653,1585,205,38,167,903,365,538,84,53,38,37,31,6,0,0,0,1,0,1,15,2660,1905,207,230,160,158
2021,Monmouthshire 006,W02000341,7316,3824,3715,2828,770,2058,220,53,167,667,277,390,109,98,83,78,71,7,1,1,0,4,3,1,15,3394,2341,222,180,209,442
2021,Monmouthshire 007,W02000342,7900,4465,4339,3331,919,2412,180,41,139,828,374,454,126,90,64,59,52,7,1,0,1,4,2,2,26,3345,2494,286,273,162,130
2021,Monmouthshire 008,W02000343,6826,4142,3958,3429,849,2580,68,12,56,461,204,257,184,89,59,53,45,8,1,1,0,5,3,2,30,2595,1528,237,280,371,179
2021,Monmouthshire 009,W02000344,7146,4178,4066,3342,815,2527,133,32,101,591,265,326,112,111,86,80,64,16,0,0,0,6,6,0,25,2857,2065,235,251,161,145
2021,Monmouthshire 010,W02000345,6559,3616,3448,3039,840,2199,59,16,43,350,150,200,168,71,57,55,47,8,0,0,0,2,2,0,14,2872,1836,227,284,373,152
2021,Monmouthshire 011,W02000346,6418,4075,3975,3449,811,2638,71,15,56,455,191,264,100,119,103,95,78,17,0,0,0,8,7,1,16,2224,1479,254,191,187,113
2021,Newport 001,W02000347,6710,3703,3578,3081,735,2346,89,17,72,408,191,217,125,108,70,66,59,7,0,0,0,4,4,0,38,2899,2039,255,199,258,148
2021,Newport 002,W02000348,6297,3453,3311,2984,834,2150,63,21,42,264,99,165,142,94,58,56,50,6,1,1,0,1,0,1,36,2750,1870,206,227,293,154
2021,Newport 003,W02000349,6550,3447,3223,2957,861,2096,46,6,40,220,70,150,224,126,83,82,61,21,0,0,0,1,0,1,43,2977,1176,318,492,682,309
2021,Newport 004,W02000350,8034,5081,4932,4205,928,3277,131,29,102,596,249,347,149,133,104,99,84,15,1,1,0,4,4,0,29,2820,1782,257,303,314,164
2021,Newport 005,W02000351,4912,2718,2552,2245,625,1620,47,7,40,260,97,163,166,96,73,72,61,11,0,0,0,1,1,0,23,2098,1158,191,248,350,151
2021,Newport 006,W02000352,5399,3076,2922,2613,705,1908,49,19,30,260,106,154,154,137,96,93,77,16,1,0,1,2,2,0,41,2186,989,221,353,363,260
2021,Newport 007,W02000353,5850,3722,3550,3206,853,2353,46,8,38,298,111,187,172,111,87,87,71,16,0,0,0,0,0,0,24,2017,1065,273,225,275,179
2021,Newport 008,W02000354,4877,2629,2490,2205,594,1611,46,10,36,239,87,152,139,105,80,76,66,10,0,0,0,4,4,0,25,2143,1368,184,187,296,108
2021,Newport 009,W02000355,8110,4989,4829,4295,942,3353,129,28,101,405,166,239,160,166,111,106,91,15,1,1,0,4,4,0,55,2955,2050,304,242,221,138
2021,Newport 010,W02000356,4017,2075,1907,1741,593,1148,22,4,18,144,57,87,168,74,42,42,35,7,0,0,0,0,0,0,32,1868,735,227,293,460,153
2021,Newport 011,W02000357,6667,4025,3780,3283,893,2390,105,44,61,392,175,217,245,177,127,119,85,34,2,1,1,6,5,1,50,2465,1065,333,397,430,240
2021,Newport 012,W02000358,5413,3147,3045,2592,550,2042,95,19,76,358,150,208,102,94,64,62,48,14,1,1,0,1,0,1,30,2172,1464,239,183,170,116
2021,Newport 013,W02000359,9045,5700,5372,4736,1224,3512,115,41,74,521,216,305,328,244,188,181,129,52,0,0,0,7,6,1,56,3101,930,532,650,598,391
2021,Newport 014,W02000360,5812,3216,2963,2529,603,1926,70,22,48,364,154,210,253,142,121,117,84,33,0,0,0,4,3,1,21,2454,1016,275,283,415,465
2021,Newport 015,W02000361,9135,5344,5011,4518,1300,3218,78,10,68,415,158,257,333,220,156,152,113,39,0,0,0,4,4,0,64,3571,1705,367,602,593,304
2021,Newport 016,W02000362,5623,3496,3411,2980,664,2316,85,15,70,346,130,216,85,99,69,64,60,4,0,0,0,5,1,4,30,2028,1315,221,173,218,101
2021,Newport 017,W02000363,4786,2613,2480,2228,627,1601,39,7,32,213,77,136,133,88,70,68,62,6,1,1,0,1,1,0,18,2085,1251,186,215,287,146
2021,Newport 018,W02000364,7008,3776,3460,3009,791,2218,71,25,46,380,152,228,316,237,188,176,143,33,0,0,0,12,6,6,49,2995,785,532,606,587,485
2021,Newport 019,W02000365,6418,3977,3695,3357,858,2499,61,14,47,277,105,172,282,73,47,42,35,7,1,0,1,4,2,2,26,2368,1012,327,373,450,206
2021,Newport 020,W02000366,6754,4476,4351,3723,795,2928,143,32,111,485,200,285,125,110,90,86,74,12,0,0,0,4,4,0,20,2168,1400,283,189,149,147
2021,Cardiff 001,W02000367,5130,2881,2800,2285,554,1731,123,26,97,392,178,214,81,93,61,53,46,7,1,1,0,7,6,1,32,2156,1598,229,150,110,69
2021,Cardiff 002,W02000368,4715,2986,2885,2491,640,1851,53,15,38,341,152,189,101,93,80,79,61,18,0,0,0,1,0,1,13,1636,1050,184,156,128,118
2021,Cardiff 003,W02000369,7701,5586,5443,4756,999,3757,131,20,111,556,240,316,143,160,129,115,94,21,0,0,0,14,12,2,31,1955,931,354,322,184,164
2021,Cardiff 004,W02000370,5472,2950,2862,2409,686,1723,90,14,76,363,164,199,88,88,65,61,56,5,1,0,1,3,2,1,23,2434,1956,197,109,113,59
2021,Cardiff 005,W02000371,7313,4209,4055,3514,867,2647,93,21,72,448,180,268,154,119,91,84,70,14,0,0,0,7,4,3,28,2985,1739,295,281,487,183
2021,Cardiff 006,W02000372,6595,4055,3917,3322,748,2574,127,25,102,468,210,258,138,111,84,79,67,12,0,0,0,5,5,0,27,2429,1597,365,185,171,111
2021,Cardiff 007,W02000373,5365,2911,2727,2399,784,1615,66,13,53,262,108,154,184,123,99,87,75,12,0,0,0,12,12,0,24,2331,967,300,357,526,181
2021,Cardiff 008,W02000374,4696,2571,2489,1983,574,1409,119,28,91,387,187,200,82,84,52,50,45,5,0,0,0,2,2,0,32,2041,1422,252,186,96,85
2021,Cardiff 009,W02000375,5478,3138,2955,2605,747,1858,50,10,40,300,90,210,183,135,111,100,83,17,0,0,0,11,6,5,24,2205,902,396,367,330,210
2021,Cardiff 010,W02000376,5355,3176,3046,2625,655,1970,70,12,58,351,170,181,130,67,53,45,39,6,2,0,2,6,4,2,14,2112,1290,245,170,287,120
2021,Cardiff 011,W02000377,6052,3847,3709,3275,757,2518,55,11,44,379,136,243,138,118,86,84,64,20,1,1,0,1,1,0,32,2087,979,283,283,276,266
2021,Cardiff 012,W02000378,6054,3510,3420,2958,728,2230,72,14,58,390,188,202,90,105,69,64,56,8,0,0,0,5,5,0,36,2439,1698,317,168,148,108
2021,Cardiff 013,W02000379,4649,2381,2132,1898,586,1312,36,7,29,198,76,122,249,104,63,60,55,5,0,0,0,3,1,2,41,2164,593,339,438,553,241
2021,Cardiff 014,W02000380,6513,3792,3684,3101,732,2369,128,31,97,455,223,232,108,134,100,96,75,21,0,0,0,4,2,2,34,2587,1834,259,192,187,115
2021,Cardiff 015,W02000381,5099,2924,2756,2438,695,1743,62,14,48,256,86,170,168,110,78,77,60,17,1,1,0,0,0,0,32,2065,1001,248,287,378,151
2021,Cardiff 016,W02000382,4529,2224,2050,1797,547,1250,39,4,35,214,69,145,174,116,84,82,59,23,0,0,0,2,2,0,32,2189,845,264,360,473,247
2021,Cardiff 017,W02000383,5713,3129,2924,2598,835,1763,45,10,35,281,115,166,205,156,112,110,95,15,1,1,0,1,1,0,44,2428,1133,318,364,418,195
2021,Cardiff 018,W02000384,4642,2799,2717,2339,545,1794,69,19,50,309,137,172,82,115,86,84,72,12,0,0,0,2,1,1,29,1728,1263,178,120,89,78
2021,Cardiff 019,W02000385,5538,2711,2601,2096,526,1570,135,32,103,370,177,193,110,226,157,150,141,9,4,4,0,3,2,1,69,2601,1358,737,249,133,124
2021,Cardiff 020,W02000386,6224,3483,3382,2877,765,2112,96,26,70,409,188,221,101,89,64,61,55,6,1,1,0,2,0,2,25,2652,1956,218,163,205,110
2021,Cardiff 021,W02000387,4870,2755,2670,2324,566,1758,62,10,52,284,146,138,85,141,86,83,77,6,1,1,0,2,1,1,55,1974,1225,386,133,132,98
2021,Cardiff 022,W02000388,4758,2755,2650,2256,664,1592,59,12,47,335,121,214,105,93,67,66,61,5,1,0,1,0,0,0,26,1910,1192,176,189,234,119
2021,Cardiff 023,W02000389,6653,3930,3724,3255,946,2309,79,16,63,390,179,211,206,129,98,89,75,14,1,0,1,8,8,0,31,2594,1226,362,345,450,211
2021,Cardiff 024,W02000390,5251,2501,2428,1926,491,1435,119,17,102,383,181,202,73,183,120,113,101,12,0,0,0,7,7,0,63,2567,1533,629,170,132,103
2021,Cardiff 025,W02000391,8382,3140,2974,2640,564,2076,42,11,31,292,122,170,166,859,567,510,467,43,5,5,0,52,46,6,292,4383,550,3287,196,183,167
2021,Cardiff 026,W02000392,7378,4102,3966,3278,799,2479,126,29,97,562,270,292,136,207,139,128,114,14,0,0,0,11,9,2,68,3069,2001,536,185,223,124
2021,Cardiff 027,W02000393,5188,3060,2889,2513,721,1792,52,5,47,324,127,197,171,107,83,79,62,17,1,1,0,3,2,1,24,2021,921,252,287,372,189
2021,Cardiff 028,W02000394,9024,2421,2283,2006,470,1536,35,9,26,242,122,120,138,1548,1109,1019,893,126,10,9,1,80,75,5,439,5055,341,4310,134,141,129
2021,Cardiff 029,W02000395,5367,3364,3204,2681,627,2054,93,19,74,430,206,224,160,148,108,100,77,23,0,0,0,8,6,2,40,1855,987,299,231,205,133
2021,Cardiff 030,W02000396,6615,3622,3411,2901,615,2286,63,17,46,447,203,244,211,633,465,421,361,60,4,4,0,40,36,4,168,2360,499,1246,247,200,168
2021,Cardiff 031,W02000397,5303,2921,2794,2397,630,1767,60,14,46,337,133,204,127,117,92,82,72,10,0,0,0,10,8,2,25,2265,1146,282,254,396,187
2021,Cardiff 032,W02000398,11868,1998,1831,1620,297,1323,32,4,28,179,76,103,167,1994,1284,1145,1038,107,10,6,4,129,119,10,710,7876,304,7181,143,126,122
2021,Cardiff 033,W02000399,9845,4598,4229,3671,794,2877,71,21,50,487,235,252,369,978,680,595,513,82,10,7,3,75,68,7,298,4269,764,2348,310,527,320
2021,Cardiff 034,W02000400,5467,3829,3694,2991,515,2476,121,31,90,582,287,295,135,114,100,91,61,30,1,1,0,8,7,1,14,1524,794,278,122,172,158
2021,Cardiff 035,W02000401,4867,3136,3024,2480,517,1963,94,16,78,450,205,245,112,81,64,63,54,9,0,0,0,1,0,1,17,1650,991,219,151,167,122
2021,Cardiff 036,W02000402,9918,4351,3982,3401,910,2491,80,22,58,501,263,238,369,744,463,419,324,95,1,1,0,43,34,9,281,4823,569,2435,531,640,648
2021,Cardiff 037,W02000403,5897,3522,3291,2900,808,2092,54,16,38,337,146,191,231,134,102,85,68,17,8,1,7,9,9,0,32,2241,639,395,469,468,270
2021,Cardiff 038,W02000404,5210,3034,2794,2442,591,1851,45,7,38,307,123,184,240,146,109,99,76,23,0,0,0,10,10,0,37,2030,606,308,316,560,240
2021,Cardiff 039,W02000405,5360,2589,2309,2051,790,1261,36,9,27,222,93,129,280,99,78,75,60,15,0,0,0,3,3,0,21,2672,650,391,690,642,299
2021,Cardiff 040,W02000406,8172,5349,5133,4378,1000,3378,82,22,60,673,307,366,216,211,138,124,96,28,2,2,0,12,12,0,73,2612,1049,456,416,412,279
2021,Cardiff 041,W02000407,4949,2501,2334,2035,699,1336,38,9,29,261,104,157,167,143,78,77,66,11,0,0,0,1,1,0,65,2305,922,301,372,476,234
2021,Cardiff 042,W02000408,5873,3205,2928,2465,826,1639,60,21,39,403,202,201,277,252,178,166,136,30,0,0,0,12,6,6,74,2416,511,566,601,431,307
2021,Cardiff 043,W02000409,4692,2542,2312,2047,644,1403,35,9,26,230,101,129,230,101,73,69,49,20,0,0,0,4,3,1,28,2049,972,226,342,330,179
2021,Cardiff 044,W02000410,6776,3740,3446,2857,927,1930,100,27,73,489,254,235,294,423,236,214,176,38,0,0,0,22,19,3,187,2613,604,758,551,364,336
2021,Cardiff 045,W02000411,5130,2740,2530,2214,730,1484,39,13,26,277,99,178,210,120,86,83,59,24,0,0,0,3,3,0,34,2270,849,287,347,555,232
2021,Cardiff 046,W02000412,5415,2994,2821,2360,666,1694,81,18,63,380,170,210,173,167,128,119,85,34,0,0,0,9,9,0,39,2254,732,369,434,455,264
2021,Powys 020,W02000414,5107,3039,2967,1766,548,1218,165,41,124,1036,299,737,72,50,41,34,32,2,0,0,0,7,4,3,9,2018,1458,144,167,145,104
2021,Merthyr Tydfil 008,W02000415,7172,3643,3387,2975,886,2089,89,19,70,323,110,213,256,106,67,67,52,15,0,0,0,0,0,0,39,3423,1257,367,571,916,312
2021,Powys 021,W02000416,8675,4525,4352,3609,1048,2561,118,23,95,625,236,389,173,87,70,62,48,14,0,0,0,8,7,1,17,4063,2549,309,332,672,201
2021,Neath Port Talbot 020,W02000417,8366,4441,4221,3634,1046,2588,90,16,74,497,184,313,220,136,110,98,80,18,1,1,0,11,8,3,26,3789,2032,307,424,741,285
2021,Carmarthenshire 027,W02000418,10270,5697,5527,3958,1191,2767,232,45,187,1337,502,835,170,115,82,75,64,11,1,0,1,6,3,3,33,4458,3011,321,376,492,258
2021,Denbighshire 017,W02000419,9204,5009,4772,4168,1239,2929,120,27,93,484,171,313,237,160,130,125,108,17,0,0,0,5,0,5,30,4035,2559,328,374,561,213
2021,Ceredigion 011,W02000421,9721,5343,5163,3615,1139,2476,238,37,201,1310,431,879,180,125,99,87,70,17,2,1,1,10,7,3,26,4253,2899,434,325,372,223
2021,Cardiff 048,W02000422,6658,5053,4867,4313,498,3815,69,22,47,485,210,275,186,197,157,135,88,47,1,0,1,21,13,8,40,1408,473,408,222,125,180
2021,Cardiff 049,W02000423,8588,4731,4426,3864,732,3132,99,32,67,463,218,245,305,559,321,285,246,39,3,0,3,33,26,7,238,3298,787,1309,398,423,381
2021,Wrexham 021,W02000424,5760,3077,2999,2486,608,1878,110,28,82,403,164,239,78,124,100,87,74,13,3,1,2,10,10,0,24,2559,1983,181,148,129,118
2021,Wrexham 022,W02000425,7177,3583,3425,2765,698,2067,174,42,132,486,174,312,158,86,56,53,47,6,0,0,0,3,1,2,30,3508,1577,278,191,215,1247
2021,Wrexham 023,W02000426,8203,4478,4307,3844,1046,2798,85,22,63,378,137,241,171,159,109,101,83,18,1,0,1,7,5,2,50,3566,2507,308,274,341,136
2021,Neath Port Talbot 021,W02000427,9145,4621,4366,3844,1032,2812,102,17,85,420,130,290,255,135,100,95,80,15,1,0,1,4,4,0,35,4389,2255,354,529,952,299
2021,Swansea 032,W02000428,8937,4554,4404,3755,1096,2659,101,24,77,548,240,308,150,252,171,164,152,12,0,0,0,7,6,1,81,4131,2701,797,236,235,162
