date,geography,geography code,Economic activity status: Total: All usual residents aged 16 years and over,Economic activity status: Economically active (excluding full-time students),Economic activity status: Economically active (excluding full-time students):In employment,Economic activity status: Economically active (excluding full-time students):In employment:Employee,Economic activity status: Economically active (excluding full-time students): In employment: Employee: Part-time,Economic activity status: Economically active (excluding full-time students): In employment: Employee: Full-time,Economic activity status: Economically active (excluding full-time students):In employment:Self-employed with employees,Economic activity status: Economically active (excluding full-time students): In employment: Self-employed with employees: Part-time,Economic activity status: Economically active (excluding full-time students): In employment: Self-employed with employees: Full-time,Economic activity status: Economically active (excluding full-time students):In employment:Self-employed without employees,Economic activity status: Economically active (excluding full-time students): In employment: Self-employed without employees: Part-time,Economic activity status: Economically active (excluding full-time students): In employment: Self-employed without employees: Full-time,Economic activity status: Economically active (excluding full-time students): Unemployed,Economic activity status: Economically active and a full-time student,Economic activity status: Economically active and a full-time student:In employment,Economic activity status: Economically active and a full-time student:In employment:Employee,Economic activity status: Economically active and a full-time student: In employment: Employee: Part-time,Economic activity status: Economically active and a full-time student: In employment: Employee: Full-time,Economic activity status: Economically active and a full-time student:In employment:Self-employed with employees,Economic activity status: Economically active and a full-time student: In employment: Self-employed with employees: Part-time,Economic activity status: Economically active and a full-time student: In employment: Self-employed with employees: Full-time,Economic activity status: Economically active and a full-time student:In employment:Self-employed without employees,Economic activity status: Economically active and a full-time student: In employment: Self-employed without employees: Part-time,Economic activity status: Economically active and a full-time student: In employment: Self-employed without employees: Full-time,Economic activity status: Economically active and a full-time student: Unemployed,Economic activity status: Economically inactive,Economic activity status: Economically inactive: Retired,Economic activity status: Economically inactive: Student,Economic activity status: Economically inactive: Looking after home or family,Economic activity status: Economically inactive: Long-term sick or disabled,Economic activity status: Economically inactive: Other
2021,Hartlepool,E06000001,74685,39487,36846,32298,9575,22723,872,210,662,3676,1444,2232,2641,1264,903,874,712,162,5,5,0,24,16,8,361,33934,17910,3463,4303,5432,2826
2021,Middlesbrough,E06000002,113939,58233,53849,47228,14198,33030,1245,376,869,5376,2287,3089,4384,4015,2584,2461,2064,397,24,13,11,99,85,14,1431,51691,23267,7974,7527,7879,5044
2021,Redcar and Cleveland,E06000003,112340,57807,54282,47224,14167,33057,1294,313,981,5764,2436,3328,3525,1817,1338,1281,1044,237,1,0,1,56,39,17,479,52716,32033,4444,5597,7268,3374
2021,Stockton-on-Tees,E06000004,158008,89315,84174,73699,19945,53754,1994,462,1532,8481,3448,5033,5141,3027,2268,2188,1773,415,11,5,6,69,51,18,759,65666,37038,6878,7670,8208,5872
2021,Darlington,E06000005,88103,50768,48103,42072,10748,31324,1150,258,892,4881,2028,2853,2665,1561,1193,1150,947,203,11,6,5,32,22,10,368,35774,21930,3229,3899,4179,2537
2021,Halton,E06000006,103948,60121,57286,50827,12125,38702,1031,245,786,5428,2109,3319,2835,1926,1420,1379,1159,220,0,0,0,41,30,11,506,41901,22958,3919,4588,7043,3393
2021,Warrington,E06000007,172722,104700,100663,87137,20500,66637,2216,503,1713,11310,4878,6432,4037,3275,2532,2441,2037,404,7,3,4,84,67,17,743,64747,39954,6261,6215,7098,5219
2021,Blackburn with Darwen,E06000008,119509,65345,61516,52826,15242,37584,1694,537,1157,6996,3182,3814,3829,2766,2042,1932,1525,407,17,10,7,93,79,14,724,51398,21250,7777,9594,7832,4945
2021,Blackpool,E06000009,116338,61973,57545,48004,14349,33655,1303,360,943,8238,3546,4692,4428,2378,1816,1732,1333,399,14,9,5,70,47,23,562,51987,27743,4151,5897,9507,4689
2021,"Kingston upon Hull, City of",E06000010,213875,122835,114053,102111,27351,74760,1968,501,1467,9974,3947,6027,8782,5320,3735,3534,2742,792,32,24,8,169,127,42,1585,85720,38511,12766,12530,13717,8196
2021,East Riding of Yorkshire,E06000011,288142,158311,152548,126999,35445,91554,5212,1138,4074,20337,8600,11737,5763,4487,3572,3421,2837,584,9,4,5,142,103,39,915,125344,89466,9201,9848,9779,7050
2021,North East Lincolnshire,E06000012,127521,70673,67112,58959,17264,41695,1487,335,1152,6666,2835,3831,3561,2368,1738,1671,1345,326,5,0,5,62,42,20,630,54480,31788,4588,6597,7468,4039
2021,North Lincolnshire,E06000013,139465,77987,74356,64702,16945,47757,1873,496,1377,7781,3336,4445,3631,2459,1865,1786,1362,424,12,9,3,67,52,15,594,59019,37661,4697,6365,6541,3755
2021,York,E06000014,172082,93395,90307,76803,21649,55154,2120,477,1643,11384,5256,6128,3088,7837,5890,5451,4894,557,26,17,9,413,378,35,1947,70850,38636,19183,4626,4712,3693
2021,Derby,E06000015,209193,117828,111304,97154,25492,71662,2285,568,1717,11865,5035,6830,6524,6519,4898,4608,3698,910,30,23,7,260,216,44,1621,84846,42246,12921,11841,10617,7221
2021,Leicester,E06000016,291012,156924,146536,128376,38736,89640,3640,1187,2453,14520,6667,7853,10388,12648,8396,7887,6341,1546,75,55,20,434,358,76,4252,121440,39005,31850,22739,14583,13263
2021,Rutland,E06000017,34297,18985,18418,14702,3765,10937,639,139,500,3077,1521,1556,567,440,365,337,283,54,0,0,0,28,17,11,75,14872,9733,1639,1112,718,1670
2021,Nottingham,E06000018,264321,128319,119330,103244,28237,75007,2526,724,1802,13560,5901,7659,8989,14616,9536,8700,7333,1367,71,45,26,765,667,98,5080,121386,35362,47342,14182,14440,10060
2021,"Herefordshire, County of",E06000019,157132,89974,86773,67495,19669,47826,3057,630,2427,16221,6963,9258,3201,2189,1737,1606,1268,338,15,5,10,116,87,29,452,64969,44635,5017,5836,5614,3867
2021,Telford and Wrekin,E06000020,148670,87567,83442,72723,17201,55522,1692,327,1365,9027,3560,5467,4125,2813,2053,1941,1484,457,17,11,6,95,46,49,760,58290,31490,7137,7460,7886,4317
2021,Stoke-on-Trent,E06000021,205899,114783,108821,94864,23906,70958,2364,664,1700,11593,4556,7037,5962,5189,3759,3527,2911,616,35,24,11,197,148,49,1430,85927,42209,11268,11930,13167,7353
2021,Bath and North East Somerset,E06000022,161616,88709,85581,69044,19971,49073,2442,521,1921,14095,6728,7367,3128,5743,4229,3834,3295,539,22,17,5,373,350,23,1514,67164,35641,18304,5248,4583,3388
2021,"Bristol, City of",E06000023,389708,237400,227604,191546,46923,144623,4666,1130,3536,31392,13878,17514,9796,15252,10906,9726,8044,1682,83,58,25,1097,973,124,4346,137056,56502,38164,15014,16350,11026
2021,North Somerset,E06000024,178567,103411,100107,83047,23804,59243,2733,610,2123,14327,6379,7948,3304,3228,2595,2468,2078,390,13,8,5,114,86,28,633,71928,49984,6164,5779,6461,3540
2021,South Gloucestershire,E06000025,237366,147707,143392,122906,32432,90474,3085,709,2376,17401,7069,10332,4315,5759,4220,4029,3430,599,20,12,8,171,132,39,1539,83900,53153,11240,7439,6581,5487
2021,Plymouth,E06000026,218624,121278,115976,100575,27935,72640,2259,506,1753,13142,5386,7756,5302,6866,5042,4700,4007,693,26,19,7,316,273,43,1824,90480,47650,15627,9228,11973,6002
2021,Torbay,E06000027,117030,60685,57665,46248,15403,30845,1624,440,1184,9793,4278,5515,3020,1694,1270,1211,1009,202,11,4,7,48,30,18,424,54651,35505,3848,5037,6901,3360
2021,Swindon,E06000030,187151,120635,115523,100493,23046,77447,2194,440,1754,12836,4930,7906,5112,3267,2343,2238,1760,478,20,6,14,85,49,36,924,63249,35844,6664,8678,6792,5271
2021,Peterborough,E06000031,167574,103980,98644,84909,21000,63909,2439,641,1798,11296,4829,6467,5336,3122,2325,2166,1600,566,35,17,18,124,85,39,797,60472,28974,7401,10040,7453,6604
2021,Luton,E06000032,172695,100863,93542,76783,20943,55840,2771,832,1939,13988,5593,8395,7321,6983,5176,4683,3360,1323,72,40,32,421,249,172,1807,64849,24233,11636,14512,6720,7748
2021,Southend-on-Sea,E06000033,146410,86264,81513,67001,18242,48759,2083,526,1557,12429,5580,6849,4751,2372,1746,1615,1312,303,20,12,8,111,81,30,626,57774,32958,5769,7715,6375,4957
2021,Thurrock,E06000034,136364,87752,83356,69303,16656,52647,2217,447,1770,11836,4095,7741,4396,3361,2592,2276,1601,675,46,26,20,270,156,114,769,45251,22845,6137,7452,4430,4387
2021,Medway,E06000035,222755,136138,129425,107617,26783,80834,3033,684,2349,18775,6907,11868,6713,4433,3179,2909,2313,596,30,17,13,240,166,74,1254,82184,43599,10373,11940,9062,7210
2021,Bracknell Forest,E06000036,99934,67711,65109,55208,11711,43497,1258,291,967,8643,3577,5066,2602,1689,1288,1204,939,265,13,7,6,71,47,24,401,30534,17976,3870,3843,2293,2552
2021,West Berkshire,E06000037,130737,83451,80680,67061,15566,51495,1980,380,1600,11639,5046,6593,2771,2059,1628,1530,1284,246,5,5,0,93,70,23,431,45227,29405,4780,5173,3029,2840
2021,Reading,E06000038,141357,89882,85319,73782,15524,58258,1606,376,1230,9931,4031,5900,4563,4811,3545,3304,2565,739,25,15,10,216,152,64,1266,46664,19262,11606,6925,4249,4622
2021,Slough,E06000039,118933,76660,71482,58785,14384,44401,2149,647,1502,10548,4312,6236,5178,3059,2217,2018,1525,493,27,14,13,172,90,82,842,39214,13515,7337,9436,3586,5340
2021,Windsor and Maidenhead,E06000040,123676,78369,74982,60416,12747,47669,2250,530,1720,12316,5744,6572,3387,1727,1320,1203,966,237,12,5,7,105,80,25,407,43580,25997,5929,5943,2440,3271
2021,Wokingham,E06000041,140821,90628,87529,73249,15711,57538,2080,448,1632,12200,5376,6824,3099,2615,1938,1825,1578,247,14,9,5,99,74,25,677,47578,29831,6752,5844,2437,2714
2021,Milton Keynes,E06000042,224835,145896,138853,119085,25787,93298,2944,702,2242,16824,6900,9924,7043,5788,4526,4219,3008,1211,36,13,23,271,176,95,1262,73151,37649,10317,10845,7558,6782
2021,Brighton and Hove,E06000043,235365,139720,132371,101688,27236,74452,3994,982,3012,26689,12985,13704,7349,10405,6918,6220,5451,769,42,31,11,656,567,89,3487,85240,35982,23218,8464,10400,7176
2021,Portsmouth,E06000044,170818,97606,92586,77947,21047,56900,2035,440,1595,12604,4562,8042,5020,7770,5199,4819,4188,631,42,28,14,338,268,70,2571,65442,29280,15884,7818,7099,5361
2021,Southampton,E06000045,204369,118233,112189,95146,24396,70750,2324,586,1738,14719,5532,9187,6044,8351,6039,5520,4558,962,49,31,18,470,362,108,2312,77785,31732,21690,9563,8567,6233
2021,Isle of Wight,E06000046,119584,59979,56824,44503,15326,29177,1715,433,1282,10606,5187,5419,3155,1420,1085,1031,847,184,3,0,3,51,39,12,335,58185,39723,3704,4789,6113,3856
2021,County Durham,E06000047,433958,227221,216177,187328,47753,139575,5251,1088,4163,23598,9604,13994,11044,8263,6038,5409,4387,1022,57,24,33,572,512,60,2225,198474,111234,28153,18945,26631,13511
2021,Cheshire East,E06000049,329474,195245,188417,156192,39033,117159,6212,1306,4906,26013,11845,14168,6828,5044,4070,3867,3221,646,13,5,8,190,149,41,974,129185,87692,11483,11513,10915,7582
2021,Cheshire West and Chester,E06000050,295358,171131,164459,139671,35969,103702,4292,945,3347,20496,9157,11339,6672,6097,4629,4426,3804,622,20,11,9,183,151,32,1468,118130,74806,13057,11215,11888,7164
2021,Shropshire,E06000051,272245,155011,149268,118558,33894,84664,5286,1055,4231,25424,10437,14987,5743,3899,3154,3003,2402,601,13,5,8,138,97,41,745,113335,77553,9687,9814,9574,6707
2021,Cornwall,E06000052,477425,258345,248064,189408,61604,127804,8879,2065,6814,49777,21864,27913,10281,8277,6183,5704,4892,812,33,19,14,446,368,78,2094,210803,137684,20078,19543,21347,12151
2021,Isles of Scilly,E06000053,1729,1116,1102,740,208,532,85,14,71,277,113,164,14,12,11,11,10,1,0,0,0,0,0,0,1,601,462,20,59,23,37
2021,Wiltshire,E06000054,419114,255780,247436,204823,52660,152163,6268,1336,4932,36345,16828,19517,8344,6295,4909,4686,3805,881,29,19,10,194,156,38,1386,157039,104683,14018,15830,12366,10142
2021,Bedford,E06000055,148118,92580,88412,74069,17331,56738,2254,523,1731,12089,5092,6997,4168,3231,2453,2300,1778,522,17,12,5,136,87,49,778,52307,29260,6327,6928,4999,4793
2021,Central Bedfordshire,E06000056,236760,152985,147841,122809,28314,94495,3566,756,2810,21466,8798,12668,5144,4307,3236,3026,2410,616,21,12,9,189,135,54,1071,79468,50740,8367,9096,6167,5098
2021,Northumberland,E06000057,268850,145197,138170,115138,33183,81955,4607,1002,3605,18425,8103,10322,7027,3405,2610,2498,2044,454,7,4,3,105,78,27,795,120248,81177,8490,10331,12235,8015
2021,"Bournemouth, Christchurch and Poole",E06000058,334908,187945,179439,147502,41378,106124,4729,1151,3578,27208,12395,14813,8506,9270,6591,6121,5165,956,51,36,15,419,350,69,2679,137693,82995,20405,12560,13135,8598
2021,Dorset,E06000059,321900,170185,164286,129504,40305,89199,5269,1236,4033,29513,13962,15551,5899,4496,3491,3345,2750,595,12,8,4,134,114,20,1005,147219,107446,9712,11610,10596,7855
2021,Buckinghamshire,E06000060,443394,278024,267479,213868,50554,163314,8376,1871,6505,45235,21011,24224,10545,7463,5756,5324,4353,971,37,17,20,395,288,107,1707,157907,95934,19441,21233,9709,11590
2021,North Northamptonshire,E06000061,289187,181232,174688,149250,34457,114793,3938,790,3148,21500,8265,13235,6544,5429,4169,3969,3048,921,24,6,18,176,104,72,1260,102526,62160,9894,11782,11119,7571
2021,West Northamptonshire,E06000062,343503,217286,209093,173987,39591,134396,5822,1102,4720,29284,11250,18034,8193,9095,6903,6494,4875,1619,84,39,45,325,197,128,2192,117122,68969,14698,13293,10425,9737
2021,Cambridge,E07000008,124765,67777,65351,56500,10926,45574,1231,287,944,7620,3900,3720,2426,6436,5247,4353,2810,1543,34,25,9,860,776,84,1189,50552,14640,25692,4214,3144,2862
2021,East Cambridgeshire,E07000009,71429,45238,43929,36306,8889,27417,1196,251,945,6427,2806,3621,1309,977,766,721,582,139,3,3,0,42,28,14,211,25214,16756,2373,2783,1857,1445
2021,Fenland,E07000010,84835,48342,46315,39087,9585,29502,1128,239,889,6100,2376,3724,2027,1050,794,750,563,187,4,0,4,40,27,13,256,35443,22325,2455,4110,3932,2621
2021,Huntingdonshire,E07000011,148261,92522,89551,76225,17401,58824,2074,410,1664,11252,4897,6355,2971,2328,1840,1740,1409,331,12,3,9,88,52,36,488,53411,35001,4482,5592,4104,4232
2021,South Cambridgeshire,E07000012,130361,83033,80664,67271,15644,51627,2046,433,1613,11347,5408,5939,2369,2016,1603,1492,1182,310,13,3,10,98,82,16,413,45312,29592,5473,4943,2873,2431
2021,Allerdale,E07000026,80510,45104,43507,36215,10722,25493,1385,300,1085,5907,2468,3439,1597,911,728,689,540,149,5,1,4,34,27,7,183,34495,23271,2311,2917,3837,2159
2021,Barrow-in-Furness,E07000027,55834,31857,30557,27446,7577,19869,530,138,392,2581,1068,1513,1300,835,626,614,468,146,2,2,0,10,6,4,209,23142,14603,1465,2143,3307,1624
2021,Carlisle,E07000028,91343,53544,51658,43907,13038,30869,1499,344,1155,6252,2483,3769,1886,1728,1292,1236,1058,178,10,4,6,46,34,12,436,36071,23277,3156,3041,4202,2395
2021,Copeland,E07000029,56009,31305,30084,26548,6792,19756,675,132,543,2861,1141,1720,1221,641,487,475,328,147,2,1,1,10,10,0,154,24063,15578,1547,2181,3088,1669
2021,Eden,E07000030,46635,27547,26779,19860,6180,13680,1206,239,967,5713,2199,3514,768,636,556,525,442,83,0,0,0,31,24,7,80,18452,13344,1234,1450,1360,1064
2021,South Lakeland,E07000031,89703,50212,48955,37797,11815,25982,1959,464,1495,9199,4157,5042,1257,1424,1182,1135,973,162,5,2,3,42,26,16,242,38067,28738,2725,2296,2246,2062
2021,Amber Valley,E07000032,105066,61153,59008,50208,13248,36960,1367,280,1087,7433,3176,4257,2145,1472,1163,1097,947,150,1,0,1,65,48,17,309,42441,28168,3192,4134,4499,2448
2021,Bolsover,E07000033,66278,38647,37305,32577,8292,24285,745,151,594,3983,1534,2449,1342,1006,795,769,636,133,0,0,0,26,21,5,211,26625,15972,1917,2954,4049,1733
2021,Chesterfield,E07000034,86004,48614,46597,40413,11757,28656,894,223,671,5290,2236,3054,2017,1269,935,901,735,166,6,4,2,28,24,4,334,36121,22116,2706,3670,5262,2367
2021,Derbyshire Dales,E07000035,61061,33639,32612,24888,7826,17062,1316,294,1022,6408,2930,3478,1027,734,617,591,515,76,1,0,1,25,20,5,117,26688,19479,1954,2017,1695,1543
2021,Erewash,E07000036,93526,56072,53857,46719,12164,34555,1093,228,865,6045,2414,3631,2215,1406,1109,1054,888,166,1,0,1,54,38,16,297,36048,23099,2907,3495,4238,2309
2021,High Peak,E07000037,75662,45411,43740,36118,10051,26067,1195,280,915,6427,2906,3521,1671,1070,876,829,710,119,1,1,0,46,33,13,194,29181,19735,2633,2252,2825,1736
2021,North East Derbyshire,E07000038,85275,47285,45662,38454,11199,27255,1237,267,970,5971,2439,3532,1623,1186,902,865,730,135,5,0,5,32,27,5,284,36804,25084,2507,3226,4069,1918
2021,South Derbyshire,E07000039,86956,54429,52745,45344,10615,34729,1249,258,991,6152,2508,3644,1684,1478,1162,1101,892,209,7,6,1,54,39,15,316,31049,19931,2941,3339,2862,1976
2021,East Devon,E07000040,127388,67569,65374,50766,16230,34536,2375,508,1867,12233,5690,6543,2195,1620,1353,1283,1075,208,10,6,4,60,45,15,267,58199,43583,3672,4310,3866,2768
2021,Exeter,E07000041,111331,58300,56171,48024,13363,34661,1163,253,910,6984,3047,3937,2129,4956,3530,3158,2797,361,22,18,4,350,325,25,1426,48075,20560,17633,3185,4077,2620
2021,Mid Devon,E07000042,68203,40656,39471,30444,9098,21346,1393,305,1088,7634,3275,4359,1185,998,808,759,647,112,2,2,0,47,38,9,190,26549,18047,2208,2495,2315,1484
2021,North Devon,E07000043,82194,45993,44292,33747,11371,22376,1753,410,1343,8792,3749,5043,1701,1145,874,821,682,139,1,1,0,52,39,13,271,35056,24057,2516,3150,3309,2024
2021,South Hams,E07000044,74968,40990,39749,28349,9347,19002,1733,438,1295,9667,4845,4822,1241,1023,836,769,649,120,0,0,0,67,49,18,187,32955,23739,2459,2618,2499,1640
2021,Teignbridge,E07000045,113461,62974,60879,47815,14954,32861,1992,490,1502,11072,5067,6005,2095,1562,1258,1195,1006,189,8,4,4,55,47,8,304,48925,34764,3361,3944,4030,2826
2021,Torridge,E07000046,57560,30748,29541,21604,7662,13942,1217,271,946,6720,2805,3915,1207,670,513,482,413,69,0,0,0,31,26,5,157,26142,18399,1563,2236,2566,1378
2021,West Devon,E07000047,48362,25755,24906,18051,5822,12229,1006,257,749,5849,2591,3258,849,562,478,441,381,60,0,0,0,37,31,6,84,22045,15401,1622,1802,1833,1387
2021,Eastbourne,E07000061,84573,45099,42639,34596,10555,24041,1078,249,829,6965,3118,3847,2460,1658,1192,1112,923,189,9,4,5,71,54,17,466,37816,23696,3643,3636,4263,2578
2021,Hastings,E07000062,74702,42628,40074,31074,9693,21381,991,243,748,8009,3629,4380,2554,1144,823,740,588,152,12,6,6,71,50,21,321,30930,17008,2839,3748,4760,2575
2021,Lewes,E07000063,83221,45525,43563,33025,10236,22789,1426,370,1056,9112,4424,4688,1962,1275,943,864,753,111,2,0,2,77,65,12,332,36421,24569,3071,3288,3204,2289
2021,Rother,E07000064,79489,38988,37249,27438,8691,18747,1424,351,1073,8387,4013,4374,1739,926,685,630,520,110,3,3,0,52,47,5,241,39575,28552,2490,3302,3163,2068
2021,Wealden,E07000065,133648,75662,73127,54322,15970,38352,2602,571,2031,16203,7678,8525,2535,1842,1416,1319,1152,167,12,7,5,85,69,16,426,56144,39413,4469,5490,3752,3020
2021,Basildon,E07000066,148662,91388,87012,72392,18286,54106,2115,443,1672,12505,4748,7757,4376,2583,1998,1832,1450,382,23,14,9,143,93,50,585,54691,30890,5341,8233,5872,4355
2021,Braintree,E07000067,126567,77809,74782,61375,16403,44972,1855,431,1424,11552,4856,6696,3027,2025,1500,1435,1230,205,9,9,0,56,36,20,525,46733,29817,3951,5612,4136,3217
2021,Brentwood,E07000068,62866,38687,37266,29820,6885,22935,1321,291,1030,6125,2700,3425,1421,819,634,586,476,110,0,0,0,48,36,12,185,23360,14925,2354,3090,1440,1551
2021,Castle Point,E07000069,74405,41813,40177,32569,9156,23413,1063,240,823,6545,2573,3972,1636,1091,825,782,669,113,5,1,4,38,27,11,266,31501,21679,2188,3405,2455,1774
2021,Chelmsford,E07000070,147737,90993,87670,72810,18105,54705,2338,489,1849,12522,5413,7109,3323,2851,2191,2065,1742,323,10,3,7,116,84,32,660,53893,33929,5868,6336,3682,4078
2021,Colchester,E07000071,156342,92402,88573,73490,19523,53967,2253,531,1722,12830,5553,7277,3829,5093,3442,3180,2663,517,24,14,10,238,179,59,1651,58847,32844,10221,6689,5185,3908
2021,Epping Forest,E07000072,109932,67696,64630,49696,12740,36956,2911,665,2246,12023,5341,6682,3066,1534,1166,1041,810,231,15,6,9,110,72,38,368,40702,23997,4809,5543,2956,3397
2021,Harlow,E07000073,73102,47280,44829,37877,9496,28381,906,233,673,6046,2319,3727,2451,1546,1152,1054,770,284,6,6,0,92,59,33,394,24276,12545,2686,3770,2901,2374
2021,Maldon,E07000074,55426,31877,30705,24096,6839,17257,1091,278,813,5518,2490,3028,1172,704,549,515,461,54,3,2,1,31,28,3,155,22845,15751,1696,2571,1593,1234
2021,Rochford,E07000075,70713,41446,39878,32511,8876,23635,1077,213,864,6290,2702,3588,1568,1039,783,755,654,101,2,0,2,26,19,7,256,28228,19641,2259,3065,1671,1592
2021,Tendring,E07000076,124890,60619,57207,46028,14618,31410,1632,378,1254,9547,4253,5294,3412,1513,1073,1022,875,147,1,0,1,50,34,16,440,62758,42714,3627,6140,6725,3552
2021,Uttlesford,E07000077,73519,46479,44968,35243,9338,25905,1558,335,1223,8167,3786,4381,1511,991,772,732,608,124,2,0,2,38,32,6,219,26049,16857,2847,3334,1428,1583
2021,Cheltenham,E07000078,98436,59447,57300,47848,12323,35525,1381,316,1065,8071,3927,4144,2147,2426,1857,1747,1492,255,5,5,0,105,91,14,569,36563,22189,5344,3562,3034,2434
2021,Cotswold,E07000079,76315,44563,43200,32604,8775,23829,1730,368,1362,8866,4295,4571,1363,1089,879,799,685,114,7,0,7,73,66,7,210,30663,21566,2766,3045,1650,1636
2021,Forest of Dean,E07000080,73046,40756,39208,31092,9092,22000,1176,265,911,6940,2936,4004,1548,1021,781,716,611,105,8,3,5,57,39,18,240,31269,20541,3052,2958,2962,1756
2021,Gloucester,E07000081,106939,66315,63688,55813,15066,40747,1025,206,819,6850,2639,4211,2627,2641,1933,1846,1539,307,11,6,5,76,58,18,708,37983,21129,4728,4383,4560,3183
2021,Stroud,E07000082,100197,60507,58712,46559,13378,33181,1758,389,1369,10395,5035,5360,1795,1531,1207,1137,967,170,1,1,0,69,57,12,324,38159,26641,3271,3210,2888,2149
2021,Tewkesbury,E07000083,77353,47119,45648,38113,9995,28118,1167,253,914,6368,2827,3541,1471,1107,876,836,683,153,8,7,1,32,29,3,231,29127,20382,2426,2711,2021,1587
2021,Basingstoke and Deane,E07000084,149807,98627,95072,81443,17224,64219,1783,363,1420,11846,5013,6833,3555,2481,1901,1815,1466,349,8,3,5,78,64,14,580,48699,30550,4464,6085,4000,3600
2021,East Hampshire,E07000085,103829,62511,60497,47690,12408,35282,1719,318,1401,11088,5087,6001,2014,1604,1235,1140,994,146,7,4,3,88,68,20,369,39714,27237,3734,4094,2485,2164
2021,Eastleigh,E07000086,110330,70179,67978,57832,15267,42565,1413,312,1101,8733,3589,5144,2201,2033,1536,1463,1267,196,8,4,4,65,48,17,497,38118,25854,3328,3841,2882,2213
2021,Fareham,E07000087,95636,56075,54388,45869,11797,34072,1196,271,925,7323,3182,4141,1687,1618,1241,1194,1049,145,0,0,0,47,39,8,377,37943,28062,2784,3008,2283,1806
2021,Gosport,E07000088,67213,39443,37664,32560,8594,23966,672,163,509,4432,1776,2656,1779,1125,822,790,657,133,0,0,0,32,29,3,303,26645,17053,2132,2840,2846,1774
2021,Hart,E07000089,80326,51045,49395,40835,9264,31571,1240,260,980,7320,3322,3998,1650,1366,1049,989,837,152,9,3,6,51,47,4,317,27915,18988,2798,3254,1316,1559
2021,Havant,E07000090,102866,57575,55015,45296,13202,32094,1292,269,1023,8427,3292,5135,2560,1775,1354,1286,1106,180,11,2,9,57,38,19,421,43516,29095,2912,4481,4457,2571
2021,New Forest,E07000091,148742,79645,76975,61549,18423,43126,2259,533,1726,13167,6299,6868,2670,2132,1725,1649,1434,215,7,7,0,69,50,19,407,66965,49741,4102,5422,4408,3292
2021,Rushmoor,E07000092,80872,54036,51888,45008,9781,35227,879,189,690,6001,2372,3629,2148,1512,1129,1074,868,206,3,3,0,52,38,14,383,25324,13875,2639,3474,2431,2905
2021,Test Valley,E07000093,106753,66449,64507,53932,12894,41038,1578,365,1213,8997,4150,4847,1942,1722,1355,1289,1117,172,3,3,0,63,47,16,367,38582,26325,3189,3955,2853,2260
2021,Winchester,E07000094,104750,60166,58271,46751,11760,34991,1877,375,1502,9643,4745,4898,1895,3123,2302,2199,1965,234,9,4,5,94,80,14,821,41461,25233,7496,3939,2385,2408
2021,Broxbourne,E07000095,79437,49525,47218,38360,10138,28222,1487,336,1151,7371,2939,4432,2307,1444,1088,987,769,218,15,7,8,86,58,28,356,28468,16170,3223,4032,2530,2513
2021,Dacorum,E07000096,123783,78594,75473,60801,15163,45638,2097,407,1690,12575,5473,7102,3121,2197,1726,1590,1260,330,11,5,6,125,86,39,471,42992,25360,4679,5495,3624,3834
2021,Hertsmere,E07000098,86193,53936,51513,39700,10193,29507,2068,476,1592,9745,4465,5280,2423,1590,1254,1060,803,257,18,10,8,176,114,62,336,30667,16674,4744,4108,2542,2599
2021,North Hertfordshire,E07000099,107743,68232,65772,54564,12890,41674,1599,328,1271,9609,4461,5148,2460,1779,1390,1308,1117,191,5,5,0,77,57,20,389,37732,24393,3715,4201,3083,2340
2021,Three Rivers,E07000102,75002,47863,45974,36246,8710,27536,1716,385,1331,8012,3615,4397,1889,1230,973,866,700,166,11,6,5,96,66,30,257,25909,15494,3498,3395,1738,1784
2021,Watford,E07000103,80963,54034,51350,41942,9575,32367,1325,318,1007,8083,3362,4721,2684,1907,1509,1335,950,385,20,8,12,154,94,60,398,25022,11830,3935,4302,2204,2751
2021,Ashford,E07000105,106770,64829,62236,50662,13031,37631,1678,338,1340,9896,4091,5805,2593,1851,1380,1301,1079,222,11,6,5,68,47,21,471,40090,24070,3927,5433,3636,3024
2021,Canterbury,E07000106,132778,65185,62113,49421,13988,35433,1936,423,1513,10756,5089,5667,3072,6219,4056,3787,3336,451,22,17,5,247,212,35,2163,61374,32948,15126,5233,4923,3144
2021,Dartford,E07000107,90698,60254,57651,48264,10968,37296,1467,326,1141,7920,2969,4951,2603,1573,1172,1044,770,274,23,12,11,105,81,24,401,28871,15469,3796,4468,2582,2556
2021,Dover,E07000108,96135,52668,49987,40692,11526,29166,1497,343,1154,7798,3525,4273,2681,1314,942,886,733,153,4,0,4,52,37,15,372,42153,26880,3474,4378,4627,2794
2021,Gravesham,E07000109,84556,51478,48660,39975,10487,29488,1494,310,1184,7191,2674,4517,2818,1534,1101,983,760,223,15,7,8,103,68,35,433,31544,17407,3565,4674,3103,2795
2021,Maidstone,E07000110,142136,88057,84728,69236,16951,52285,2355,490,1865,13137,5506,7631,3329,2206,1681,1569,1233,336,17,12,5,95,74,21,525,51873,31642,5022,6661,4483,4065
2021,Sevenoaks,E07000111,96603,57527,55457,43386,10868,32518,1898,376,1522,10173,4780,5393,2070,1201,927,847,728,119,8,4,4,72,59,13,274,37875,24163,3815,5153,2431,2313
2021,Folkestone and Hythe,E07000112,91555,49407,46820,37646,10480,27166,1288,321,967,7886,3531,4355,2587,1358,999,940,782,158,5,5,0,54,41,13,359,40790,26200,3005,4259,4545,2781
2021,Swale,E07000113,121998,71392,67922,56088,14144,41944,1840,378,1462,9994,3991,6003,3470,1725,1279,1200,951,249,9,6,3,70,50,20,446,48881,27486,4270,6737,5476,4912
2021,Thanet,E07000114,115413,61572,57900,45538,13956,31582,1771,451,1320,10591,4714,5877,3672,1765,1289,1185,964,221,17,11,6,87,61,26,476,52076,32193,4152,5915,6218,3598
2021,Tonbridge and Malling,E07000115,105526,65439,63241,51688,12795,38893,1660,330,1330,9893,4400,5493,2198,1552,1185,1112,943,169,3,0,3,70,61,9,367,38535,24153,4119,5005,2958,2300
2021,Tunbridge Wells,E07000116,92402,57062,54964,42921,10608,32313,1743,364,1379,10300,4951,5349,2098,1222,934,846,667,179,3,3,0,85,60,25,288,34118,20755,3940,4547,2631,2245
2021,Burnley,E07000117,75200,41349,38967,33916,8887,25029,815,225,590,4236,1906,2330,2382,1386,1068,1011,796,215,11,6,5,46,35,11,318,32465,16302,3525,4662,5046,2930
2021,Chorley,E07000118,96370,57743,55853,47547,11471,36076,1521,319,1202,6785,2781,4004,1890,1767,1391,1346,1139,207,4,1,3,41,33,8,376,36860,23867,2996,3041,3788,3168
2021,Fylde,E07000119,69251,36219,34818,28376,7665,20711,1269,310,959,5173,2368,2805,1401,1120,900,865,710,155,4,4,0,31,20,11,220,31912,23015,2192,2134,2684,1887
2021,Hyndburn,E07000120,65631,36566,34663,29731,7315,22416,759,185,574,4173,1753,2420,1903,1277,964,903,698,205,3,2,1,58,44,14,313,27788,14681,3055,3563,4220,2269
2021,Lancaster,E07000121,119638,61775,59425,50121,14813,35308,1591,357,1234,7713,3556,4157,2350,4005,2974,2725,2387,338,15,10,5,234,213,21,1031,53858,28643,12813,3963,5179,3260
2021,Pendle,E07000122,75224,40626,38544,31930,8876,23054,1197,375,822,5417,2697,2720,2082,1386,1081,1025,811,214,9,6,3,47,39,8,305,33212,16708,3851,5581,3919,3153
2021,Preston,E07000123,118670,65664,62664,54699,14504,40195,1506,420,1086,6459,2863,3596,3000,5527,3970,3758,3226,532,39,32,7,173,148,25,1557,47479,21298,9397,6370,6125,4289
2021,Ribble Valley,E07000124,51465,30416,29685,23814,5954,17860,1293,265,1028,4578,1905,2673,731,835,700,674,541,133,2,0,2,24,15,9,135,20214,14898,1813,1241,1267,995
2021,Rossendale,E07000125,57301,33751,32378,27039,6707,20332,855,199,656,4484,1859,2625,1373,929,740,697,576,121,7,1,6,36,29,7,189,22621,13342,2307,2337,2921,1714
2021,South Ribble,E07000126,91498,55005,53348,46223,10961,35262,1241,253,988,5884,2317,3567,1657,1749,1361,1308,1123,185,4,1,3,49,36,13,388,34744,24146,2887,2567,3294,1850
2021,West Lancashire,E07000127,98334,53081,51052,42801,11035,31766,1717,385,1332,6534,2728,3806,2029,3442,2495,2409,2115,294,8,3,5,78,61,17,947,41811,24720,7360,3376,4036,2319
2021,Wyre,E07000128,94352,48640,46551,38055,10962,27093,1597,359,1238,6899,3024,3875,2089,1667,1284,1223,1022,201,7,7,0,54,30,24,383,44045,30900,3295,3067,4565,2218
2021,Blaby,E07000129,83666,52098,50430,42632,10842,31790,1322,305,1017,6476,2599,3877,1668,1413,1016,971,780,191,4,4,0,41,33,8,397,30155,20668,2866,2722,2165,1734
2021,Charnwood,E07000130,153100,84588,81592,69337,18009,51328,2123,480,1643,10132,4380,5752,2996,4581,3207,2908,2459,449,26,18,8,273,239,34,1374,63931,33837,16694,5212,4709,3479
2021,Harborough,E07000131,80427,49034,47711,38481,9886,28595,1695,326,1369,7535,3201,4334,1323,1281,1059,1001,851,150,1,0,1,57,43,14,222,30112,20669,3124,2561,1809,1949
2021,Hinckley and Bosworth,E07000132,93916,56602,54838,46276,11373,34903,1408,299,1109,7154,3039,4115,1764,1342,1047,997,836,161,8,0,8,42,34,8,295,35972,25021,3036,3022,2907,1986
2021,Melton,E07000133,42948,25734,24947,20462,5548,14914,796,161,635,3689,1585,2104,787,635,521,498,415,83,0,0,0,23,18,5,114,16579,11652,1375,1572,1100,880
2021,North West Leicestershire,E07000134,86165,52662,50940,43589,10259,33330,1253,296,957,6098,2541,3557,1722,1339,1021,967,793,174,10,8,2,44,33,11,318,32164,20824,3521,3174,2838,1807
2021,Oadby and Wigston,E07000135,47210,26511,25369,21501,5965,15536,772,206,566,3096,1351,1745,1142,930,620,578,483,95,4,4,0,38,30,8,310,19769,11743,3313,1978,1505,1230
2021,Boston,E07000136,57584,34354,32943,28635,7304,21331,826,185,641,3482,1404,2078,1411,906,688,658,471,187,5,1,4,25,16,9,218,22324,13670,1942,2401,2533,1778
2021,East Lindsey,E07000137,121420,57820,54579,43408,13875,29533,2115,474,1641,9056,4149,4907,3241,1268,1000,938,779,159,7,4,3,55,34,21,268,62332,42477,3430,5948,7006,3471
2021,Lincoln,E07000138,87064,45851,43552,37986,10106,27880,824,196,628,4742,1889,2853,2299,4739,3163,2976,2653,323,18,14,4,169,147,22,1576,36474,14563,11422,3620,4136,2733
2021,North Kesteven,E07000139,98017,57413,55685,47351,11590,35761,1300,260,1040,7034,3055,3979,1728,1565,1209,1171,952,219,4,3,1,34,23,11,356,39039,27277,3173,3498,3155,1936
2021,South Holland,E07000140,78998,46215,44457,37357,8692,28665,1178,255,923,5922,2199,3723,1758,994,777,739,581,158,9,0,9,29,14,15,217,31789,21609,2085,3442,2866,1787
2021,South Kesteven,E07000141,118011,69507,66909,55752,14284,41468,1743,367,1376,9414,4106,5308,2598,1678,1286,1228,986,242,3,3,0,55,42,13,392,46826,32061,3933,4523,3687,2622
2021,West Lindsey,E07000142,79120,43080,41326,34172,9427,24745,1339,329,1010,5815,2589,3226,1754,1079,812,768,615,153,1,0,1,43,36,7,267,34961,23586,2677,3381,3499,1818
2021,Breckland,E07000143,117855,66847,64384,53414,14401,39013,1611,377,1234,9359,4169,5190,2463,1593,1254,1202,991,211,4,0,4,48,43,5,339,49415,33638,3144,4893,4418,3322
2021,Broadland,E07000144,110505,63209,61329,49934,14947,34987,1703,405,1298,9692,4356,5336,1880,1618,1260,1197,1033,164,3,0,3,60,50,10,358,45678,33068,3198,3776,3481,2155
2021,Great Yarmouth,E07000145,82719,43238,40277,33941,11044,22897,1031,279,752,5305,2256,3049,2961,1237,862,830,687,143,4,3,1,28,19,9,375,38244,22886,2899,4590,5040,2829
2021,King's Lynn and West Norfolk,E07000146,128888,70828,68058,55780,15783,39997,2044,457,1587,10234,4350,5884,2770,1571,1162,1112,902,210,8,4,4,42,29,13,409,56489,38526,3453,5709,5491,3310
2021,North Norfolk,E07000147,89143,42793,41014,30794,10499,20295,1498,375,1123,8722,4290,4432,1779,823,643,610,519,91,1,0,1,32,25,7,180,45527,33241,2316,3731,3708,2531
2021,Norwich,E07000148,120763,65708,62050,52362,14631,37731,1184,326,858,8504,3850,4654,3658,5347,3670,3338,2885,453,19,14,5,313,265,48,1677,49708,20148,14041,5241,6244,4034
2021,South Norfolk,E07000149,117219,68411,66427,53730,15265,38465,1921,435,1486,10776,4902,5874,1984,1679,1322,1238,1046,192,5,4,1,79,65,14,357,47129,33259,3869,4212,3520,2269
2021,Craven,E07000163,48283,27319,26600,20401,5915,14486,1067,213,854,5132,2240,2892,719,624,531,504,429,75,10,4,6,17,10,7,93,20340,15340,1413,1380,1266,941
2021,Hambleton,E07000164,76985,43724,42548,33587,9354,24233,1841,372,1469,7120,3061,4059,1176,1013,857,831,712,119,1,0,1,25,17,8,156,32248,23851,2273,2502,2012,1610
2021,Harrogate,E07000165,135306,80221,77944,62501,16741,45760,2910,554,2356,12533,5637,6896,2277,2065,1742,1661,1378,283,2,1,1,79,59,20,323,53020,36343,5678,4557,3547,2895
2021,Richmondshire,E07000166,41736,24994,24257,19409,5105,14304,991,187,804,3857,1656,2201,737,532,418,401,316,85,0,0,0,17,11,6,114,16210,11311,1159,1423,993,1324
2021,Ryedale,E07000167,46325,26232,25494,19231,5690,13541,1189,277,912,5074,2121,2953,738,540,467,444,376,68,1,0,1,22,22,0,73,19553,14178,1408,1680,1287,1000
2021,Scarborough,E07000168,92109,47620,45447,36320,12195,24125,1738,444,1294,7389,3253,4136,2173,1354,1102,1056,893,163,4,4,0,42,32,10,252,43135,29122,2916,3581,4778,2738
2021,Selby,E07000169,75430,46664,45205,38214,9335,28879,1408,295,1113,5583,2343,3240,1459,1168,916,876,740,136,4,1,3,36,27,9,252,27598,19111,2344,2559,2145,1439
2021,Ashfield,E07000170,102843,60026,57290,50141,12825,37316,1097,229,868,6052,2268,3784,2736,1505,1137,1099,889,210,5,4,1,33,21,12,368,41312,24591,3269,4864,5867,2721
2021,Bassetlaw,E07000171,97370,55821,53777,46066,12670,33396,1406,312,1094,6305,2565,3740,2044,1461,1143,1107,888,219,2,1,1,34,22,12,318,40088,25480,2883,3860,4599,3266
2021,Broxtowe,E07000172,92538,52479,50471,43766,11401,32365,1102,257,845,5603,2450,3153,2008,1936,1444,1351,1117,234,2,2,0,91,75,16,492,38123,24000,5430,3269,3388,2036
2021,Gedling,E07000173,96462,57258,55102,46739,12649,34090,1409,336,1073,6954,2999,3955,2156,1431,1084,1015,810,205,6,6,0,63,45,18,347,37773,24803,3545,3314,3788,2323
2021,Mansfield,E07000174,90170,52442,50240,43736,11627,32109,1025,229,796,5479,2067,3412,2202,1440,1127,1076,822,254,4,0,4,47,28,19,313,36288,21272,2702,4117,5559,2638
2021,Newark and Sherwood,E07000175,101968,58015,55900,47025,12237,34788,1570,323,1247,7305,3073,4232,2115,1547,1214,1160,947,213,5,2,3,49,34,15,333,42406,27164,3785,4150,4305,3002
2021,Rushcliffe,E07000176,97724,57196,55484,46183,11367,34816,1683,352,1331,7618,3557,4061,1712,1920,1494,1419,1190,229,4,4,0,71,56,15,426,38608,25544,5660,2920,2245,2239
2021,Cherwell,E07000177,130586,86083,83246,70552,16178,54374,1850,394,1456,10844,4746,6098,2837,2114,1724,1620,1244,376,17,11,6,87,57,30,390,42389,25933,4338,5099,3448,3571
2021,Oxford,E07000178,136718,70771,67786,58211,12808,45403,1325,333,992,8250,4196,4054,2985,6898,5540,4617,3399,1218,47,37,10,876,801,75,1358,59049,16402,29820,5256,3593,3978
2021,South Oxfordshire,E07000179,121491,77479,75136,60639,14114,46525,2182,422,1760,12315,5893,6422,2343,1657,1340,1254,1024,230,6,0,6,80,62,18,317,42355,28043,4445,4661,2455,2751
2021,Vale of White Horse,E07000180,112425,71537,69442,58367,13100,45267,1670,337,1333,9405,4268,5137,2095,1743,1421,1356,1044,312,1,1,0,64,60,4,322,39145,25671,4440,4199,2429,2406
2021,West Oxfordshire,E07000181,93810,59526,57881,46981,11250,35731,1635,322,1313,9265,4395,4870,1645,1283,1045,1001,834,167,4,1,3,40,33,7,238,33001,22509,2993,3491,2033,1975
2021,Mendip,E07000187,96052,56449,54507,41780,12843,28937,1717,359,1358,11010,5323,5687,1942,1411,1164,1089,926,163,3,2,1,72,55,17,247,38192,25472,3703,3626,3183,2208
2021,Sedgemoor,E07000188,103782,59861,57708,47505,13148,34357,1558,346,1212,8645,3612,5033,2153,1818,1440,1391,1149,242,6,6,0,43,29,14,378,42103,28220,2917,4216,4179,2571
2021,South Somerset,E07000189,143817,81984,79308,64280,17979,46301,2175,460,1715,12853,5726,7127,2676,2088,1627,1549,1251,298,9,6,3,69,50,19,461,59745,42094,4113,5388,4950,3200
2021,Cannock Chase,E07000192,82478,50028,47884,40884,10627,30257,969,189,780,6031,1994,4037,2144,1350,993,951,769,182,3,2,1,39,25,14,357,31100,18874,2465,3600,3952,2209
2021,East Staffordshire,E07000193,100507,60267,57852,49536,12130,37406,1471,351,1120,6845,2836,4009,2415,1906,1464,1399,1089,310,8,2,6,57,34,23,442,38334,22676,3783,4738,3757,3380
2021,Lichfield,E07000194,88597,51284,49433,41041,10541,30500,1599,362,1237,6793,2928,3865,1851,1355,1040,998,817,181,5,1,4,37,29,8,315,35958,24896,2957,3106,2757,2242
2021,Newcastle-under-Lyme,E07000195,103184,56770,54631,46955,11957,34998,1355,276,1079,6321,2484,3837,2139,2873,2052,1965,1699,266,8,7,1,79,65,14,821,43541,26165,6820,3669,4619,2268
2021,South Staffordshire,E07000196,93372,51697,49733,41214,11301,29913,1711,378,1333,6808,2640,4168,1964,1269,966,924,754,170,0,0,0,42,30,12,303,40406,26824,2985,3266,3007,4324
2021,Stafford,E07000197,113614,66303,64069,54446,13232,41214,1702,359,1343,7921,3331,4590,2234,2082,1696,1626,1335,291,8,5,3,62,43,19,386,45229,30951,3652,3849,3848,2929
2021,Staffordshire Moorlands,E07000198,80856,45268,43970,35630,9707,25923,1458,295,1163,6882,2645,4237,1298,1382,1067,1027,879,148,0,0,0,40,31,9,315,34206,24501,2438,2461,3041,1765
2021,Tamworth,E07000199,63793,38911,37209,32813,8033,24780,669,147,522,3727,1446,2281,1702,1318,952,914,661,253,1,1,0,37,19,18,366,23564,14540,2039,2767,2659,1559
2021,Babergh,E07000200,77378,43629,42028,33124,9705,23419,1241,293,948,7663,3522,4141,1601,1195,928,885,774,111,4,4,0,39,32,7,267,32554,23205,2473,3128,2138,1610
2021,Ipswich,E07000202,111832,68620,65187,56538,15942,40596,1307,334,973,7342,3004,4338,3433,2496,1839,1735,1415,320,23,12,11,81,62,19,657,40716,21884,4594,5693,5033,3512
2021,Mid Suffolk,E07000203,86305,50524,49048,39383,10842,28541,1478,340,1138,8187,3707,4480,1476,1235,976,914,772,142,9,7,2,53,41,12,259,34546,24707,2574,3175,2352,1738
2021,Elmbridge,E07000207,108774,68509,65827,51063,11460,39603,2490,507,1983,12274,6078,6196,2682,1491,1153,1005,816,189,24,9,15,124,93,31,338,38774,22798,5179,6187,2125,2485
2021,Epsom and Ewell,E07000208,64607,40544,39051,31731,7473,24258,1104,247,857,6216,2772,3444,1493,1173,859,762,651,111,13,9,4,84,69,15,314,22890,13814,3359,2778,1463,1476
2021,Guildford,E07000209,119356,69090,66635,53922,12113,41809,1985,397,1588,10728,5061,5667,2455,4339,3139,2847,2344,503,22,13,9,270,233,37,1200,45927,23196,12597,4755,2519,2860
2021,Mole Valley,E07000210,72339,43018,41538,32240,8302,23938,1295,256,1039,8003,3891,4112,1480,1010,804,751,640,111,5,5,0,48,36,12,206,28311,19123,2790,2998,1849,1551
2021,Reigate and Banstead,E07000211,120127,76538,73633,59894,14188,45706,2175,479,1696,11564,5194,6370,2905,1933,1491,1405,1134,271,17,13,4,69,50,19,442,41656,24905,4447,5330,3234,3740
2021,Runnymede,E07000212,72719,42374,40532,33042,7610,25432,1096,226,870,6394,2784,3610,1842,2729,1924,1729,1524,205,9,9,0,186,168,18,805,27616,14005,7142,3046,1597,1826
2021,Spelthorne,E07000213,83363,53162,50540,42048,9576,32472,1206,319,887,7286,3048,4238,2622,1393,1000,912,713,199,9,7,2,79,51,28,393,28808,17569,2993,3495,2332,2419
2021,Surrey Heath,E07000214,73785,46191,44407,36646,8342,28304,1134,245,889,6627,2985,3642,1784,1256,957,897,763,134,8,8,0,52,41,11,299,26338,16939,2804,3069,1594,1932
2021,Tandridge,E07000215,70827,43472,41831,32855,8104,24751,1479,320,1159,7497,3437,4060,1641,980,745,690,584,106,0,0,0,55,44,11,235,26375,16905,2903,3095,1816,1656
2021,Waverley,E07000216,103639,61348,59371,45862,11591,34271,2048,427,1621,11461,5708,5753,1977,1773,1354,1250,1076,174,3,3,0,101,87,14,419,40518,25621,5778,4721,2405,1993
2021,Woking,E07000217,82984,53692,51531,42230,9371,32859,1374,318,1056,7927,3669,4258,2161,1546,1213,1137,909,228,5,5,0,71,52,19,333,27746,16089,3259,4227,2011,2160
2021,North Warwickshire,E07000218,53898,32421,31146,26188,6557,19631,847,181,666,4111,1638,2473,1275,789,608,580,428,152,1,1,0,27,21,6,181,20688,13663,1715,1966,2056,1288
2021,Nuneaton and Bedworth,E07000219,108590,64690,61677,54317,13306,41011,1183,251,932,6177,2428,3749,3013,1900,1438,1375,1034,341,6,4,2,57,39,18,462,42000,25188,3880,4848,4910,3174
2021,Rugby,E07000220,92188,58594,56648,48811,10508,38303,1308,269,1039,6529,2658,3871,1946,1793,1459,1381,1058,323,5,0,5,73,49,24,334,31801,20148,3551,3312,2741,2049
2021,Stratford-on-Avon,E07000221,112639,67024,65040,51355,13398,37957,2220,519,1701,11465,5341,6124,1984,1488,1196,1126,956,170,6,1,5,64,54,10,292,44127,31532,3621,3963,2764,2247
2021,Warwick,E07000222,123254,73047,70341,59517,13735,45782,1681,368,1313,9143,4260,4883,2706,3152,2407,2115,1751,364,22,17,5,270,254,16,745,47055,26620,10483,4086,3325,2541
2021,Adur,E07000223,52954,30491,29240,23209,7254,15955,705,150,555,5326,2291,3035,1251,780,585,543,473,70,2,0,2,40,33,7,195,21683,14383,1865,2069,2018,1348
2021,Arun,E07000224,139553,74398,71317,57684,17318,40366,1884,446,1438,11749,5405,6344,3081,2434,1873,1793,1541,252,8,8,0,72,55,17,561,62721,44570,4284,5104,4979,3784
2021,Chichester,E07000225,104709,56792,54703,41470,12090,29380,1847,405,1442,11386,5571,5815,2089,2289,1662,1560,1383,177,7,7,0,95,81,14,627,45628,31131,4722,4313,2892,2570
2021,Crawley,E07000226,93567,61678,57554,49625,13319,36306,1163,333,830,6766,2796,3970,4124,1870,1345,1245,955,290,10,0,10,90,48,42,525,30019,14733,3871,5057,3171,3187
2021,Horsham,E07000227,120663,73310,70802,56549,15228,41321,1983,456,1527,12270,5964,6306,2508,1767,1365,1287,1113,174,6,5,1,72,59,13,402,45586,31669,4269,4631,2612,2405
2021,Mid Sussex,E07000228,123317,77584,75051,60727,15926,44801,1931,435,1496,12393,5845,6548,2533,1926,1522,1428,1221,207,7,3,4,87,69,18,404,43807,29492,4458,4688,2763,2406
2021,Worthing,E07000229,92355,54618,52269,42835,12335,30500,1238,295,943,8196,3741,4455,2349,1684,1288,1209,1037,172,8,4,4,71,55,16,396,36053,23919,3033,3146,3616,2339
2021,Bromsgrove,E07000234,81102,48081,46354,38231,10038,28193,1587,351,1236,6536,2848,3688,1727,1197,934,890,743,147,6,6,0,38,27,11,263,31824,21963,3195,2570,2206,1890
2021,Malvern Hills,E07000235,67122,36543,35155,27139,8111,19028,1266,302,964,6750,3195,3555,1388,811,647,606,511,95,4,4,0,37,33,4,164,29768,20998,2665,2437,2225,1443
2021,Redditch,E07000236,70250,43685,41804,36264,8750,27514,750,151,599,4790,1963,2827,1881,1164,888,843,674,169,10,4,6,35,22,13,276,25401,15269,2449,3001,2782,1900
2021,Worcester,E07000237,85605,51917,49588,42935,11101,31834,927,190,737,5726,2419,3307,2329,2684,2039,1938,1663,275,6,6,0,95,77,18,645,31004,17653,4839,3230,3112,2170
2021,Wychavon,E07000238,110717,64601,62484,50582,13302,37280,2030,443,1587,9872,4319,5553,2117,1462,1176,1108,936,172,9,3,6,59,44,15,286,44654,31043,3576,4023,3251,2761
2021,Wyre Forest,E07000239,84565,47037,44913,37316,10564,26752,1100,260,840,6497,2775,3722,2124,1200,876,832,666,166,4,4,0,40,29,11,324,36328,24305,2767,3388,3648,2220
2021,St Albans,E07000240,116090,73882,71281,57427,13304,44123,2291,398,1893,11563,5595,5968,2601,1972,1589,1458,1187,271,11,3,8,120,102,18,383,40236,24127,5487,5508,2586,2528
2021,Welwyn Hatfield,E07000241,97484,56879,54551,45102,10474,34628,1505,322,1183,7944,3480,4464,2328,5071,3598,3340,2825,515,30,23,7,228,178,50,1473,35534,17483,8656,4172,2810,2413
2021,East Hertfordshire,E07000242,121151,77829,75159,61079,15216,45863,2282,450,1832,11798,5206,6592,2670,1766,1367,1287,1041,246,3,0,3,77,67,10,399,41556,26176,4868,5116,2671,2725
2021,Stevenage,E07000243,71239,46292,44286,37759,9071,28688,822,174,648,5705,2151,3554,2006,1525,1177,1098,844,254,19,10,9,60,39,21,348,23422,12887,2530,3258,2689,2058
2021,East Suffolk,E07000244,206721,108895,104221,84427,26352,58075,2996,700,2296,16798,7964,8834,4674,2912,2146,2046,1747,299,7,6,1,93,75,18,766,94914,66009,6415,8861,8477,5152
2021,West Suffolk,E07000245,148130,90755,87626,74292,17801,56491,2044,452,1592,11290,4928,6362,3129,2448,1996,1906,1370,536,0,0,0,90,61,29,452,54927,34831,4541,6102,4395,5058
2021,Somerset West and Taunton,E07000246,131294,74257,71771,57898,16685,41213,2039,460,1579,11834,5264,6570,2486,1956,1522,1423,1140,283,12,5,7,87,69,18,434,55081,38235,4111,4575,5079,3081
2021,Bolton,E08000001,232293,129353,121631,103060,28697,74363,3426,984,2442,15145,6675,8470,7722,5189,3808,3598,2963,635,33,24,9,177,132,45,1381,97751,48899,12682,14930,12638,8602
2021,Bury,E08000002,154871,90612,86358,73055,18903,54152,2358,611,1747,10945,4915,6030,4254,2849,2123,2016,1625,391,12,7,5,95,70,25,726,61410,34232,7503,7328,7258,5089
2021,Manchester,E08000003,437958,237667,219969,187849,48366,139483,5233,1672,3561,26887,12839,14048,17698,21621,14315,12896,10333,2563,128,98,30,1291,1117,174,7306,178670,46637,57182,28875,25709,20267
2021,Oldham,E08000004,187035,102047,95477,80795,22987,57808,2647,812,1835,12035,5349,6686,6570,3919,2729,2530,2039,491,32,23,9,167,125,42,1190,81069,36927,11645,13831,10553,8113
2021,Rochdale,E08000005,174947,97674,91986,78165,20200,57965,2437,676,1761,11384,4811,6573,5688,3395,2473,2337,1802,535,13,5,8,123,84,39,922,73878,35211,9484,11489,10344,7350
2021,Salford,E08000006,216921,130228,122358,106679,25000,81679,2518,643,1875,13161,5459,7702,7870,7552,5247,4824,3849,975,47,33,14,376,310,66,2305,79141,33800,14446,10104,12153,8638
2021,Stockport,E08000007,238927,142922,137018,115549,29159,86390,3753,848,2905,17716,7914,9802,5904,3622,2788,2627,2145,482,17,11,6,144,122,22,834,92383,57654,9376,9137,9920,6296
2021,Tameside,E08000008,185136,108864,103326,89457,21968,67489,2065,501,1564,11804,4857,6947,5538,3215,2329,2235,1822,413,15,10,5,79,56,23,886,73057,39541,7732,9189,10420,6175
2021,Trafford,E08000009,186150,113807,109051,91640,22339,69301,3245,735,2510,14166,6517,7649,4756,3310,2506,2352,1944,408,17,8,9,137,113,24,804,69033,39957,9188,8034,6920,4934
2021,Wigan,E08000010,268694,158010,150892,130540,31437,99103,3125,706,2419,17227,6731,10496,7118,4886,3722,3562,2939,623,22,11,11,138,101,37,1164,105798,62537,9589,10928,14514,8230
2021,Knowsley,E08000011,124297,71707,67855,59552,15823,43729,1322,298,1024,6981,2681,4300,3852,2174,1635,1551,1224,327,8,5,3,76,46,30,539,50416,24035,5156,6341,10124,4760
2021,Liverpool,E08000012,403028,208057,194163,167998,44789,123209,4313,1172,3141,21852,9397,12455,13894,16899,11587,10841,8958,1883,82,64,18,664,547,117,5312,178072,67225,44261,19628,30507,16451
2021,St. Helens,E08000013,150572,84819,80743,70983,17293,53690,1668,366,1302,8092,3171,4921,4076,2511,1881,1804,1457,347,9,9,0,68,50,18,630,63242,36966,5331,6656,9825,4464
2021,Sefton,E08000014,232389,127536,121393,103322,29085,74237,3045,731,2314,15026,6537,8489,6143,4122,3203,3083,2613,470,18,6,12,102,74,28,919,100731,61897,9031,9092,13774,6937
2021,Wirral,E08000015,262111,142940,136398,117511,32496,85015,3210,836,2374,15677,7097,8580,6542,4083,3105,2952,2412,540,13,7,6,140,101,39,978,115088,68048,11159,11061,17066,7754
2021,Barnsley,E08000016,199792,114512,109456,93837,24904,68933,2460,530,1930,13159,4835,8324,5056,3008,2224,2125,1664,461,14,5,9,85,54,31,784,82272,47359,6597,9776,12531,6009
2021,Doncaster,E08000017,250926,142604,135102,116171,31146,85025,3374,833,2541,15557,5873,9684,7502,3660,2757,2612,1948,664,26,12,14,119,70,49,903,104662,58348,8836,13282,13896,10300
2021,Rotherham,E08000018,215571,121196,115257,98793,27279,71514,2782,655,2127,13682,5113,8569,5939,3458,2544,2432,1913,519,18,6,12,94,65,29,914,90917,51512,8141,11483,12594,7187
2021,Sheffield,E08000019,456247,242684,229974,196367,56503,139864,5442,1339,4103,28165,12349,15816,12710,17373,12032,11243,9433,1810,72,57,15,717,615,102,5341,196190,91847,45118,22547,21855,14823
2021,Newcastle upon Tyne,E08000021,248447,123293,115770,100458,27380,73078,2965,790,2175,12347,5671,6676,7523,13599,9305,8694,7433,1261,53,45,8,558,495,63,4294,111555,42993,34156,12432,12946,9028
2021,North Tyneside,E08000022,171513,100034,95234,83999,22042,61957,1980,480,1500,9255,3953,5302,4800,2834,2032,1940,1587,353,6,3,3,86,64,22,802,68645,43003,6123,6635,8217,4667
2021,South Tyneside,E08000023,121291,65785,61131,54233,14890,39343,1258,321,937,5640,2240,3400,4654,2009,1377,1291,1015,276,7,3,4,79,66,13,632,53497,29986,5055,6476,7827,4153
2021,Sunderland,E08000024,226074,121329,114043,101224,27250,73974,2341,577,1764,10478,4324,6154,7286,4619,3111,2981,2456,525,18,9,9,112,86,26,1508,100126,55754,10422,11384,14920,7646
2021,Birmingham,E08000025,889622,463374,421469,356901,101471,255430,11448,3665,7783,53120,25167,27953,41905,31350,20948,19087,14419,4668,238,166,72,1623,1295,328,10402,394898,138510,89175,73132,48332,45749
2021,Coventry,E08000026,276871,150735,141260,122763,29307,93456,3020,746,2274,15477,6310,9167,9475,12951,8881,8170,6119,2051,112,67,45,599,488,111,4070,113185,47809,29016,14150,12567,9643
2021,Dudley,E08000027,262488,150144,141576,121554,32886,88668,2972,716,2256,17050,6798,10252,8568,4358,3064,2914,2298,616,19,12,7,131,98,33,1294,107986,63665,11042,13644,11861,7774
2021,Sandwell,E08000028,266026,148645,136570,118793,32400,86393,3268,929,2339,14509,5700,8809,12075,6549,4500,4208,3077,1131,47,31,16,245,155,90,2049,110832,46250,16527,20218,15403,12434
2021,Solihull,E08000029,174501,100801,95976,81567,20731,60836,2787,579,2208,11622,4968,6654,4825,2659,1963,1864,1503,361,6,6,0,93,75,18,696,71041,44937,7622,7956,6152,4374
2021,Walsall,E08000030,223097,124002,115347,98711,27489,71222,3085,823,2262,13551,5234,8317,8655,4490,3183,2966,2217,749,31,18,13,186,116,70,1307,94605,46426,12084,15608,12383,8104
2021,Wolverhampton,E08000031,208444,117395,107523,93315,24372,68943,2723,676,2047,11485,4422,7063,9872,5595,3788,3533,2542,991,47,30,17,208,123,85,1807,85454,39930,12134,13784,10986,8620
2021,Bradford,E08000032,421574,229810,214534,180088,54192,125896,6309,1986,4323,28137,13346,14791,15276,9469,6602,6251,5017,1234,32,23,9,319,243,76,2867,182295,79509,27827,34139,22038,18782
2021,Calderdale,E08000033,166634,96063,91348,76339,21098,55241,2575,658,1917,12434,5722,6712,4715,2692,2034,1929,1601,328,13,9,4,92,69,23,658,67879,39136,7171,8074,8179,5319
2021,Kirklees,E08000034,346271,194117,184331,155429,43657,111772,5281,1484,3797,23621,10619,13002,9786,8073,5753,5455,4644,811,39,25,14,259,204,55,2320,144081,75708,20161,20051,16284,11877
2021,Leeds,E08000035,658470,377687,357949,308120,75829,232291,8690,2105,6585,41139,17680,23459,19738,23432,16114,14856,12220,2636,105,71,34,1153,996,157,7318,257351,124465,56606,27929,27288,21063
2021,Wakefield,E08000036,287538,168764,161410,141530,35506,106024,3418,746,2672,16462,6336,10126,7354,4388,3231,3105,2494,611,20,10,10,106,79,27,1157,114386,66992,9408,13012,15585,9389
2021,Gateshead,E08000037,161749,90504,85417,75707,20118,55589,1718,405,1313,7992,3326,4666,5087,3011,2102,1971,1581,390,12,7,5,119,98,21,909,68234,39133,7125,7097,9512,5367
2021,City of London,E09000001,8004,5555,5273,4205,440,3765,178,28,150,890,366,524,282,123,78,58,39,19,0,0,0,20,12,8,45,2326,993,720,192,124,297
2021,Barking and Dagenham,E09000002,161746,97834,90193,70684,20789,49895,3209,895,2314,16300,6242,10058,7641,5833,4398,3710,2561,1149,108,53,55,580,347,233,1435,58079,16966,12684,13313,7312,7804
2021,Barnet,E09000003,309355,192234,180563,134283,35308,98975,7789,1972,5817,38491,18463,20028,11671,7527,5613,4642,3317,1325,112,63,49,859,558,301,1914,109594,46200,21618,18968,10042,12766
2021,Bexley,E09000004,195827,121176,114897,95509,23041,72468,2977,668,2309,16411,6530,9881,6279,4170,3086,2700,2093,607,45,26,19,341,223,118,1084,70481,39111,9998,9472,5943,5957
2021,Brent,E09000005,275142,167044,154555,117912,30428,87484,5924,1659,4265,30719,12958,17761,12489,8938,6443,5254,3751,1503,130,77,53,1059,648,411,2495,99160,33300,22026,19444,10308,14082
2021,Bromley,E09000006,265088,167027,159051,128355,28934,99421,4811,1150,3661,25885,11608,14277,7976,4063,3071,2689,2094,595,30,20,10,352,261,91,992,93998,55371,12008,12270,7260,7089
2021,Camden,E09000007,177908,105519,98432,75965,13644,62321,3522,842,2680,18945,9337,9608,7087,6005,4079,3223,2460,763,60,45,15,796,677,119,1926,66384,19146,22035,9675,8120,7408
2021,Croydon,E09000008,310396,196811,183994,148697,36691,112006,5373,1483,3890,29924,13352,16572,12817,7325,5411,4816,3626,1190,85,49,36,510,366,144,1914,106260,48038,18293,16421,11112,12396
2021,Ealing,E09000009,295371,182589,169610,133519,31382,102137,5627,1636,3991,30464,13971,16493,12979,7702,5416,4663,3463,1200,97,51,46,656,491,165,2286,105080,37988,21886,21356,10280,13570
2021,Enfield,E09000010,257182,149864,139349,108541,33680,74861,5556,1738,3818,25252,12106,13146,10515,6151,4515,3815,2849,966,123,56,67,577,390,187,1636,101167,40133,18199,18628,10930,13277
2021,Greenwich,E09000011,229749,148221,137841,112911,24263,88648,3698,893,2805,21232,9156,12076,10380,6981,5094,4367,3054,1313,98,47,51,629,425,204,1887,74547,27139,14990,12701,9582,10135
2021,Hackney,E09000012,209466,140573,130628,103724,25226,78498,3502,1037,2465,23402,10480,12922,9945,5194,3680,3032,2219,813,45,33,12,603,479,124,1514,63699,16378,16079,11029,10428,9785
2021,Hammersmith and Fulham,E09000013,154632,101615,95022,76548,12467,64081,2840,647,2193,15634,7369,8265,6593,4157,3076,2485,1635,850,54,36,18,537,454,83,1081,48860,15466,13190,7893,5783,6528
2021,Haringey,E09000014,216000,140381,129885,97864,25924,71940,4010,1184,2826,28011,13279,14732,10496,5947,4496,3670,2521,1149,75,36,39,751,522,229,1451,69672,23057,14742,11751,9487,10635
2021,Harrow,E09000015,209623,128235,120858,90532,22624,67908,5474,1310,4164,24852,9805,15047,7377,5307,4181,3334,2351,983,107,50,57,740,399,341,1126,76081,34632,14225,13544,5885,7795
2021,Havering,E09000016,209730,128521,121834,98594,24730,73864,3782,901,2881,19458,7595,11863,6687,3911,2947,2529,1771,758,67,25,42,351,188,163,964,77298,43979,9680,10786,6467,6386
2021,Hillingdon,E09000017,241879,147804,138302,113255,27435,85820,4479,1241,3238,20568,8442,12126,9502,6634,4504,3955,3037,918,72,45,27,477,317,160,2130,87441,37565,17415,15604,7110,9747
2021,Hounslow,E09000018,228675,144652,134463,107745,26063,81682,4590,1295,3295,22128,9800,12328,10189,5952,4331,3801,2813,988,82,52,30,448,292,156,1621,78071,29510,14360,16377,7425,10399
2021,Islington,E09000019,183627,119433,111157,90466,15301,75165,2780,638,2142,17911,8121,9790,8276,5481,3814,3118,2259,859,57,42,15,639,535,104,1667,58713,16858,15859,8586,9703,7707
2021,Kensington and Chelsea,E09000020,123089,72707,67804,50057,8811,41246,3393,800,2593,14354,6896,7458,4903,2365,1636,1272,822,450,34,21,13,330,255,75,729,48017,16078,12680,8499,4781,5979
2021,Kingston upon Thames,E09000021,135467,85425,81338,65124,14239,50885,2498,635,1863,13716,6487,7229,4087,3960,2810,2484,2028,456,43,26,17,283,220,63,1150,46082,21813,10088,6911,3429,3841
2021,Lambeth,E09000022,268942,190033,177775,147475,25995,121480,3911,1018,2893,26389,12060,14329,12258,7108,5042,4351,3028,1323,59,37,22,632,485,147,2066,71801,22302,17750,10561,9970,11218
2021,Lewisham,E09000023,242417,162414,150523,121800,27601,94199,3670,1016,2654,25053,11669,13384,11891,7165,5193,4419,3316,1103,78,44,34,696,529,167,1972,72838,25422,15810,11527,9814,10265
2021,Merton,E09000024,172772,115210,109214,85927,18287,67640,3399,846,2553,19888,9051,10837,5996,3690,2851,2454,1838,616,53,33,20,344,241,103,839,53872,24084,9494,9999,4372,5923
2021,Newham,E09000025,276173,168499,154606,121323,33737,87586,5400,1631,3769,27883,11222,16661,13893,12240,8839,7395,5256,2139,214,112,102,1230,740,490,3401,95434,21237,24072,24928,10675,14522
2021,Redbridge,E09000026,242020,145554,136335,103788,28248,75540,6304,1812,4492,26243,11055,15188,9219,6912,5295,4333,3194,1139,138,63,75,824,471,353,1617,89554,34086,18312,19490,7454,10212
2021,Richmond upon Thames,E09000027,155835,100356,95726,73434,14360,59074,3405,708,2697,18887,9362,9525,4630,2465,1840,1541,1212,329,23,14,9,276,216,60,625,53014,28245,9284,7912,3492,4081
2021,Southwark,E09000028,256139,172319,160599,133696,26084,107612,3723,956,2767,23180,10349,12831,11720,8899,6352,5410,3869,1541,101,64,37,841,648,193,2547,74921,21910,21545,10658,10004,10804
2021,Sutton,E09000029,165659,106863,101996,82828,19847,62981,2924,727,2197,16244,6913,9331,4867,2947,2230,1985,1550,435,27,14,13,218,154,64,717,55849,29291,8198,8447,5084,4829
2021,Tower Hamlets,E09000030,252879,160439,148548,126123,25549,100574,3111,1056,2055,19314,9098,10216,11891,10097,6842,5943,4430,1513,71,57,14,828,644,184,3255,82343,14714,24195,21324,10159,11951
2021,Waltham Forest,E09000031,222184,145653,135670,104023,25292,78731,4456,1201,3255,27191,11137,16054,9983,6182,4704,3679,2522,1157,160,77,83,865,517,348,1478,70349,25673,13724,13640,7844,9468
2021,Wandsworth,E09000032,273559,195501,186222,153693,21650,132043,4936,1069,3867,27593,12884,14709,9279,5927,4219,3534,2505,1029,58,40,18,627,499,128,1708,72131,26906,16228,12560,7360,9077
2021,Westminster,E09000033,177470,105737,98692,77622,13372,64250,4082,972,3110,16988,8097,8891,7045,4551,3053,2467,1741,726,67,44,23,519,412,107,1498,67182,19329,19662,11196,8482,8513
2021,Isle of Anglesey,W06000001,57148,30023,28540,23005,6768,16237,1039,221,818,4496,1726,2770,1483,842,663,623,516,107,8,2,6,32,25,7,179,26283,17457,2279,2344,2714,1489
2021,Gwynedd,W06000002,97968,52292,49852,38931,11791,27140,1967,391,1576,8954,3226,5728,2440,2681,1965,1825,1515,310,17,11,6,123,87,36,716,42995,25358,7449,3431,4112,2645
2021,Conwy,W06000003,96360,50107,47561,38361,11868,26493,1761,426,1335,7439,2846,4593,2546,1480,1158,1097,869,228,6,0,6,55,39,16,322,44773,29697,3623,3678,5201,2574
2021,Denbighshire,W06000004,78908,41792,39880,32942,9630,23312,1281,242,1039,5657,2111,3546,1912,1244,966,910,748,162,8,3,5,48,24,24,278,35872,22395,3193,3301,4908,2075
2021,Flintshire,W06000005,127578,75111,72141,62742,15188,47554,1695,334,1361,7704,2957,4747,2970,2242,1679,1603,1288,315,9,4,5,67,47,20,563,50225,32708,4549,4584,5511,2873
2021,Wrexham,W06000006,110274,62725,60072,52144,13239,38905,1523,300,1223,6405,2374,4031,2653,2324,1733,1634,1285,349,14,9,5,85,61,24,591,45225,26254,4857,4464,5642,4008
2021,Ceredigion,W06000008,61392,29845,28718,20692,6529,14163,1283,222,1061,6743,2502,4241,1127,2119,1401,1286,1109,177,8,4,4,107,89,18,718,29428,16997,6150,2119,2730,1432
2021,Pembrokeshire,W06000009,102551,54182,51697,39755,13058,26697,2196,481,1715,9746,3868,5878,2485,1352,1068,996,816,180,10,6,4,62,42,20,284,47017,30306,3544,4755,5632,2780
2021,Carmarthenshire,W06000010,155487,83262,79927,64829,18146,46683,2519,469,2050,12579,4506,8073,3335,2612,2025,1918,1589,329,15,7,8,92,60,32,587,69613,43170,6422,6296,9710,4015
2021,Swansea,W06000011,197857,100892,96019,83405,23799,59606,2559,605,1954,10055,4234,5821,4873,6483,4594,4333,3677,656,23,12,11,238,188,50,1889,90482,47263,16636,8283,12529,5771
2021,Neath Port Talbot,W06000012,117182,60380,57679,51142,13667,37475,1232,270,962,5305,1923,3382,2701,2061,1512,1436,1199,237,11,8,3,65,48,17,549,54741,29419,6317,5583,9671,3751
2021,Bridgend,W06000013,119482,65649,62636,54787,14000,40787,1512,301,1211,6337,2440,3897,3013,1830,1348,1290,1066,224,11,5,6,47,30,17,482,52003,29482,4755,5313,8077,4376
2021,Vale of Glamorgan,W06000014,107457,61271,58633,49275,13528,35747,1901,381,1520,7457,3291,4166,2638,1688,1282,1216,990,226,4,0,4,62,48,14,406,44498,28073,4667,4104,5029,2625
2021,Cardiff,W06000015,296314,159756,151501,130031,33004,97027,3588,814,2774,17882,7981,9901,8255,12978,8939,8157,6924,1233,70,46,24,712,610,102,4039,123580,49949,35981,13684,14833,9133
2021,Rhondda Cynon Taff,W06000016,193843,105703,100541,87154,22638,64516,2458,462,1996,10929,3370,7559,5162,3903,2848,2720,2285,435,20,8,12,108,73,35,1055,84237,44994,9774,8894,14687,5888
2021,Caerphilly,W06000018,143484,79503,75799,66944,16451,50493,1631,330,1301,7224,2530,4694,3704,2326,1640,1568,1289,279,10,5,5,62,47,15,686,61655,33893,5848,6900,10856,4158
2021,Blaenau Gwent,W06000019,55141,29768,28166,25171,6172,18999,588,122,466,2407,821,1586,1602,883,630,606,457,149,4,1,3,20,12,8,253,24490,12808,1975,2937,5026,1744
2021,Torfaen,W06000020,75112,41766,39763,35275,8918,26357,775,143,632,3713,1308,2405,2003,1175,891,861,693,168,6,0,6,24,19,5,284,32171,18673,2811,3455,5109,2123
2021,Monmouthshire,W06000021,78238,43539,42025,33718,9140,24578,1463,321,1142,6844,2917,3927,1514,1019,804,745,620,125,8,6,2,51,40,11,215,33680,22877,2826,2767,3058,2152
2021,Newport,W06000022,127420,74662,70863,62494,15978,46516,1528,377,1151,6841,2750,4091,3799,2635,1924,1846,1487,359,9,6,3,69,51,18,711,50123,26175,5732,6443,7411,4362
2021,Powys,W06000023,112536,62806,60699,43856,13628,30228,2614,497,2117,14229,4950,9279,2107,1246,1027,946,776,170,5,5,0,76,52,24,219,48484,33173,3819,4004,4770,2718
2021,Merthyr Tydfil,W06000024,47676,26347,25035,22007,5761,16246,623,127,496,2405,702,1703,1312,836,599,584,441,143,0,0,0,15,11,4,237,20493,10539,1973,2263,4107,1611
