"date","geography","geography code","Marital and civil partnership status: Total; measures: Value","Marital and civil partnership status: Never married and never registered a civil partnership; measures: Value","Marital and civil partnership status: Married or in a registered civil partnership; measures: Value","Marital and civil partnership status: Married or in a registered civil partnership: Married; measures: Value","Marital and civil partnership status: Married or in a registered civil partnership: Married: Opposite sex; measures: Value","Marital and civil partnership status: Married or in a registered civil partnership: Married: Same sex; measures: Value","Marital and civil partnership status: Married or in a registered civil partnership: In a registered civil partnership; measures: Value","Marital and civil partnership status: Married or in a registered civil partnership: In a registered civil partnership: Opposite sex; measures: Value","Marital and civil partnership status: Married or in a registered civil partnership: In a registered civil partnership: Same sex; measures: Value","Marital and civil partnership status: Separated, but still legally married or still legally in a civil partnership; measures: Value","Marital and civil partnership status: Separated, but still legally married or still legally in a civil partnership: Separated, but still married; measures: Value","Marital and civil partnership status: Separated, but still legally married or still legally in a civil partnership: Separated, but still in a registered civil partnership; measures: Value","Marital and civil partnership status: Divorced or civil partnership dissolved; measures: Value","Marital and civil partnership status: Divorced or civil partnership dissolved: Divorced; measures: Value","Marital and civil partnership status: Divorced or civil partnership dissolved: Formerly in a civil partnership now legally dissolved; measures: Value","Marital and civil partnership status: Widowed or surviving civil partnership partner; measures: Value","Marital and civil partnership status: Widowed or surviving civil partnership partner: Widowed; measures: Value","Marital and civil partnership status: Widowed or surviving civil partnership partner: Surviving partner from civil partnership; measures: Value"
"2021","Hartlepool","E06000001",74684,28651,31559,31457,31270,187,102,36,66,1902,1892,10,7167,7148,19,5405,5398,7
"2021","Middlesbrough","E06000002",113938,49116,44937,44746,44501,245,191,82,109,2891,2869,22,9683,9660,23,7311,7302,9
"2021","Redcar and Cleveland","E06000003",112345,39827,49428,49240,49026,214,188,70,118,2688,2668,20,11593,11561,32,8809,8804,5
"2021","Stockton-on-Tees","E06000004",158010,56727,71993,71774,71397,377,219,74,145,3975,3951,24,14968,14942,26,10347,10341,6
"2021","Darlington","E06000005",88105,31247,38963,38842,38603,239,121,30,91,2409,2400,9,9473,9447,26,6013,6002,11
"2021","County Durham","E06000047",433959,160142,188422,187773,186775,998,649,209,440,10909,10846,63,43446,43357,89,31040,31002,38
"2021","Northumberland","E06000057",268848,82048,132592,132129,131483,646,463,144,319,6837,6799,38,26691,26642,49,20680,20668,12
"2021","Newcastle upon Tyne","E08000021",248450,124259,87697,87185,86547,638,512,226,286,5530,5488,42,18353,18299,54,12611,12588,23
"2021","North Tyneside","E08000022",171509,61425,76283,75951,75387,564,332,116,216,4341,4318,23,17434,17390,44,12026,12018,8
"2021","South Tyneside","E08000023",121293,46075,50398,50210,49940,270,188,77,111,3320,3301,19,12538,12511,27,8962,8951,11
"2021","Sunderland","E08000024",226068,87451,96402,96101,95634,467,301,138,163,5591,5555,36,20404,20366,38,16220,16214,6
"2021","Gateshead","E08000037",161749,62821,68406,68109,67651,458,297,112,185,3969,3944,25,15223,15180,43,11330,11322,8
"2021","Halton","E06000006",103946,40858,43841,43676,43442,234,165,64,101,2524,2503,21,9962,9947,15,6761,6754,7
"2021","Warrington","E06000007",172717,60347,80986,80774,80349,425,212,78,134,3484,3462,22,16556,16528,28,11344,11338,6
"2021","Blackburn with Darwen","E06000008",119510,45141,54257,54110,53827,283,147,62,85,2953,2939,14,10201,10184,17,6958,6950,8
"2021","Blackpool","E06000009",116343,47573,41939,41586,40910,676,353,72,281,3436,3387,49,14583,14525,58,8812,8782,30
"2021","Cheshire East","E06000049",329473,104002,163794,163192,162437,755,602,196,406,6679,6638,41,32336,32272,64,22662,22647,15
"2021","Cheshire West and Chester","E06000050",295356,103051,138413,137917,137144,773,496,148,348,5811,5778,33,28090,28031,59,19991,19968,23
"2021","Allerdale","E07000026",80513,25885,38967,38852,38683,169,115,34,81,1506,1503,3,7801,7785,16,6354,6345,9
"2021","Barrow-in-Furness","E07000027",55834,20455,24204,24127,24033,94,77,16,61,1171,1164,7,5836,5819,17,4168,4165,3
"2021","Carlisle","E07000028",91343,32263,41441,41276,41072,204,165,62,103,2116,2101,15,9073,9060,13,6450,6440,10
"2021","Copeland","E07000029",56008,18637,26646,26567,26444,123,79,22,57,1103,1097,6,5349,5338,11,4273,4270,3
"2021","Eden","E07000030",46637,13829,24495,24386,24314,72,109,33,76,779,771,8,4102,4095,7,3432,3429,3
"2021","South Lakeland","E07000031",89698,26498,45998,45803,45561,242,195,74,121,1516,1507,9,8545,8526,19,7141,7127,14
"2021","Burnley","E07000117",75200,28778,31625,31530,31371,159,95,52,43,2065,2051,14,7700,7688,12,5032,5025,7
"2021","Chorley","E07000118",96368,32189,46106,45988,45750,238,118,42,76,2103,2092,11,9984,9948,36,5986,5978,8
"2021","Fylde","E07000119",69247,20266,33819,33640,33428,212,179,35,144,1461,1446,15,7840,7831,9,5861,5849,12
"2021","Hyndburn","E07000120",65632,24967,27770,27671,27548,123,99,24,75,1920,1915,5,6618,6610,8,4357,4353,4
"2021","Lancaster","E07000121",119639,48309,49550,49257,48940,317,293,92,201,2546,2534,12,11410,11385,25,7824,7814,10
"2021","Pendle","E07000122",75225,25401,35767,35673,35457,216,94,40,54,1924,1918,6,7264,7253,11,4869,4861,8
"2021","Preston","E07000123",118669,51006,48694,48576,48328,248,118,42,76,2520,2502,18,9852,9830,22,6597,6584,13
"2021","Ribble Valley","E07000124",51461,14854,27019,26957,26865,92,62,25,37,956,953,3,4865,4856,9,3767,3762,5
"2021","Rossendale","E07000125",57301,20589,25501,25418,25207,211,83,34,49,1469,1458,11,6006,5985,21,3736,3729,7
"2021","South Ribble","E07000126",91497,29899,44038,43911,43662,249,127,56,71,1845,1832,13,9224,9210,14,6491,6482,9
"2021","West Lancashire","E07000127",98334,36581,44439,44316,44139,177,123,38,85,1779,1773,6,8715,8703,12,6820,6813,7
"2021","Wyre","E07000128",94348,28162,45582,45405,45104,301,177,33,144,1932,1912,20,10275,10254,21,8397,8383,14
"2021","Bolton","E08000001",232291,85007,105867,105505,105018,487,362,158,204,5468,5433,35,21133,21103,30,14816,14801,15
"2021","Bury","E08000002",154872,56721,70222,69941,69514,427,281,123,158,3562,3539,23,14388,14353,35,9979,9970,9
"2021","Manchester","E08000003",437957,244564,137088,135938,134260,1678,1150,328,822,10543,10446,97,29091,28950,141,16671,16626,45
"2021","Oldham","E08000004",187035,70948,83696,83452,83053,399,244,109,135,4917,4898,19,15632,15614,18,11842,11834,8
"2021","Rochdale","E08000005",174949,67394,75520,75290,74914,376,230,92,138,4888,4858,30,16232,16194,38,10915,10905,10
"2021","Salford","E08000006",216923,109675,74068,73660,72820,840,408,139,269,4982,4920,62,17342,17273,69,10856,10837,19
"2021","Stockport","E08000007",238927,86063,110836,110449,109756,693,387,125,262,4749,4731,18,20992,20933,59,16287,16265,22
"2021","Tameside","E08000008",185135,74127,75624,75377,74763,614,247,78,169,4897,4819,78,18029,17973,56,12458,12438,20
"2021","Trafford","E08000009",186149,65917,89755,89438,88872,566,317,98,219,3619,3593,26,15375,15322,53,11483,11463,20
"2021","Wigan","E08000010",268693,100070,117719,117333,116708,625,386,167,219,6153,6106,47,26348,26294,54,18403,18383,20
"2021","Knowsley","E08000011",124299,56650,46204,46044,45757,287,160,58,102,3161,3149,12,10132,10113,19,8152,8142,10
"2021","Liverpool","E08000012",403027,215209,126987,126358,125326,1032,629,226,403,8957,8894,63,29854,29787,67,22020,21990,30
"2021","St. Helens","E08000013",150575,56456,65186,64964,64513,451,222,106,116,3651,3634,17,14357,14322,35,10925,10917,8
"2021","Sefton","E08000014",232390,86727,99885,99541,99033,508,344,96,248,4923,4907,16,22505,22453,52,18350,18334,16
"2021","Wirral","E08000015",262113,97809,111552,111111,110492,619,441,128,313,6358,6331,27,26822,26777,45,19572,19559,13
"2021","Kingston upon Hull, City of","E06000010",213876,98052,76226,75715,75120,595,511,215,296,5848,5811,37,21505,21464,41,12245,12228,17
"2021","East Riding of Yorkshire","E06000011",288138,83043,147515,147016,146371,645,499,182,317,5931,5896,35,28878,28829,49,22771,22751,20
"2021","North East Lincolnshire","E06000012",127521,46129,54606,54384,54098,286,222,86,136,3326,3296,30,14339,14315,24,9121,9114,7
"2021","North Lincolnshire","E06000013",139464,45316,65967,65723,65364,359,244,99,145,3120,3096,24,14811,14795,16,10250,10242,8
"2021","York","E06000014",172084,73584,71101,70717,70181,536,384,126,258,2858,2827,31,14455,14418,37,10086,10076,10
"2021","Craven","E07000163",48282,13466,25156,25024,24887,137,132,47,85,995,993,2,4985,4973,12,3680,3679,1
"2021","Hambleton","E07000164",76984,20682,41597,41478,41321,157,119,32,87,1521,1512,9,7316,7307,9,5868,5865,3
"2021","Harrogate","E07000165",135307,40365,69391,69115,68796,319,276,74,202,2653,2645,8,13519,13502,17,9379,9365,14
"2021","Richmondshire","E07000166",41743,12225,21795,21697,21604,93,98,26,72,1014,1003,11,3927,3923,4,2782,2774,8
"2021","Ryedale","E07000167",46327,13075,24210,24131,24011,120,79,28,51,944,943,1,4548,4540,8,3550,3542,8
"2021","Scarborough","E07000168",92109,29127,42493,42282,42046,236,211,54,157,2259,2247,12,10665,10645,20,7565,7555,10
"2021","Selby","E07000169",75432,22845,39060,38944,38775,169,116,34,82,1597,1591,6,7275,7260,15,4655,4655,0
"2021","Barnsley","E08000016",199789,73099,87177,86856,86342,514,321,126,195,4799,4770,29,21183,21131,52,13531,13521,10
"2021","Doncaster","E08000017",250926,91135,109345,108878,108233,645,467,220,247,6405,6355,50,26714,26659,55,17327,17302,25
"2021","Rotherham","E08000018",215574,77645,97554,97229,96681,548,325,124,201,4789,4759,30,20615,20574,41,14971,14959,12
"2021","Sheffield","E08000019",456251,201755,182986,182067,180945,1122,919,338,581,9211,9146,65,35767,35684,83,26532,26501,31
"2021","Bradford","E08000032",421574,155653,193199,192532,191513,1019,667,268,399,11361,11305,56,36394,36334,60,24967,24938,29
"2021","Calderdale","E08000033",166634,60324,73651,73213,72647,566,438,102,336,4254,4216,38,17611,17525,86,10794,10777,17
"2021","Kirklees","E08000034",346274,125290,159426,158886,158078,808,540,189,351,8027,7955,72,32022,31948,74,21509,21482,27
"2021","Leeds","E08000035",658468,293570,260733,259556,257735,1821,1177,419,758,14474,14380,94,53595,53480,115,36096,36050,46
"2021","Wakefield","E08000036",287537,103484,127965,127435,126637,798,530,182,348,6966,6917,49,30105,30031,74,19017,18995,22
"2021","Derby","E06000015",209194,83649,89443,89017,88487,530,426,182,244,4771,4718,53,18630,18561,69,12701,12691,10
"2021","Leicester","E06000016",291012,125393,126202,125597,124906,691,605,382,223,5759,5731,28,18946,18906,40,14712,14696,16
"2021","Rutland","E06000017",34300,10140,17891,17826,17734,92,65,22,43,746,744,2,3157,3143,14,2366,2361,5
"2021","Nottingham","E06000018",264321,145860,81438,80887,80229,658,551,196,355,5651,5614,37,19615,19558,57,11757,11737,20
"2021","North Northamptonshire","E06000061",289186,100639,133554,133102,132402,700,452,152,300,7747,7697,50,29664,29591,73,17582,17569,13
"2021","West Northamptonshire","E06000062",343506,122183,161727,161244,160337,907,483,176,307,8107,8068,39,32483,32434,49,19006,18989,17
"2021","Amber Valley","E07000032",105063,34226,50083,49885,49588,297,198,74,124,2371,2355,16,10992,10972,20,7391,7386,5
"2021","Bolsover","E07000033",66277,23019,30033,29900,29707,193,133,46,87,1585,1575,10,6973,6955,18,4667,4665,2
"2021","Chesterfield","E07000034",86002,30720,37422,37281,37070,211,141,40,101,2017,2004,13,9653,9636,17,6190,6183,7
"2021","Derbyshire Dales","E07000035",61060,16781,32422,32243,32117,126,179,50,129,1206,1197,9,5901,5893,8,4750,4741,9
"2021","Erewash","E07000036",93525,33152,42075,41928,41697,231,147,44,103,2097,2085,12,9833,9816,17,6368,6364,4
"2021","High Peak","E07000037",75660,25386,35435,35266,35064,202,169,50,119,1728,1709,19,8005,7977,28,5106,5099,7
"2021","North East Derbyshire","E07000038",85273,26008,42136,41993,41802,191,143,49,94,1832,1821,11,8767,8746,21,6530,6525,5
"2021","South Derbyshire","E07000039",86956,28546,42774,42648,42393,255,126,36,90,2022,2007,15,8377,8356,21,5237,5232,5
"2021","Blaby","E07000129",83666,27296,41743,41581,41373,208,162,52,110,1680,1672,8,7440,7421,19,5507,5498,9
"2021","Charnwood","E07000130",153104,59880,68613,68333,68004,329,280,80,200,3005,2991,14,12650,12628,22,8956,8949,7
"2021","Harborough","E07000131",80428,23779,42622,42465,42271,194,157,56,101,1555,1544,11,7334,7323,11,5138,5131,7
"2021","Hinckley and Bosworth","E07000132",93918,29533,46636,46496,46279,217,140,40,100,2040,2024,16,9514,9480,34,6195,6190,5
"2021","Melton","E07000133",42944,12767,21975,21906,21818,88,69,34,35,927,920,7,4285,4280,5,2990,2989,1
"2021","North West Leicestershire","E07000134",86168,28861,41450,41304,41066,238,146,60,86,1926,1912,14,8598,8582,16,5333,5328,5
"2021","Oadby and Wigston","E07000135",47210,15680,23404,23356,23267,89,48,24,24,935,933,2,3656,3652,4,3535,3535,0
"2021","Boston","E07000136",57585,19758,25731,25584,25449,135,147,70,77,1369,1360,9,6574,6561,13,4153,4147,6
"2021","East Lindsey","E07000137",121417,33686,61172,60891,60592,299,281,96,185,2741,2724,17,13000,12971,29,10818,10811,7
"2021","Lincoln","E07000138",87064,44527,27983,27830,27601,229,153,72,81,1881,1869,12,8326,8305,21,4347,4338,9
"2021","North Kesteven","E07000139",98012,27610,51549,51377,51110,267,172,60,112,2194,2182,12,9785,9767,18,6874,6865,9
"2021","South Holland","E07000140",79000,23857,38854,38707,38558,149,147,58,89,1724,1716,8,8358,8345,13,6207,6203,4
"2021","South Kesteven","E07000141",118009,34814,59457,59284,59038,246,173,64,109,2707,2675,32,12742,12697,45,8289,8283,6
"2021","West Lindsey","E07000142",79116,22778,40115,39978,39797,181,137,29,108,1889,1869,20,8377,8357,20,5957,5952,5
"2021","Ashfield","E07000170",102846,36964,45621,45464,45190,274,157,40,117,2470,2454,16,10654,10628,26,7137,7124,13
"2021","Bassetlaw","E07000171",97366,31485,46233,46088,45834,254,145,44,101,2223,2213,10,10354,10340,14,7071,7066,5
"2021","Broxtowe","E07000172",92541,32970,43190,43025,42826,199,165,70,95,1833,1822,11,8269,8250,19,6279,6269,10
"2021","Gedling","E07000173",96454,33930,44794,44593,44292,301,201,57,144,2010,1999,11,9218,9193,25,6502,6497,5
"2021","Mansfield","E07000174",90170,31949,40185,40048,39834,214,137,62,75,2147,2130,17,9658,9640,18,6231,6225,6
"2021","Newark and Sherwood","E07000175",101967,33206,48666,48465,48237,228,201,66,135,2311,2298,13,10562,10534,28,7222,7214,8
"2021","Rushcliffe","E07000176",97724,31019,50304,50109,49859,250,195,70,125,1773,1762,11,8268,8249,19,6360,6355,5
"2021","Herefordshire, County of","E06000019",157133,47760,78427,78034,77665,369,393,140,253,3273,3255,18,16074,16057,17,11599,11578,21
"2021","Telford and Wrekin","E06000020",148671,54200,66616,66398,66005,393,218,88,130,3649,3632,17,15371,15322,49,8835,8821,14
"2021","Stoke-on-Trent","E06000021",205900,82293,84675,84329,83863,466,346,120,226,5560,5530,30,19859,19812,47,13513,13494,19
"2021","Shropshire","E06000051",272246,85075,134614,133995,133340,655,619,198,421,5533,5491,42,27056,27006,50,19968,19941,27
"2021","Cannock Chase","E07000192",82476,29105,37590,37462,37269,193,128,39,89,1907,1895,12,8330,8316,14,5544,5541,3
"2021","East Staffordshire","E07000193",100508,34620,47601,47416,47187,229,185,74,111,2299,2283,16,9451,9430,21,6537,6534,3
"2021","Lichfield","E07000194",88596,27113,45374,45271,45055,216,103,38,65,1692,1683,9,7996,7982,14,6421,6412,9
"2021","Newcastle-under-Lyme","E07000195",103183,37683,46248,46112,45901,211,136,48,88,2202,2185,17,9688,9662,26,7362,7356,6
"2021","South Staffordshire","E07000196",93371,28256,47993,47863,47662,201,130,42,88,1748,1737,11,8192,8179,13,7182,7179,3
"2021","Stafford","E07000197",113615,35277,56553,56397,56082,315,156,49,107,2485,2467,18,11530,11501,29,7770,7764,6
"2021","Staffordshire Moorlands","E07000198",80855,23779,41509,41393,41235,158,116,34,82,1568,1562,6,7537,7526,11,6462,6454,8
"2021","Tamworth","E07000199",63787,22653,29301,29206,29079,127,95,40,55,1462,1452,10,6421,6403,18,3950,3949,1
"2021","North Warwickshire","E07000218",53897,18072,25588,25497,25363,134,91,22,69,1191,1188,3,5288,5275,13,3758,3753,5
"2021","Nuneaton and Bedworth","E07000219",108588,38196,50075,49904,49646,258,171,69,102,2661,2645,16,10365,10343,22,7291,7286,5
"2021","Rugby","E07000220",92187,31271,44775,44627,44438,189,148,66,82,1965,1962,3,8589,8564,25,5587,5581,6
"2021","Stratford-on-Avon","E07000221",112638,32017,59131,58926,58696,230,205,76,129,2304,2294,10,11060,11041,19,8126,8115,11
"2021","Warwick","E07000222",123254,46769,56764,56521,56233,288,243,111,132,2161,2148,13,10428,10410,18,7132,7120,12
"2021","Bromsgrove","E07000234",81101,24298,42012,41901,41734,167,111,46,65,1603,1598,5,7292,7275,17,5896,5892,4
"2021","Malvern Hills","E07000235",67119,19170,34769,34612,34435,177,157,50,107,1318,1310,8,6573,6563,10,5289,5283,6
"2021","Redditch","E07000236",70254,24964,32385,32230,32088,142,155,62,93,1641,1635,6,7186,7172,14,4078,4070,8
"2021","Worcester","E07000237",85610,34237,36085,35959,35723,236,126,56,70,1775,1762,13,8585,8568,17,4928,4922,6
"2021","Wychavon","E07000238",110717,32287,57466,57246,56975,271,220,80,140,2145,2131,14,10984,10968,16,7835,7831,4
"2021","Wyre Forest","E07000239",84566,27468,39273,39127,38934,193,146,62,84,1995,1989,6,9318,9299,19,6512,6496,16
"2021","Birmingham","E08000025",889623,399065,355416,353826,351792,2034,1590,642,948,23307,23190,117,64517,64383,134,47318,47266,52
"2021","Coventry","E08000026",276873,121739,111312,110790,110216,574,522,308,214,6282,6244,38,22364,22326,38,15176,15167,9
"2021","Dudley","E08000027",262488,94228,120142,119758,119134,624,384,157,227,6111,6081,30,23277,23229,48,18730,18721,9
"2021","Sandwell","E08000028",266024,104858,115901,115565,115024,541,336,160,176,7117,7095,22,21115,21074,41,17033,17019,14
"2021","Solihull","E08000029",174498,58041,86424,86197,85855,342,227,108,119,3394,3371,23,14206,14178,28,12433,12432,1
"2021","Walsall","E08000030",223098,83660,99974,99586,99139,447,388,198,190,5333,5276,57,18479,18441,38,15652,15643,9
"2021","Wolverhampton","E08000031",208442,83054,88978,88682,88184,498,296,120,176,5027,5000,27,17478,17446,32,13905,13894,11
"2021","Peterborough","E06000031",167572,63566,73385,73089,72748,341,296,152,144,4510,4486,24,17136,17107,29,8975,8962,13
"2021","Luton","E06000032",172698,67220,79417,79216,78924,292,201,100,101,4365,4343,22,12950,12933,17,8746,8734,12
"2021","Southend-on-Sea","E06000033",146410,56339,60999,60714,60324,390,285,108,177,3774,3752,22,15977,15934,43,9321,9310,11
"2021","Thurrock","E06000034",136364,52674,61406,61195,60984,211,211,134,77,3423,3405,18,11782,11766,16,7079,7069,10
"2021","Bedford","E06000055",148119,53144,68762,68533,68149,384,229,94,135,3602,3575,27,13946,13918,28,8665,8654,11
"2021","Central Bedfordshire","E06000056",236759,78809,117265,116915,116281,634,350,154,196,5293,5268,25,22110,22057,53,13282,13272,10
"2021","Cambridge","E07000008",124769,70436,41034,40654,40283,371,380,166,214,1701,1690,11,7514,7484,30,4084,4074,10
"2021","East Cambridgeshire","E07000009",71428,21598,37042,36908,36698,210,134,50,84,1509,1500,9,6757,6746,11,4522,4518,4
"2021","Fenland","E07000010",84829,28268,38508,38353,38185,168,155,59,96,2091,2071,20,9368,9349,19,6594,6582,12
"2021","Huntingdonshire","E07000011",148261,46798,74133,73913,73533,380,220,62,158,3371,3353,18,14800,14773,27,9159,9150,9
"2021","South Cambridgeshire","E07000012",130360,39333,70248,69936,69621,315,312,93,219,2567,2556,11,10818,10793,25,7394,7383,11
"2021","Basildon","E07000066",148663,54604,67086,66927,66673,254,159,64,95,3715,3696,19,14229,14198,31,9029,9018,11
"2021","Braintree","E07000067",126573,41635,61504,61290,61004,286,214,60,154,2569,2552,17,12902,12881,21,7963,7951,12
"2021","Brentwood","E07000068",62867,21281,30719,30647,30527,120,72,22,50,1310,1299,11,5424,5410,14,4133,4129,4
"2021","Castle Point","E07000069",74412,23494,36578,36460,36352,108,118,52,66,1425,1421,4,6764,6757,7,6151,6148,3
"2021","Chelmsford","E07000070",147740,50196,72469,72281,71994,287,188,74,114,2815,2797,18,13416,13395,21,8844,8836,8
"2021","Colchester","E07000071",156339,58682,70055,69773,69380,393,282,95,187,3570,3548,22,15213,15172,41,8819,8806,13
"2021","Epping Forest","E07000072",109933,38594,52592,52407,52155,252,185,66,119,2166,2152,14,9564,9545,19,7017,7011,6
"2021","Harlow","E07000073",73106,28932,30680,30561,30387,174,119,59,60,1747,1739,8,7598,7590,8,4149,4148,1
"2021","Maldon","E07000074",55426,16108,28710,28630,28526,104,80,22,58,1087,1080,7,5522,5514,8,3999,3995,4
"2021","Rochford","E07000075",70710,21333,36432,36325,36214,111,107,34,73,1301,1293,8,6450,6449,1,5194,5193,1
"2021","Tendring","E07000076",124891,38443,57643,57426,57137,289,217,66,151,3036,3019,17,14262,14242,20,11507,11491,16
"2021","Uttlesford","E07000077",73522,21634,39144,38995,38858,137,149,54,95,1504,1495,9,6745,6730,15,4495,4493,2
"2021","Broxbourne","E07000095",79435,29514,36073,35941,35837,104,132,64,68,1769,1766,3,7123,7117,6,4956,4954,2
"2021","Dacorum","E07000096",123780,42834,59192,58962,58714,248,230,88,142,2851,2839,12,11698,11669,29,7205,7196,9
"2021","Hertsmere","E07000098",86192,29109,42938,42811,42658,153,127,50,77,1620,1616,4,7301,7290,11,5224,5220,4
"2021","North Hertfordshire","E07000099",107743,36521,52565,52368,52088,280,197,88,109,2278,2267,11,9579,9542,37,6800,6796,4
"2021","Three Rivers","E07000102",75003,24287,39014,38908,38778,130,106,46,60,1323,1316,7,5950,5935,15,4429,4427,2
"2021","Watford","E07000103",80964,30974,38360,38215,38023,192,145,85,60,1751,1744,7,6092,6074,18,3787,3782,5
"2021","Breckland","E07000143",117852,35848,58164,57872,57619,253,292,80,212,2657,2639,18,12638,12619,19,8545,8534,11
"2021","Broadland","E07000144",110506,31656,57174,56984,56695,289,190,58,132,2142,2133,9,11359,11331,28,8175,8165,10
"2021","Great Yarmouth","E07000145",82719,29360,35261,35040,34877,163,221,86,135,1955,1935,20,9943,9922,21,6200,6192,8
"2021","King's Lynn and West Norfolk","E07000146",128887,39336,62946,62657,62385,272,289,80,209,2763,2734,29,13578,13564,14,10264,10256,8
"2021","North Norfolk","E07000147",89145,24203,44738,44433,44172,261,305,36,269,1979,1970,9,10053,10039,14,8172,8157,15
"2021","Norwich","E07000148",120759,63316,36431,36104,35729,375,327,96,231,2915,2897,18,12404,12358,46,5693,5682,11
"2021","South Norfolk","E07000149",117219,34193,60650,60357,60030,327,293,68,225,2363,2346,17,12006,11983,23,8007,7985,22
"2021","Babergh","E07000200",77382,22168,40047,39872,39682,190,175,52,123,1663,1654,9,7834,7822,12,5670,5661,9
"2021","Ipswich","E07000202",111831,44999,46149,45931,45648,283,218,78,140,2847,2828,19,11598,11559,39,6238,6233,5
"2021","Mid Suffolk","E07000203",86305,24742,45378,45192,44985,207,186,54,132,1801,1783,18,8506,8490,16,5878,5872,6
"2021","St Albans","E07000240",116090,36850,61829,61605,61357,248,224,113,111,2124,2116,8,8765,8750,15,6522,6513,9
"2021","Welwyn Hatfield","E07000241",97483,39850,42541,42360,42167,193,181,76,105,2008,1990,18,7795,7783,12,5289,5283,6
"2021","East Hertfordshire","E07000242",121153,41042,60422,60234,59967,267,188,70,118,2257,2242,15,10549,10527,22,6883,6875,8
"2021","Stevenage","E07000243",71235,27238,31258,31154,30985,169,104,46,58,1803,1794,9,6949,6933,16,3987,3983,4
"2021","East Suffolk","E07000244",206720,61291,101587,101050,100588,462,537,142,395,4573,4546,27,22498,22448,50,16771,16747,24
"2021","West Suffolk","E07000245",148127,49197,70695,70448,70046,402,247,70,177,3563,3549,14,15263,15230,33,9409,9390,19
"2021","City of London","E09000001",8003,4594,2435,2322,2218,104,113,17,96,172,166,6,559,537,22,243,242,1
"2021","Barking and Dagenham","E09000002",161744,67654,69279,69040,68681,359,239,165,74,4667,4645,22,13053,13029,24,7091,7085,6
"2021","Barnet","E09000003",309353,118816,145997,145315,144666,649,682,275,407,6808,6770,38,22848,22794,54,14884,14859,25
"2021","Bexley","E09000004",195827,73043,90252,89994,89614,380,258,118,140,4603,4584,19,16020,15992,28,11909,11905,4
"2021","Brent","E09000005",275143,119655,119190,118652,117697,955,538,266,272,6630,6586,44,17786,17734,52,11882,11862,20
"2021","Bromley","E09000006",265087,96698,126582,125976,125080,896,606,178,428,5458,5425,33,21204,21148,56,15145,15131,14
"2021","Camden","E09000007",177909,99156,55698,54665,53662,1003,1033,300,733,3933,3879,54,13124,13010,114,5998,5959,39
"2021","Croydon","E09000008",310398,133181,129228,128456,127503,953,772,279,493,8242,8197,45,25175,25068,107,14572,14545,27
"2021","Ealing","E09000009",295368,123268,132282,131424,130524,900,858,362,496,6346,6302,44,20490,20434,56,12982,12948,34
"2021","Enfield","E09000010",257182,104650,110581,110074,109611,463,507,251,256,7466,7435,31,21407,21371,36,13078,13060,18
"2021","Greenwich","E09000011",229747,108113,87275,86596,85515,1081,679,248,431,6634,6571,63,18766,18665,101,8959,8933,26
"2021","Hackney","E09000012",209469,126197,56964,55941,54878,1063,1023,362,661,5980,5893,87,14425,14276,149,5903,5880,23
"2021","Hammersmith and Fulham","E09000013",154628,87382,47746,47050,46338,712,696,184,512,3369,3330,39,11359,11287,72,4772,4732,40
"2021","Haringey","E09000014",215998,111668,72881,71913,71047,866,968,356,612,6035,5962,73,17791,17685,106,7623,7584,39
"2021","Harrow","E09000015",209623,69622,112921,112690,112368,322,231,130,101,3783,3766,17,11853,11840,13,11444,11428,16
"2021","Havering","E09000016",209730,77340,98547,98296,97946,350,251,118,133,4018,3996,22,16411,16373,38,13414,13406,8
"2021","Hillingdon","E09000017",241878,89544,117789,117288,116846,442,501,323,178,4934,4903,31,17253,17229,24,12358,12347,11
"2021","Hounslow","E09000018",228679,87585,108538,107885,107233,652,653,272,381,5498,5443,55,16827,16761,66,10231,10208,23
"2021","Islington","E09000019",183630,113933,47390,46220,44957,1263,1170,372,798,4091,4016,75,12833,12696,137,5383,5346,37
"2021","Kensington and Chelsea","E09000020",123089,60608,43845,43180,42570,610,665,185,480,2879,2839,40,10942,10896,46,4815,4777,38
"2021","Kingston upon Thames","E09000021",135463,53331,63757,63364,62981,383,393,145,248,2471,2456,15,9775,9751,24,6129,6104,25
"2021","Lambeth","E09000022",268943,167186,68926,67349,65425,1924,1577,303,1274,6801,6631,170,18784,18524,260,7246,7198,48
"2021","Lewisham","E09000023",242410,129406,78816,77870,76712,1158,946,306,640,6626,6544,82,19288,19149,139,8274,8234,40
"2021","Merton","E09000024",172774,72293,77415,76867,76252,615,548,181,367,3466,3443,23,12303,12253,50,7297,7273,24
"2021","Newham","E09000025",276173,130076,112739,111992,111130,862,747,301,446,6791,6688,103,17233,17151,82,9334,9313,21
"2021","Redbridge","E09000026",242017,86920,123634,123196,122715,481,438,221,217,4943,4914,29,14846,14807,39,11674,11659,15
"2021","Richmond upon Thames","E09000027",155834,55958,77105,76477,75898,579,628,178,450,3005,2983,22,12518,12472,46,7248,7220,28
"2021","Southwark","E09000028",256140,153493,68989,67666,66028,1638,1323,356,967,7254,7135,119,18932,18661,271,7472,7434,38
"2021","Sutton","E09000029",165657,60286,80163,79825,79447,378,338,154,184,3496,3472,24,12902,12871,31,8810,8806,4
"2021","Tower Hamlets","E09000030",252885,147392,80955,79866,78414,1452,1089,308,781,5013,4930,83,12738,12561,177,6787,6757,30
"2021","Waltham Forest","E09000031",222181,104046,87974,87287,86231,1056,687,238,449,5332,5259,73,16422,16330,92,8407,8379,28
"2021","Wandsworth","E09000032",273558,152679,90241,88996,87722,1274,1245,319,926,4958,4881,77,17442,17310,132,8238,8197,41
"2021","Westminster","E09000033",177467,96552,57101,56242,55198,1044,859,176,683,4178,4035,143,13547,13454,93,6089,6025,64
"2021","Medway","E06000035",222759,84139,97875,97510,96857,653,365,180,185,5949,5909,40,21715,21679,36,13081,13073,8
"2021","Bracknell Forest","E06000036",99935,35336,48281,48112,47869,243,169,58,111,2031,2020,11,9407,9388,19,4880,4874,6
"2021","West Berkshire","E06000037",130733,41175,67400,67207,66924,283,193,68,125,2544,2532,12,11947,11921,26,7667,7662,5
"2021","Reading","E06000038",141358,64334,57692,57409,57040,369,283,137,146,2812,2788,24,10390,10363,27,6130,6119,11
"2021","Slough","E06000039",118932,41898,60159,60001,59800,201,158,82,76,2925,2904,21,8799,8790,9,5151,5142,9
"2021","Windsor and Maidenhead","E06000040",123676,39602,63559,63260,62918,342,299,106,193,2413,2402,11,10707,10682,25,7395,7390,5
"2021","Wokingham","E06000041",140821,42627,77503,77307,77016,291,196,74,122,2316,2307,9,10673,10654,19,7702,7692,10
"2021","Milton Keynes","E06000042",224829,83208,103965,103640,103051,589,325,119,206,5822,5779,43,20977,20932,45,10857,10850,7
"2021","Brighton and Hove","E06000043",235366,122750,77241,75357,72993,2364,1884,381,1503,4746,4628,118,20626,20379,247,10003,9905,98
"2021","Portsmouth","E06000044",170823,78904,61882,61540,60951,589,342,106,236,4127,4087,40,17160,17105,55,8750,8726,24
"2021","Southampton","E06000045",204368,97029,74519,74107,73590,517,412,169,243,4634,4598,36,18630,18578,52,9556,9535,21
"2021","Isle of Wight","E06000046",119588,37060,55436,55135,54782,353,301,113,188,2926,2914,12,14364,14349,15,9802,9780,22
"2021","Buckinghamshire","E06000060",443394,139468,231749,231091,230159,932,658,236,422,8605,8555,50,37243,37163,80,26329,26304,25
"2021","Eastbourne","E07000061",84576,30287,35193,34882,34512,370,311,56,255,2231,2206,25,10306,10259,47,6559,6533,26
"2021","Hastings","E07000062",74706,29609,28712,28379,27999,380,333,98,235,2200,2167,33,9484,9446,38,4701,4678,23
"2021","Lewes","E07000063",83222,26145,39775,39392,38863,529,383,76,307,1914,1883,31,8862,8806,56,6526,6510,16
"2021","Rother","E07000064",79488,22343,39235,38939,38651,288,296,70,226,1697,1684,13,8862,8831,31,7351,7334,17
"2021","Wealden","E07000065",133650,37039,70547,70223,69787,436,324,82,242,2663,2642,21,13553,13517,36,9848,9828,20
"2021","Basingstoke and Deane","E07000084",149806,49968,74842,74613,74227,386,229,66,163,3029,3001,28,13726,13688,38,8241,8233,8
"2021","East Hampshire","E07000085",103830,29231,55789,55584,55311,273,205,72,133,2092,2082,10,9777,9754,23,6941,6931,10
"2021","Eastleigh","E07000086",110334,35097,55204,55003,54696,307,201,76,125,2365,2350,15,10906,10887,19,6762,6755,7
"2021","Fareham","E07000087",95638,26485,50984,50796,50503,293,188,56,132,1709,1700,9,9459,9421,38,7001,6996,5
"2021","Gosport","E07000088",67211,22048,30391,30290,30054,236,101,38,63,1803,1795,8,8239,8217,22,4730,4727,3
"2021","Hart","E07000089",80329,23233,43926,43778,43590,188,148,54,94,1419,1408,11,6965,6943,22,4786,4785,1
"2021","Havant","E07000090",102869,32958,48530,48364,48115,249,166,60,106,2352,2336,16,11187,11159,28,7842,7836,6
"2021","New Forest","E07000091",148744,40043,77945,77662,77323,339,283,100,183,2937,2919,18,15422,15397,25,12397,12378,19
"2021","Rushmoor","E07000092",80871,28687,38902,38778,38554,224,124,42,82,1943,1935,8,7320,7298,22,4019,4017,2
"2021","Test Valley","E07000093",106751,31053,56298,56078,55845,233,220,76,144,2315,2293,22,10353,10335,18,6732,6723,9
"2021","Winchester","E07000094",104750,34811,52968,52784,52544,240,184,66,118,1890,1873,17,8641,8623,18,6440,6430,10
"2021","Ashford","E07000105",106772,35293,52688,52498,52194,304,190,51,139,2292,2284,8,10033,10008,25,6466,6458,8
"2021","Canterbury","E07000106",132774,54641,55088,54750,54343,407,338,99,239,2559,2533,26,11876,11844,32,8610,8595,15
"2021","Dartford","E07000107",90694,33917,42256,42129,41939,190,127,53,74,2171,2161,10,7740,7729,11,4610,4607,3
"2021","Dover","E07000108",96132,31817,44204,43900,43531,369,304,89,215,2381,2365,16,10614,10599,15,7116,7098,18
"2021","Gravesham","E07000109",84555,30299,39559,39412,39234,178,147,68,79,2133,2116,17,7235,7221,14,5329,5325,4
"2021","Maidstone","E07000110",142137,47830,69242,68969,68619,350,273,104,169,3188,3167,21,13290,13247,43,8587,8577,10
"2021","Sevenoaks","E07000111",96603,29196,50470,50273,50066,207,197,66,131,1981,1971,10,8429,8418,11,6527,6524,3
"2021","Folkestone and Hythe","E07000112",91555,30297,41728,41507,41239,268,221,64,157,2180,2166,14,10345,10330,15,7005,6980,25
"2021","Swale","E07000113",122000,44166,54716,54477,54132,345,239,78,161,3153,3129,24,12206,12172,34,7759,7749,10
"2021","Thanet","E07000114",115416,41187,48578,48234,47862,372,344,102,242,3284,3260,24,13753,13711,42,8614,8595,19
"2021","Tonbridge and Malling","E07000115",105526,33357,53279,53148,52910,238,131,46,85,2274,2261,13,10047,10031,16,6569,6563,6
"2021","Tunbridge Wells","E07000116",92402,29658,46343,46161,45951,210,182,64,118,1934,1927,7,8736,8719,17,5731,5725,6
"2021","Cherwell","E07000177",130591,45003,63511,63260,62814,446,251,82,169,2739,2714,25,12171,12143,28,7167,7160,7
"2021","Oxford","E07000178",136719,75813,45379,45035,44621,414,344,152,192,2027,2007,20,8440,8411,29,5060,5047,13
"2021","South Oxfordshire","E07000179",121490,38032,63359,63096,62827,269,263,90,173,2240,2224,16,10558,10530,28,7301,7293,8
"2021","Vale of White Horse","E07000180",112427,36001,58353,58162,57854,308,191,52,139,2140,2126,14,9292,9274,18,6641,6640,1
"2021","West Oxfordshire","E07000181",93809,29234,47823,47610,47373,237,213,64,149,1944,1937,7,8835,8804,31,5973,5966,7
"2021","Elmbridge","E07000207",108773,32554,58522,58298,58044,254,224,92,132,2054,2046,8,9215,9198,17,6428,6414,14
"2021","Epsom and Ewell","E07000208",64604,21118,33895,33794,33665,129,101,33,68,1058,1051,7,4823,4816,7,3710,3706,4
"2021","Guildford","E07000209",119354,46900,55450,55211,54941,270,239,81,158,2024,2016,8,8894,8874,20,6086,6074,12
"2021","Mole Valley","E07000210",72339,21403,38003,37888,37718,170,115,52,63,1458,1452,6,6420,6408,12,5055,5048,7
"2021","Reigate and Banstead","E07000211",120129,39746,60734,60485,60205,280,249,88,161,2329,2320,9,10185,10162,23,7135,7123,12
"2021","Runnymede","E07000212",72713,28900,32209,32097,31909,188,112,46,66,1362,1349,13,6214,6201,13,4028,4024,4
"2021","Spelthorne","E07000213",83362,28519,40427,40252,40019,233,175,58,117,1797,1787,10,7463,7438,25,5156,5153,3
"2021","Surrey Heath","E07000214",73783,22223,39208,39113,38938,175,95,22,73,1399,1396,3,6364,6356,8,4589,4583,6
"2021","Tandridge","E07000215",70825,22612,35741,35622,35472,150,119,30,89,1473,1468,5,6445,6434,11,4554,4550,4
"2021","Waverley","E07000216",103635,30988,55020,54823,54644,179,197,82,115,1986,1980,6,8714,8691,23,6927,6918,9
"2021","Woking","E07000217",82981,27379,42651,42506,42273,233,145,51,94,1658,1643,15,6762,6749,13,4531,4530,1
"2021","Adur","E07000223",52950,17748,24130,23967,23697,270,163,36,127,1206,1195,11,5825,5795,30,4041,4031,10
"2021","Arun","E07000224",139555,42766,66226,65871,65419,452,355,124,231,3105,3088,17,15743,15716,27,11715,11688,27
"2021","Chichester","E07000225",104713,32271,51512,51233,50896,337,279,112,167,2213,2195,18,10601,10572,29,8116,8092,24
"2021","Crawley","E07000226",93565,35889,41948,41805,41582,223,143,66,77,2248,2228,20,8758,8742,16,4722,4719,3
"2021","Horsham","E07000227",120665,35726,63348,63067,62724,343,281,92,189,2334,2316,18,11323,11286,37,7934,7927,7
"2021","Mid Sussex","E07000228",123315,37734,63948,63670,63280,390,278,79,199,2459,2445,14,11395,11358,37,7779,7769,10
"2021","Worthing","E07000229",92354,32161,40652,40400,39971,429,252,41,211,2200,2182,18,10677,10629,48,6664,6644,20
"2021","Bath and North East Somerset","E06000022",161616,66741,70166,69833,69386,447,333,109,224,2707,2695,12,12911,12885,26,9091,9079,12
"2021","Bristol, City of","E06000023",389708,205669,131892,130838,129665,1173,1054,442,612,7155,7091,64,28649,28526,123,16343,16304,39
"2021","North Somerset","E06000024",178566,54705,88263,87904,87436,468,359,126,233,3907,3895,12,18808,18767,41,12883,12867,16
"2021","South Gloucestershire","E06000025",237366,85114,113593,113224,112662,562,369,138,231,4362,4343,19,20521,20478,43,13776,13766,10
"2021","Plymouth","E06000026",218627,87840,88282,87878,87275,603,404,140,264,5632,5527,105,23523,23443,80,13350,13329,21
"2021","Torbay","E06000027",117031,38409,51715,51387,50931,456,328,58,270,2824,2803,21,14733,14703,30,9350,9338,12
"2021","Swindon","E06000030",187151,63750,90900,90472,90021,451,428,204,224,4332,4304,28,18056,18005,51,10113,10096,17
"2021","Cornwall","E06000052",477425,153721,224983,223771,222489,1282,1212,394,818,10071,10011,60,53553,53413,140,35097,35051,46
"2021","Isles of Scilly","E06000053",1730,473,927,927,926,1,0,0,0,34,34,0,158,158,0,138,138,0
"2021","Wiltshire","E06000054",419113,126796,214191,213382,212374,1008,809,277,532,9343,9295,48,41793,41710,83,26990,26952,38
"2021","Bournemouth, Christchurch and Poole","E06000058",334910,125449,144583,143658,142394,1264,925,202,723,6954,6881,73,35870,35748,122,22054,21990,64
"2021","Dorset","E06000059",321902,88059,166195,165425,164663,762,770,250,520,6760,6705,55,34609,34536,73,26279,26236,43
"2021","East Devon","E07000040",127391,35235,65975,65662,65367,295,313,112,201,2590,2568,22,13219,13197,22,10372,10357,15
"2021","Exeter","E07000041",111333,54224,39776,39560,39287,273,216,86,130,2049,2029,20,9770,9738,32,5514,5505,9
"2021","Mid Devon","E07000042",68205,20480,34605,34449,34249,200,156,42,114,1579,1569,10,6823,6805,18,4718,4713,5
"2021","North Devon","E07000043",82192,25062,40364,40216,40008,208,148,48,100,1858,1850,8,8708,8692,16,6200,6187,13
"2021","South Hams","E07000044",74969,20612,39279,39049,38839,210,230,80,150,1469,1457,12,8138,8110,28,5471,5462,9
"2021","Teignbridge","E07000045",113462,33413,55733,55442,55149,293,291,80,211,2519,2503,16,13148,13109,39,8649,8639,10
"2021","Torridge","E07000046",57560,16317,29096,28952,28787,165,144,47,97,1313,1296,17,6291,6275,16,4543,4540,3
"2021","West Devon","E07000047",48364,13211,25370,25248,25139,109,122,50,72,1032,1030,2,5069,5061,8,3682,3677,5
"2021","Cheltenham","E07000078",98436,38890,42165,41965,41743,222,200,66,134,1826,1811,15,9428,9408,20,6127,6115,12
"2021","Cotswold","E07000079",76315,21266,40617,40439,40208,231,178,41,137,1528,1520,8,7469,7452,17,5435,5422,13
"2021","Forest of Dean","E07000080",73045,22924,36262,36108,35920,188,154,48,106,1452,1446,6,7221,7210,11,5186,5182,4
"2021","Gloucester","E07000081",106941,41646,46407,46237,45990,247,170,54,116,2364,2348,16,10608,10575,33,5916,5912,4
"2021","Stroud","E07000082",100195,30922,50374,50169,49899,270,205,58,147,2054,2041,13,10142,10116,26,6703,6694,9
"2021","Tewkesbury","E07000083",77353,23340,39696,39570,39399,171,126,38,88,1455,1450,5,7706,7688,18,5156,5153,3
"2021","Mendip","E07000187",96051,30710,46416,46179,45921,258,237,64,173,2160,2144,16,10332,10314,18,6433,6424,9
"2021","Sedgemoor","E07000188",103780,32607,50359,50118,49897,221,241,92,149,2522,2503,19,10867,10846,21,7425,7417,8
"2021","South Somerset","E07000189",143814,43222,71620,71362,71065,297,258,76,182,3154,3136,18,15458,15433,25,10360,10348,12
"2021","Somerset West and Taunton","E07000246",131295,40608,63439,63152,62788,364,287,110,177,2955,2938,17,14499,14468,31,9794,9780,14
"2021","Isle of Anglesey","W06000001",57147,18849,26596,26478,26394,84,118,38,80,1066,1062,4,5957,5947,10,4679,4672,7
"2021","Gwynedd","W06000002",97969,39248,40654,40409,40209,200,245,94,151,1712,1706,6,9040,9033,7,7315,7303,12
"2021","Conwy","W06000003",96366,31279,43990,43791,43520,271,199,56,143,2061,2052,9,10732,10712,20,8304,8287,17
"2021","Denbighshire","W06000004",78908,27100,35141,34968,34794,174,173,56,117,1801,1791,10,8631,8617,14,6235,6228,7
"2021","Flintshire","W06000005",127577,42831,60023,59844,59536,308,179,68,111,2667,2645,22,13095,13071,24,8961,8957,4
"2021","Wrexham","W06000006",110273,40685,48347,48153,47902,251,194,74,120,2239,2226,13,11418,11394,24,7584,7580,4
"2021","Ceredigion","W06000008",61389,23766,26468,26292,26133,159,176,60,116,1029,1016,13,5681,5670,11,4445,4438,7
"2021","Pembrokeshire","W06000009",102551,32566,48487,48264,48044,220,223,74,149,2210,2194,16,10912,10888,24,8376,8369,7
"2021","Carmarthenshire","W06000010",155488,50384,73529,73191,72771,420,338,122,216,3157,3133,24,16309,16288,21,12109,12096,13
"2021","Swansea","W06000011",197856,79035,81426,81115,80592,523,311,116,195,4280,4251,29,19206,19157,49,13909,13895,14
"2021","Neath Port Talbot","W06000012",117181,42934,50308,50101,49741,360,207,78,129,2567,2546,21,12603,12573,30,8769,8763,6
"2021","Bridgend","W06000013",119481,41927,54077,53886,53574,312,191,73,118,2485,2472,13,12431,12410,21,8561,8554,7
"2021","Vale of Glamorgan","W06000014",107458,36001,50928,50712,50298,414,216,50,166,2201,2185,16,10839,10809,30,7489,7485,4
"2021","Cardiff","W06000015",296306,143987,109074,108482,107567,915,592,194,398,5475,5413,62,22997,22915,82,14773,14749,24
"2021","Rhondda Cynon Taff","W06000016",193843,75265,82170,81828,81258,570,342,110,232,3986,3949,37,18815,18771,44,13607,13597,10
"2021","Caerphilly","W06000018",143482,52592,63417,63175,62805,370,242,92,150,2907,2883,24,14419,14388,31,10147,10139,8
"2021","Blaenau Gwent","W06000019",55142,21324,22593,22492,22367,125,101,30,71,1285,1269,16,5738,5724,14,4202,4197,5
"2021","Torfaen","W06000020",75113,26809,33302,33146,32964,182,156,44,112,1590,1576,14,7957,7940,17,5455,5450,5
"2021","Monmouthshire","W06000021",78240,22635,40155,39955,39757,198,200,76,124,1540,1529,11,7952,7941,11,5958,5949,9
"2021","Newport","W06000022",127422,49017,55850,55621,55239,382,229,78,151,2798,2784,14,11965,11937,28,7792,7784,8
"2021","Powys","W06000023",112536,34692,54987,54685,54467,218,302,88,214,2348,2335,13,11478,11462,16,9031,9015,16
"2021","Merthyr Tydfil","W06000024",47679,18730,19933,19826,19722,104,107,58,49,1061,1056,5,4533,4515,18,3422,3418,4
